1
341.5772,224.2304,232.9533,154.9047
340.7647,225.1262,234.5782,153.1132
340.2838,225.6913,235.54,151.9829
339.6204,226.3591,236.8668,150.6473
339.0244,223.6019,238.0589,150.1894
338.5165,223.8253,239.0746,149.7425
338.2803,220.9247,239.547,149.5537
334.7405,221.2103,240.6327,148.9827
334.7286,217.9704,240.6566,149.462
334.7527,217.9508,240.6084,149.5012
334.8575,217.8285,240.3988,149.7458
334.9322,214.8145,240.2494,149.764
334.8878,214.8486,240.3382,149.6959
334.9689,214.9372,240.1759,149.5185
334.5213,214.8156,241.0712,149.7619
334.1813,211.8377,241.7513,149.6975
334.0443,212.2188,242.0252,148.9353
334.1039,209.2696,241.906,148.8134
333.8869,209.3934,242.3398,148.5658
333.8056,209.3295,242.5026,148.6936
333.8157,209.4326,242.4822,148.4874
333.6382,209.4087,242.8373,148.5352
333.5971,209.3192,242.9197,148.7141
333.9274,209.3955,242.2589,148.5617
333.5979,212.6626,242.918,148.0449
336.4875,215.9093,243.1573,147.5701
336.919,228.0619,242.2944,147.3215
337.4534,228.1413,241.2256,147.1626
338.0721,228.1293,239.9882,147.1865
338.1691,230.8585,239.7941,147.6887
338.3041,230.5717,239.5242,148.2623
335.466,230.6479,239.2287,148.1099
338.1909,231.0336,239.7436,147.3385
338.2593,230.815,239.6068,147.7756
314.8419,230.8279,238.7231,147.7499
308.974,230.5489,238.5565,148.3079
323.551,230.3963,239.1932,148.613
329.3579,230.5478,239.525,148.31
329.4603,230.3844,239.3203,148.637
326.7568,230.017,238.7521,149.3716
326.5925,230.0127,239.0807,149.3804
323.6649,229.9888,238.952,149.4281
323.6637,230.0299,238.9544,149.3459
323.6217,230.0037,239.0383,149.3982
323.7717,230.033,238.7383,149.3397
323.7892,227.0342,238.7033,149.3592
323.8321,226.9479,238.6176,149.5317
314.6956,227.1257,238.9516,149.176
311.5548,227.2161,239.2546,148.9953
308.8125,227.3024,238.759,148.8226
305.7964,227.1144,238.8214,149.1988
299.803,224.0652,238.8541,149.32
297.0948,223.9296,238.2909,149.5912
294.3185,223.8029,237.8676,149.8446
291.3323,223.9435,237.8664,149.5634
285.5933,223.8408,237.4064,149.7689
282.6061,223.8597,237.4151,149.731
279.2643,223.8454,238.1338,149.7597
273.2601,224.0873,238.1895,149.2758
269.9253,221.1702,238.8902,149.1411
266.7825,218.0669,239.1986,149.3706
263.7062,218.2697,239.3658,148.965
260.38,215.2675,240.0369,148.988
260.4844,215.4762,239.8281,148.5706
260.3139,215.302,240.1691,148.9191
260.193,212.2308,240.4108,149.0691
262.6013,212.6702,241.5927,148.1903
268.3949,212.9803,242.0082,147.5701
268.7151,209.8736,241.3678,147.7864
268.8351,209.8028,241.128,147.9281
268.9777,209.7114,240.8426,148.1107
269.1776,209.5928,240.443,148.348
269.3904,209.6734,240.0173,148.1868
269.4449,209.7189,239.9084,148.0958
266.6254,209.6227,239.5726,148.2882
266.839,206.3443,239.1454,148.8721
264.1751,206.4072,238.4968,148.7464
261.6564,206.5929,237.5696,148.3748
259.0915,203.4663,236.7548,148.6834
259.6515,197.6299,235.6349,148.4811
260.0364,194.4003,234.865,149.0228
260.2761,191.3589,234.3856,149.1904
260.6851,188.1653,233.5676,149.6668
260.8193,185.4094,233.2992,149.2722
260.9938,182.8229,232.9503,148.5492
261.6606,179.8548,231.6165,148.6068
261.8576,179.823,231.2226,148.6703
268.615,176.6389,229.4174,149.1838
275.3999,173.1473,227.5205,150.3304
275.7666,173.4297,226.7872,149.7657
273.2204,173.1917,226.0729,150.2417
274.164,173.2081,224.1856,150.2089
275.1087,173.0486,222.2961,150.5279
275.7726,173.0181,220.9684,150.5888
276.4182,173.0679,219.6772,150.4893
277.1877,172.7252,218.1382,151.1747
280.1229,175.6538,217.9681,151.0179
283.4768,184.0188,216.9555,151.3734
287.3065,197.8934,214.982,152.0534
287.8945,205.9721,213.806,152.8981
288.343,211.2587,212.909,153.6521
291.3595,222.2305,212.5385,154.3582
294.5382,230.5907,211.8496,154.6432
294.1803,233.5686,212.5652,154.3503
297.1892,242.0453,212.2163,154.4031
302.4426,250.6089,213.0381,154.2688
302.3264,253.9214,213.2706,153.3184
302.3372,256.8065,213.249,153.2108
304.642,260.0578,214.2997,152.3683
309.3627,263.5887,216.1827,150.9687
311.669,266.4272,217.2378,150.9593
313.745,272.5091,218.7689,150.1619
313.1477,275.6277,219.9635,149.6177
315.2955,278.1151,221.3699,150.345
323.2907,281.2653,222.5849,149.7797
328.1691,284.1632,224.3161,149.728
327.6446,287.1523,225.3652,149.519
329.8614,287.09,226.7129,149.6435
328.9606,290.2767,228.5146,149.0738
328.4513,290.3733,229.5332,148.8805
327.8785,290.4131,230.6788,148.8009
327.2872,290.3537,231.8615,148.9198
328.9245,290.7908,234.4554,148.0455
327.7043,290.8295,236.8958,147.9682
327.035,290.7935,238.2342,148.04
326.54,290.3915,239.2243,148.8442
325.9039,290.32,240.4964,148.9871
325.0769,290.341,242.1504,148.945
321.6532,287.2972,242.9756,149.0103
321.8761,283.9219,242.5298,149.7252
321.1038,283.8024,244.0744,149.9642
320.9896,283.5736,244.3027,150.4217
321.1528,283.5404,243.9763,150.4882
321.1955,283.2102,243.8909,151.1487
321.3008,285.9153,243.6804,151.8238
321.237,285.8901,243.808,151.8743
321.6268,285.8817,243.0284,151.891
322.077,286.4072,242.128,150.84
322.0725,286.5533,242.137,150.5479
321.7949,286.7199,242.6922,150.2145
321.5322,287.0005,243.2176,149.6535
322.2273,286.4871,241.8274,150.6803
322.6915,286.5696,240.899,150.5153
322.797,286.7531,240.688,150.1482
321.7564,286.7712,242.7691,150.112
324.514,286.5508,243.3051,150.5528
324.586,283.3304,243.1612,150.9269
327.984,279.9909,242.4361,151.5351
333.9267,276.9123,242.6912,151.622
339.9819,279.8873,242.7317,151.7475
340.7429,300.4914,241.2098,153.0872
344.381,300.3011,240.0117,153.4676
344.3386,302.8812,240.0964,154.3741
345.0374,308.9284,238.6989,154.4458
345.3002,308.19,238.1733,155.9225
345.3826,307.5963,238.0085,157.1099
345.6769,306.9111,237.42,158.4803
342.893,307.0005,236.8761,158.3016
345.3308,309.7521,238.101,158.8989
364.1152,309.9556,237.3051,158.4918
361.2747,310.4472,236.8758,157.5087
358.2795,311.109,236.7791,156.185
355.411,311.3963,236.4523,155.6104
336.5287,312.3092,237.9217,153.7846
333.7886,312.4207,237.3613,153.5616
333.6662,310.2884,237.6059,151.7977
348.8275,308.5394,237.2966,149.2931
351.3316,308.9865,238.2443,148.3988
342.5499,304.0228,237.9426,146.4163
330.5131,292.2726,238.3478,146.2482
325.1706,279.4958,237.1922,148.1207
322.7095,275.6238,236.1798,149.93
320.8514,268.4753,233.946,152.3271
315.5917,267.8308,232.5518,153.6161
315.9215,268.0738,231.8922,153.1299
313.3537,268.2993,231.0883,152.679
313.4511,264.5182,230.8935,154.3214
329.1851,241.2584,229.1475,153.286
328.9238,217.3273,229.6701,153.9406
331.8072,194.4602,229.8229,152.3175
338.1549,174.5612,228.9173,150.8513
347.5174,154.4043,227.7628,150.1672
350.6186,131.2656,227.3885,149.8197
348.4388,130.8843,225.9315,150.5824
348.9866,135.2247,224.8357,153.5167
361.3458,135.1574,223.4774,153.6513
382.3747,122.6023,222.1724,155.4743
379.7002,107.5329,221.689,156.4511
356.4476,89.5255,221.4639,157.418
350.8993,83.9711,220.8527,156.8191
351.1533,60.4021,220.3447,157.2791
354.6144,40.8476,219.2573,161.38
357.9294,36.1096,218.5131,164.9701
358.3617,32.5885,217.6484,166.0788
346.3867,51.6211,217.8445,163.6446
343.8003,64.0678,217.1156,162.3577
346.5694,65.6402,217.4468,159.2128
346.7889,66.8381,217.0079,156.817
347.3016,61.4309,215.9825,156.0783
347.7386,62.1606,215.1084,154.6187
350.6818,65.5632,214.9337,153.5252
354.1337,77.5586,213.7208,152.2981
357.2728,86.5984,213.095,151.1757
366.0438,106.8574,212.4261,150.0283
366.7388,129.2979,211.0362,149.9094
375.4196,149.3248,210.3916,148.8621
378.8798,171.2217,209.0163,149.4306
374.2354,187.8659,207.2374,149.3458
380.0829,207.2791,206.5536,149.0589
397.5136,207.2901,204.6357,149.0369
398.1348,204.3859,203.3934,149.3841
379.5644,204.1035,202.3973,149.949
358.4735,204.0049,201.0407,150.1462
359.0054,207.3898,199.9769,148.8013
370.5198,207.7364,198.495,148.1082
370.7714,207.4725,197.9918,148.6359
366.2542,209.9684,196.3183,148.998
355.7924,220.3835,195.9044,149.5055
351.1218,222.4626,194.5726,150.6836
346.5273,229.8814,193.0908,151.8524
339.1454,241.8874,191.8589,154.4999
337.1336,244.2064,190.5263,155.2182
337.3439,249.4635,190.1057,155.3988
340.2164,251.9518,189.7046,155.7661
345.9465,257.2712,188.9319,155.8147
351.3821,259.6113,188.7259,156.4672
354.5925,256.0075,187.6453,158.3348
357.8093,252.3676,186.5653,160.261
360.9568,252.0584,185.6383,160.8793
363.8819,249.3295,185.1519,160.9733
361.9714,257.2531,183.6151,161.1994
367.8786,262.1856,182.476,162.0096
368.4864,264.7812,181.2604,162.1515
371.4724,264.8689,180.6048,161.9762
372.3681,267.3506,178.8134,162.3161
362.1342,274.731,178.1566,163.3989
359.7352,277.0497,177.6664,164.0498
360.809,284.826,175.5188,164.3702
363.4638,297.8943,175.4719,164.5471
364.0029,295.6872,174.3936,163.6965
364.2896,301.1285,173.8203,163.2826
364.7998,304.0408,172.7999,162.6769
362.6828,307.1632,171.8404,161.6255
363.795,309.2159,169.6161,162.682
367.132,311.6238,168.0859,163.01
370.3771,310.9688,166.7207,164.3197
373.593,310.9358,165.4133,164.3859
376.8525,310.4093,163.9994,165.4389
377.3899,308.3766,162.9244,164.4048
377.6954,308.5046,162.3134,164.1488
381.1423,311.3348,160.4721,163.5409
381.8202,314.0355,159.1164,163.1536
382.4343,314.8399,157.8883,161.5447
380.4315,310.5649,156.952,160.2111
375.9027,306.042,156.1974,159.4447
363.9714,304.3932,155.6495,157.8603
367.0737,295.346,154.2934,156.5603
374.7976,279.1484,153.2656,155.3086
375.3375,274.9861,152.1859,154.0917
363.9559,270.5817,151.2759,153.4312
361.7809,261.791,150.9159,152.1729
364.676,250.9973,149.8101,150.3382
365.0433,242.7531,149.0756,148.2744
367.8225,239.3264,148.111,145.9398
368.5043,228.7916,146.7474,144.3
369.0195,229.3661,145.7172,143.1511
369.5881,223.4304,144.5799,141.6417
370.1712,208.8501,143.4137,139.8726
370.5528,209.7182,142.6505,138.1365
370.9104,208.0739,141.9354,137.0923
375.5142,206.4075,141.3376,136.1202
377.8591,207.4442,140.9281,134.0467
378.1871,206.9164,140.2721,130.8614
378.547,206.1643,139.5524,128.1857
380.9879,206.8965,138.7966,126.7211
381.2914,207.81,138.1896,124.8943
379.4641,206.639,137.792,123.1839
379.704,207.1983,137.3121,122.0654
378.0661,207.6881,136.5947,121.0858
374.3637,208.7398,136.0665,118.9824
372.4403,207.5071,135.9887,117.5233
364.8646,207.818,135.5405,116.9015
359.2905,206.4467,135.0401,115.7612
353.5184,206.986,135.0139,114.6826
350.1332,207.364,134.1062,113.9264
348.7487,208.0221,133.0624,112.6104
339.5767,208.4663,132.5288,111.7218
339.9309,208.6471,131.8203,111.3604
338.2277,209.2359,131.4906,110.1826
325.5795,209.1786,130.802,110.2973
326.1797,209.2896,129.6018,110.0753
322.8694,209.509,128.8596,109.6364
323.3552,209.8315,127.8881,108.9914
321.8668,210.1458,127.2275,108.3629
314.8644,210.2331,126.7635,108.1883
311.8108,210.3823,125.6564,107.8898
304.854,212.1865,125.2284,107.8669
305.5478,213.991,123.8408,107.8362
307.8903,215.5016,122.7123,108.3715
313.4513,217.4424,122.2334,108.0377
320.8241,219.0726,121.6278,108.3122
325.0143,221.0383,120.3072,107.9107
332.4872,221.1455,119.3739,107.6964
333.0056,221.4185,118.3371,107.1503
328.1043,219.7935,117.7585,106.9399
323.3411,219.4255,116.9407,107.676
320.4359,220.6379,115.8567,108.6984
315.5442,220.3062,115.3001,109.3618
312.4004,216.4811,114.6905,110.1149
305.7769,217.9106,114.1335,110.7068
306.0456,212.8286,113.596,110.5156
304.8131,213.6077,112.6207,112.3977
306.8618,209.829,111.9782,113.0453
312.3126,210.9995,111.4415,114.1594
314.4331,207.5008,110.6648,114.2285
314.6499,207.0703,110.2311,115.0895
316.661,205.0732,109.6687,115.6241
318.8719,202.8222,108.7062,116.6668
329.3695,196.8039,108.4734,118.3222
333.2641,196.4548,107.6494,119.0204
340.453,195.7735,107.1934,120.3829
342.6941,195.7673,106.2057,120.3952
346.5262,195.4408,105.4993,121.0484
358.9364,194.9202,105.0233,122.0896
366.0405,194.5028,104.7606,122.9243
368.4467,192.5702,103.4432,123.2945
373.922,190.3652,102.9317,124.2248
374.3469,188.5606,102.0819,124.3481
374.5644,188.0262,101.6469,125.4168
374.8449,187.5066,101.0859,126.4561
369.7381,185.5652,100.828,126.8483
368.1254,182.1752,100.561,126.6436
366.8772,181.8086,99.5724,127.3769
365.2956,181.8296,99.2555,127.3348
366.1557,179.318,97.5355,128.8837
366.1765,176.1715,97.4937,128.2364
366.5376,174.0426,96.7716,129.0345
365.0751,174.029,96.2366,129.0618
365.6254,171.5775,95.1359,130.5131
364.0985,173.4894,94.7339,130.1451
362.377,174.0464,94.7332,129.0311
362.7051,174.2815,94.0771,128.5609
361.2462,176.3687,93.586,127.7953
359.8383,176.8175,93.0127,126.8977
358.2611,177.3418,92.801,125.8491
358.479,179.3789,92.3652,125.1215
355.3533,181.7233,91.9598,123.7612
354.1138,183.703,91.1377,123.1029
354.4112,185.9018,90.5428,121.9829
350.1701,187.8209,89.2725,121.3956
350.4089,191.5319,88.7949,120.4159
347.356,192.0457,88.5038,119.3883
346.0558,197.2906,87.9263,118.4325
344.8103,197.808,87.2633,117.3977
342.0557,198.3404,86.5175,116.3329
342.3738,200.4404,85.8813,115.2318
339.7738,201.2472,84.9378,113.6184
335.5669,209.6788,84.256,111.9142
336.2411,208.6093,82.9078,111.0586
332.0691,215.4153,82.3728,109.2851
332.973,215.4552,80.5648,109.2054
331.9564,217.5811,79.7051,107.8468
332.2605,221.3261,79.0968,106.0735
329.9834,223.0555,78.008,105.4361
328.902,223.8805,77.377,103.7861
329.6028,227.0706,75.9753,102.923
327.2461,229.0388,75.2438,101.709
327.7583,230.0263,74.2194,99.734
326.6637,232.6586,73.7634,97.1145
328.6607,235.7218,72.3671,96.1835
326.6713,237.5532,71.2244,95.0816
324.3861,242.3293,70.7442,93.1054
323.5736,249.0373,69.8819,92.1257
322.3686,253.5734,69.8336,90.4286
322.9662,256.5851,68.6384,89.2681
319.4422,260.382,68.5034,86.463
321.0531,267.1225,67.6307,84.7274
321.5761,270.972,66.5847,83.9531
322.1326,275.5016,65.4716,84.012
322.3594,277.3305,65.0181,82.6163
324.0206,280.7257,63.9292,82.5268
322.9962,282.6896,63.7633,80.8137
317.8056,291.0701,63.2166,81.5377
321.0754,291.5089,63.2407,80.6601
322.1362,293.4847,63.2939,78.8833
317.6343,298.14,63.7044,78.1659
312.2246,301.135,63.8046,76.4636
303.7539,303.7265,63.7929,75.5189
296.328,309.6998,63.9146,76.198
294.4108,311.3836,63.5155,77.0639
286.6307,314.2424,64.2093,77.7176
279.1868,314.9546,64.0819,78.4383
276.1957,317.0233,63.6016,78.6092
273.7467,320.4895,64.2015,78.1238
271.7051,320.7383,63.9823,77.6262
269.2249,322.313,64.6628,76.6169
268.2227,324.5661,64.5321,76.3811
267.2825,328.2085,64.2828,75.4849
264.2527,329.7078,64.0076,74.5979
261.9316,332.1919,64.463,73.8165
263.0703,333.4011,64.2742,73.4867
265.4405,334.5607,63.6945,73.2477
265.8143,335.8178,62.9469,72.801
264.7461,337.2336,63.0347,72.0179
268.0417,339.6055,62.5568,71.3497
273.5757,341.8634,61.5875,70.8733
273.6827,343.1562,61.3734,70.2847
273.9068,344.3677,60.9253,69.8459
272.9442,347.7693,60.8801,68.9538
275.2865,347.7875,60.1071,68.9173
277.7201,349.8747,59.1255,68.6286
281.1644,349.7587,58.005,68.8606
279.138,351.1345,58.2408,68.0173
279.4967,352.1951,57.5234,67.7953
280.85,353.2784,56.701,67.5129
285.9664,353.4329,55.8016,67.2038
283.5789,354.5252,55.0341,66.8666
283.7344,355.8244,54.7232,66.0982
283.8381,356.1034,54.5158,65.5402
282.9751,356.3785,54.4407,64.99
286.7345,357.6506,54.0873,64.2372
285.9102,356.9497,53.9618,63.865
289.6292,358.1675,53.5888,63.1956
290.652,358.5667,53.2929,62.3972
295.8467,359.1564,53.3001,61.2178
302.2213,359.4588,52.5522,60.6129
303.9128,360.8635,52.5555,59.4968
304.8184,362.175,52.4199,58.5495
309.2692,362.5348,51.8124,57.83
313.6777,363.7554,51.1852,57.0266
311.7298,365.1639,51.8502,55.8251
310.5836,365.3706,50.9283,55.4116
308.0692,365.7037,51.1991,54.7455
308.2655,363.2609,50.8065,54.8916
307.2518,359.7295,51.258,54.0749
305.3559,356.0082,51.9094,53.6666
304.2122,356.0882,52.623,53.5066
301.575,351.521,53.1495,53.1456
299.746,347.8612,53.6375,52.5397
295.8869,347.4738,55.0234,51.7315
299.4974,340.852,54.169,52.2419
297.5894,336.2777,54.8119,51.8711
292.0202,332.4874,54.8161,51.4986
289.4656,330.2434,53.5863,51.2323
286.6993,328.844,52.8734,50.9085
292.8532,324.1841,51.3817,50.9574
295.8248,324.0189,50.0066,51.2878
291.5316,321.9877,49.554,50.8308
294.2097,321.1863,48.6744,50.9414
296.1668,317.5117,47.7204,50.8902
299.5732,316.933,46.7647,50.5832
298.6893,314.0787,45.6437,50.514
294.663,312.3884,45.1425,49.6178
290.1117,308.3229,44.4194,49.3267
289.6251,309.254,44.005,48.8523
290.371,308.92,43.8867,48.1466
288.6498,307.4286,44.6078,47.0472
288.9984,306.9996,45.2654,46.5505
287.6109,303.9409,45.3261,45.882
289.9701,303.3225,44.6501,45.7713
292.9497,301.4729,44.0319,45.4647
294.6618,299.6876,43.2489,45.0733
298.2807,299.6685,42.5223,45.1115
295.848,299.116,42.2219,44.9251
295.0837,299.4237,42.4668,44.3097
296.9033,299.0575,42.6613,43.7643
299.3007,295.8255,41.6832,43.8668
302.1746,295.2633,40.9698,43.7325
301.0303,295.4136,40.768,43.4321
296.0088,292.6564,40.912,42.7596
293.4521,292.8487,41.1094,42.375
288.7055,291.969,40.795,41.6826
285.402,289.7936,40.1415,41.1931
286.4691,289.3782,39.1993,40.8317
286.9316,285.9871,38.2744,40.5842
287.7735,283.8702,37.7438,40.2051
287.5038,284.0396,37.1443,39.8665
288.8902,280.9017,36.6199,39.3973
289.0378,279.956,36.3246,39.0717
289.8271,278.4492,35.8447,38.7892
292.1632,276.3811,35.5194,38.5786
292.3426,274.8164,35.1605,38.473
294.1059,273.9644,34.8469,38.035
296.3919,270.9396,34.5114,37.7298
300.1552,268.4404,34.3281,37.4831
302.9061,267.9783,34.0378,37.365
306.6922,265.5568,33.7164,37.0288
310.826,265.6785,33.6527,36.7855
313.9974,263.7318,33.4337,36.5963
318.615,262.2376,33.3265,36.5421
319.8328,259.2538,32.9143,36.4395
324.5033,259.3076,32.6054,36.3319
327.5374,256.9227,32.5195,36.1167
330.6191,257.1009,32.3096,35.7603
334.6431,257.2128,32.1285,35.5364
338.2772,257.2373,31.6991,35.4875
343.2879,257.7693,31.3721,35.3928
347.1463,258.2721,31.3577,35.35
350.6839,261.2229,31.0158,35.2198
355.1552,261.3305,30.6635,35.0046
360.05,262.8221,30.3289,34.858
363.4009,264.9023,30.1927,34.4494
364.4347,265.0025,29.9838,34.2489
365.9464,265.5628,29.7292,34.0512
368.8345,266.0846,29.4477,33.9235
369.3726,266.1347,29.2808,33.8231
370.3667,267.0694,29.1027,33.7641
369.9694,267.5776,28.996,33.649
370.047,267.5871,28.8407,33.63
369.6917,268.1025,28.6562,33.4943
369.7869,267.734,28.4658,33.3412
369.8152,267.8808,28.4092,33.0476
369.8843,269.2527,28.2711,32.9414
371.7619,269.3439,28.0172,32.7589
372.3217,272.9175,27.7661,32.5593
374.985,273.8488,27.6075,32.4195
376.8216,275.2514,27.3608,32.1842
378.5968,275.3614,27.2065,31.9643
379.1021,275.5306,27.0391,31.6258
380.4651,274.8271,26.8189,31.3622
381.4006,274.563,26.6029,31.0631
381.859,274.2795,26.5056,30.8105
381.4643,271.9154,26.481,30.6547
381.4921,271.177,26.4254,30.5092
383.6586,271.2471,26.1325,30.369
385.0134,270.0525,25.8262,30.3547
383.1871,269.7216,25.4985,30.2205
384.479,268.5888,25.2811,30.1197
384.5154,268.3082,25.2082,29.8971
387.274,265.7066,25.1449,29.6462
388.5153,265.4099,24.9851,29.4655
388.9011,264.3715,24.9823,29.2359
390.9274,262.1004,24.7558,29.1867
392.1387,262.5688,24.6155,29.0109
394.5294,261.4774,24.3694,28.9259
395.7634,259.6342,24.1535,28.8592
396.9705,259.7022,23.9778,28.7231
397.402,258.694,23.8559,28.5158
397.8693,257.2118,23.6575,28.5358
396.5338,256.9238,23.3955,28.3785
394.7909,256.6447,23.248,28.21
394.4621,256.017,23.1841,28.0222
390.9553,257.5307,23.0204,27.8657
386.1325,257.9602,22.6885,27.7193
383.1156,257.5921,22.3764,27.7505
379.0056,258.3921,22.1886,27.5517
376.296,257.8257,22.0514,27.2953
371.2304,258.9433,21.8569,27.1253
367.5928,257.9608,21.6231,27.0425
365.35,258.3536,21.3655,26.9344
364.0988,258.7568,21.1805,26.7999
363.1827,259.4873,21.0124,26.6725
361.9838,259.3048,20.7616,26.3753
361.4088,260.7412,20.6045,26.1165
361.1933,261.1102,20.3888,26.0256
361.9171,262.3963,20.2254,26.0217
363.8695,262.867,20.1572,25.7198
364.2563,263.1734,20.0172,25.7407
365.543,264.9175,19.9709,25.4113
367.5197,265.6108,19.7728,25.2765
367.6112,266.684,19.5899,24.992
369.8364,267.0645,19.4325,24.8443
372.065,265.8837,19.2346,24.7719
373.609,264.1099,19.1678,24.6942
373.6673,262.058,19.0511,24.5845
375.4576,260.3585,19.0607,24.3934
377.017,251.5003,18.9197,24.2434
377.6908,245.6159,18.754,24.1931
380.6064,242.9403,18.7981,23.6689
383.3068,240.077,18.6179,23.5947
386.8323,242.5514,18.4795,23.2543
390.6497,237.9762,18.2357,23.3083
394.7243,236.202,18.0036,23.4636
397.5902,233.4088,17.9139,23.4078
401.6203,231.478,17.7207,23.3358
406.0938,231.2812,17.697,23.1717
410.2065,229.856,17.7935,22.6934
414.0839,229.0475,17.7229,22.664
417.0678,228.0502,17.7755,22.4692
420.8354,227.0513,17.8715,22.2867
423.8028,227.0828,17.918,22.2236
426.4946,226.0623,17.9695,22.0907
428.0856,228.0222,18.0411,21.9666
428.5544,227.0526,18.1863,21.74
428.7716,227.4448,18.292,21.4958
428.9928,227.2202,18.3876,21.407
427.0833,227.2919,18.4401,21.2636
427.343,225.4125,18.4574,21.2661
427.8857,225.6589,18.4459,21.3103
427.6726,224.6206,18.3345,21.2371
426.3232,225.444,18.3606,21.194
426.8643,223.5177,18.347,21.3067
426.6974,221.9495,18.1449,21.7638
426.979,221.3979,18.1215,21.7873
427.7903,221.108,18.1188,21.8272
429.1217,221.1544,18.1583,21.7344
430.7436,220.4134,18.152,21.5975
432.3846,217.3894,18.0942,21.7345
434.0604,215.1332,17.9744,21.938
436.2099,216.0719,17.9949,21.6803
439.4063,213.4412,18.0364,21.5798
441.3719,211.6205,17.852,21.4743
444.0845,207.8076,17.7339,21.6704
448.3886,206.0032,17.6363,21.5557
450.5581,204.2436,17.526,21.3749
453.6889,202.5038,17.5524,21.1865
457.363,200.1868,17.5046,21.1273
461.2742,193.2794,17.4787,20.9084
464.6824,191.5366,17.3692,20.7827
451.86,186.5145,17.4035,20.5828
444.0546,182.8671,17.217,20.7433
445.8673,180.4072,17.1559,20.5711
447.6492,178.2296,17.1308,20.3768
445.6893,177.2316,17.0341,20.3645
441.9645,176.9833,16.9787,20.3607
435.2586,176.7139,16.9063,20.4002
427.0784,173.4614,16.8033,20.4196
421.3909,172.4952,16.734,20.3616
416.1718,173.3665,16.7652,20.1057
416.6519,170.2033,16.7889,20.0356
410.361,168.0747,16.597,20.3624
400.6309,167.8042,16.8135,19.9166
392.5785,166.0229,16.7548,20.0507
384.9532,168.343,16.7845,19.8293
377.1725,166.4202,16.7309,19.7713
378.0077,164.8643,16.5191,19.9658
387.8657,165.2257,16.2412,20.215
392.9986,163.2938,16.1707,20.1949
401.9814,162.6055,16.1155,20.1193
416.7382,164.0887,16.4863,20.0448
421.5604,164.7081,16.5755,19.7794
409.6758,163.6052,16.6335,19.5657
2
0
0
0
0
1
371.3116,159.5266,18.6766,22.0472
380.1774,157.507,18.6317,22.2175
390.6827,156.9389,18.6992,22.2444
395.4136,156.5516,18.6922,22.4628
400.8479,154.5929,19.0136,22.4637
400.3922,154.38,18.796,22.3249
394.1524,153.7598,18.9784,22.4474
387.4119,154.052,19.4927,21.8629
380.9794,152.327,19.4185,21.9376
375.1047,152.031,19.3531,21.967
370.4066,152.3982,19.1944,21.7946
365.0441,151.6347,19.3395,21.651
360.6551,151.6313,19.2082,21.6579
353.4119,153.8777,19.2677,21.6042
349.2718,154.7546,19.2236,21.5152
345.102,155.2732,19.2703,21.5837
339.7342,156.396,20.0218,21.0022
343.7838,156.5963,19.7215,21.1586
345.0743,156.5819,19.3602,21.1874
347.2528,157.6486,19.4014,21.2531
349.0393,157.7303,19.6885,21.0896
352.3274,156.9608,19.752,20.9686
356.6185,156.6635,20.0074,21.011
360.5209,152.4916,20.0004,21.0
366.6734,151.9321,19.9428,21.0056
372.2031,150.247,20.0015,21.0404
377.5302,149.6894,19.9372,21.0408
383.9441,148.9056,19.906,20.9393
387.921,148.7485,20.2663,20.6992
390.9277,148.8133,20.3685,20.5696
393.6562,149.1691,20.4662,20.4136
396.4919,149.2778,20.8937,20.1962
400.0881,147.9305,20.9483,20.1034
404.3215,149.6658,21.3902,19.9736
405.9687,149.0368,21.4643,20.1087
409.8379,149.2816,21.6325,20.1838
412.9898,150.0787,21.5828,20.2953
414.1727,148.0724,21.4954,20.3206
412.3863,148.3655,21.6561,20.3031
410.0244,148.6327,21.813,20.3396
410.509,146.6377,21.9915,20.3126
408.6946,146.3258,22.1635,20.3603
406.1183,144.8051,22.1006,20.5042
403.3186,144.797,22.4716,20.5203
402.0452,144.7606,22.6711,20.5931
400.3274,144.3158,22.5604,20.8917
399.8603,142.1164,22.3062,21.1307
398.699,141.1778,22.2517,21.225
397.2071,140.4546,22.2607,21.4816
397.2549,140.6183,22.1651,21.7535
395.5624,140.6166,21.9367,21.7568
392.9584,140.9609,22.3547,21.6671
390.4929,142.7971,22.4559,21.6169
388.8346,142.5418,22.1459,21.5231
386.9392,143.2005,21.7493,22.0003
385.0492,143.9703,21.9306,21.6602
384.481,145.4983,21.2757,22.1867
382.0484,147.6622,21.3771,22.0272
379.7028,147.8539,21.3124,22.2385
377.9592,150.2593,21.2184,22.2026
376.7649,150.4585,21.2276,22.399
374.8032,150.3179,20.9641,22.6803
370.6678,152.5161,22.0526,21.875
366.8105,152.674,21.9355,22.1617
361.5979,153.0687,22.0712,21.9775
356.8383,150.9501,21.9201,22.5883
353.9496,151.2004,21.5787,22.6996
352.32,150.5983,21.1875,23.2955
350.1055,151.9065,21.334,23.1263
