1
451.0266,393.107,60.3517,54.9294
451.3484,394.6122,64.4042,51.6137
451.3442,394.8301,67.4315,49.4987
451.323,396.4207,69.2505,48.2601
451.0101,396.0202,70.6888,47.4428
451.79,396.4757,71.5083,47.3567
453.6587,396.564,72.1518,47.0431
455.11,396.7099,72.5006,46.7467
457.3866,396.7162,73.0536,46.7168
460.544,397.3385,73.6666,46.8143
464.5676,396.7662,72.9114,46.6678
468.5318,397.0783,71.4651,46.415
472.3188,397.468,71.7522,45.5869
475.3063,397.9334,72.7437,45.3525
480.3464,399.1847,73.4928,45.1688
485.5905,399.1569,74.1621,45.0559
486.1683,397.8508,75.0823,44.7653
489.5952,396.7174,74.532,45.8647
490.4397,396.738,73.9153,47.0137
490.5646,395.7147,73.4786,47.5996
493.6425,396.0318,73.9561,47.7356
495.3112,395.5075,74.1893,47.7827
495.6365,395.4595,74.3704,48.4077
499.1645,394.9014,74.4794,48.7979
502.8586,395.031,75.1032,48.7455
506.2726,394.8128,74.4953,48.6736
510.4516,394.3578,74.5331,48.0813
513.0333,393.6876,73.9999,47.9572
515.7408,393.7169,73.3766,48.2661
517.9107,394.1082,73.2772,48.8621
521.8465,392.855,73.625,49.187
523.45,392.3901,73.278,49.1406
525.0269,392.0878,73.0169,48.7936
527.5072,391.8877,72.1374,48.6251
528.5908,392.1248,71.8406,48.0035
531.0437,392.0096,70.5177,47.6811
532.4472,392.6535,69.1728,48.008
534.6547,392.0327,67.5458,47.7032
536.8997,392.2964,65.3806,47.9934
538.2628,392.2073,63.7983,47.7392
540.2196,392.4374,62.3521,47.6008
542.4627,392.0562,60.825,47.2673
544.2023,392.777,59.5762,46.9824
545.9814,393.3386,58.1074,46.8422
547.7672,393.2712,56.822,46.0798
547.1831,393.3688,55.7865,45.4748
547.4249,393.8394,55.0623,44.9628
547.9638,394.1,54.4207,44.4635
548.1202,394.1807,53.7935,43.8915
548.7272,394.5432,53.2141,43.5049
549.575,395.1523,52.5868,42.901
551.2119,390.2777,48.3304,46.9425
553.1721,387.1257,45.36,49.9969
554.5287,386.6658,43.1143,51.6631
556.6799,385.9832,41.3356,53.151
557.4052,386.2487,40.2833,53.8721
557.9808,385.0569,39.5201,54.4172
558.4843,384.9392,38.8843,54.4492
558.9252,384.2224,38.1674,54.2847
559.3543,384.517,37.6899,53.6571
559.3494,386.3749,37.237,53.4498
558.5491,386.6351,36.9841,52.959
557.5145,389.9618,36.8718,51.9983
555.4475,391.5364,36.517,52.0304
553.7664,393.4995,36.0639,51.1591
552.2253,395.8105,35.9884,49.2933
550.1604,395.0134,35.4461,48.2513
547.9544,395.952,35.5768,46.8351
545.5213,396.931,36.0234,45.5708
544.1646,397.3122,36.6114,44.5089
541.3711,398.4047,37.249,43.4953
538.3756,399.046,37.6215,42.576
536.0228,400.39,38.321,41.4811
534.0626,401.2332,38.9176,40.3639
534.0592,399.804,38.7706,40.3586
531.0645,399.0728,38.0585,40.406
528.7667,398.3109,37.5753,40.1505
527.4431,396.9486,37.1148,40.1173
525.9549,397.0001,36.7868,40.0724
525.1585,398.4543,36.3764,39.8611
523.9281,397.7933,35.8784,40.102
522.6829,398.5498,35.3598,40.2339
521.7434,397.5071,35.0544,40.6365
519.8599,397.3117,34.5887,40.9654
519.7055,396.255,33.6325,42.5561
518.7231,397.5261,33.506,43.0313
517.7449,395.7322,33.0364,43.7885
516.0511,396.2884,32.8992,44.2029
515.7744,393.8717,32.7491,44.8768
515.3462,394.6797,32.7865,45.1283
514.8487,393.8173,32.5155,45.3349
514.905,394.7112,32.3291,44.9426
514.7182,394.4575,32.0943,45.0375
514.7624,394.7003,32.198,45.0189
514.8199,394.578,32.2375,45.0677
515.0144,396.1253,32.2891,45.5435
515.9038,396.7204,32.1785,46.0354
517.2094,395.1594,32.1442,46.8172
518.1094,394.0195,32.2448,47.0047
518.6605,393.806,32.6047,46.7657
519.8981,392.7594,32.83,46.5172
520.4606,392.123,33.2026,46.4148
519.5792,392.5641,33.2419,47.0054
518.6857,393.0484,33.4163,47.3475
519.2809,392.9922,33.8172,47.2761
518.0976,393.5629,33.9176,47.8823
517.8396,392.7668,33.9237,48.1821
516.9291,393.0348,34.161,48.4424
515.7612,392.6556,34.2063,48.8302
515.9992,393.9258,34.7915,48.6425
515.8787,396.1425,34.8577,50.0393
516.3413,396.0042,34.9775,52.4698
515.953,396.3188,35.6232,53.9484
515.7831,396.5368,37.2321,54.6288
515.69,395.9065,38.5975,55.1096
516.9311,395.439,40.3348,54.7995
518.4057,395.3164,42.3976,54.1621
519.8119,394.4899,43.7482,53.9551
521.0791,395.149,44.8143,53.0528
522.485,395.2844,45.7914,53.2259
523.907,395.6984,47.0115,53.2797
525.4173,395.1872,48.3577,53.2141
525.767,394.0742,49.8938,53.4057
524.7448,392.5966,51.5558,53.3225
524.9635,392.4846,52.755,53.3233
525.0181,392.3033,53.6385,53.4519
524.8548,391.5816,53.685,54.1663
525.1809,390.8802,52.5513,54.7272
525.1793,389.0395,50.2627,56.9376
523.7918,388.4457,47.7515,58.2025
523.32,387.9775,45.4807,59.023
524.488,388.3194,43.8202,58.9433
524.6803,388.9851,42.5705,58.0267
524.3391,388.9317,41.2966,56.8997
524.6054,388.509,39.4868,56.9092
524.6781,388.8843,37.862,57.0971
524.3996,388.9659,36.9366,56.6665
523.421,390.4962,36.0342,56.8719
523.8865,391.3398,35.5461,56.6233
522.9098,392.655,35.0613,56.7322
522.1513,393.8251,34.3379,57.7964
521.9343,394.8183,33.8624,57.9497
521.6362,394.0445,33.6022,57.5663
521.6837,394.2276,33.3641,57.1633
521.0017,394.2431,33.2061,56.6552
521.1728,394.3079,33.2593,56.0096
520.3787,393.0905,33.2768,55.3075
519.2243,393.4812,33.3887,54.5334
519.0306,392.5941,33.1579,55.0618
517.9051,393.1111,33.6801,55.0453
517.007,391.5148,34.2895,55.3426
516.5604,390.8098,35.1271,55.8433
515.4155,392.9617,36.4583,55.0734
514.6611,394.4396,37.4172,54.8977
514.8031,395.2135,38.5353,55.2577
515.3278,395.4157,39.5111,55.2377
515.0045,395.8954,40.3406,55.3506
514.8406,395.4477,41.3158,55.7689
514.7269,394.472,42.1981,56.3845
514.1011,394.7978,43.1556,56.6191
514.9009,394.8495,43.7927,57.2689
515.6088,393.5681,44.45,57.8308
517.1497,394.716,45.8768,56.7784
517.7947,396.4259,47.0235,56.5895
518.019,396.3189,48.8239,56.4591
519.8897,397.6075,51.2091,56.0516
519.9353,396.7898,53.6237,55.5066
520.3134,397.6912,56.5029,54.5382
521.2507,397.8578,58.0569,54.2069
522.4235,398.0035,60.3431,53.6703
522.9859,397.5154,62.4583,53.5038
524.143,395.972,64.8757,53.0715
527.8207,396.385,66.3441,52.7609
528.7145,396.7012,67.7471,52.7947
531.5697,397.2501,68.8462,52.7396
531.8299,395.4084,69.8169,52.8202
532.1934,393.0458,70.849,52.5029
532.6404,392.594,71.4045,52.2167
534.3515,391.1835,71.225,52.0362
534.0502,391.0654,71.616,51.9644
533.0423,391.3909,71.5944,51.8292
533.8041,391.3694,71.94,52.1638
532.5203,391.8456,71.9546,52.4316
532.7249,392.3181,72.2582,52.6485
533.65,392.4782,71.9227,53.0828
536.9367,395.6608,72.317,52.7416
535.9436,396.1672,73.0631,52.373
537.4221,396.2478,73.2192,52.0621
539.5848,396.0141,73.4433,51.8999
542.413,396.996,73.4013,52.0223
546.7951,396.8543,73.0114,51.8452
546.9647,395.0709,72.7556,51.7401
549.2541,395.2208,73.4666,51.3012
551.0055,394.1805,73.5322,50.5231
552.9833,392.3785,72.5025,50.1658
555.4415,390.9953,72.1054,49.6057
556.5726,390.4014,71.6916,48.8961
557.4779,390.3252,71.2687,48.2341
558.6211,390.1396,71.0756,47.5591
559.1731,390.9444,70.5948,47.7199
561.2454,390.1597,70.4307,47.9916
561.292,389.4128,69.9278,48.4809
562.996,390.4136,70.9638,48.6255
563.954,390.233,72.0555,49.076
564.1665,389.4616,72.3236,49.2007
566.1058,390.3779,71.5519,49.6408
567.5137,389.4652,70.4584,49.3209
568.6536,389.6847,69.6728,49.5748
570.399,389.8727,69.1268,49.6618
570.5418,389.3454,68.3109,49.3762
571.2249,389.9445,67.6999,49.2247
571.8741,390.4109,67.3145,49.2307
573.5644,389.4455,66.8845,48.8372
572.7394,389.5253,66.8893,48.4945
572.6004,389.476,67.0994,48.299
573.1209,389.2302,67.5926,48.154
573.2619,389.6734,67.9707,47.9873
573.0202,389.0988,68.2045,47.6294
573.0175,389.6569,68.3502,47.5067
573.2453,390.0669,68.5224,47.3991
574.1074,388.9762,68.7326,47.1805
573.5117,389.939,69.2217,47.1666
574.1555,388.9534,69.3222,47.0701
574.0098,388.3423,69.3706,47.3442
573.1976,388.7671,69.5219,47.4582
574.1958,388.7848,69.506,47.445
574.0131,388.6853,69.5463,47.7417
574.9403,388.4154,69.0497,48.1506
574.2182,388.3036,68.9492,48.1473
574.652,388.4866,68.7427,48.1129
575.1015,388.942,68.5637,48.1648
576.0352,388.6804,68.2915,48.0618
574.8577,388.7978,68.1447,48.2717
576.0179,388.873,67.9406,48.3118
575.8831,389.1184,68.043,48.3916
575.9367,388.5963,68.1357,48.3881
576.3311,389.2485,67.8402,48.1907
575.8021,389.5854,67.8735,48.3561
576.8927,388.9823,67.5588,48.086
575.9564,389.0086,67.3059,48.0872
576.3621,389.4117,67.2443,47.9071
577.0664,388.8254,67.1953,47.7034
576.3715,388.4185,67.2322,47.8288
576.9281,388.5384,67.6114,47.708
576.6677,388.6731,67.6778,47.8474
576.106,388.9642,67.6577,47.9523
575.4552,388.9963,67.511,48.0985
576.4418,388.7874,67.492,47.9055
575.8739,388.7021,67.6655,48.1223
575.8503,388.4816,67.7727,48.1441
575.7559,388.8425,67.6864,48.1504
577.1938,388.1961,67.6658,48.0592
576.5657,388.6402,67.3948,48.1826
576.8047,388.2099,67.7261,48.3576
576.9448,388.284,67.6425,48.4905
577.0031,388.3979,67.5661,48.6062
576.6907,388.8067,67.5501,48.7836
576.0569,388.5927,67.6898,48.8739
575.8328,388.6042,67.8056,48.9427
575.578,388.3702,67.9184,49.0988
575.7998,388.9321,68.0021,48.9461
575.1135,388.9359,68.1901,48.9771
575.0957,388.7573,68.0462,48.9587
576.108,388.7351,67.6909,48.7755
575.8038,389.3593,67.6019,48.8618
575.6748,389.1078,67.7288,48.8094
576.3361,389.2796,67.6009,48.548
575.1865,389.008,67.6889,48.6976
576.7603,388.1951,67.7534,48.336
576.0831,388.2831,67.5226,48.2093
575.4768,389.0192,67.3473,48.1512
575.3917,388.8142,67.2535,48.1959
577.2625,388.647,66.8533,48.2041
576.2113,389.188,66.602,48.4693
576.8073,388.2576,66.4499,48.2925
576.1403,389.0589,66.3859,48.5093
577.0878,388.7919,66.5438,48.4722
576.3873,388.7541,66.8939,48.5446
576.9197,388.676,67.3352,48.7489
576.0938,388.8276,67.4943,48.6957
576.5499,388.1662,68.0362,48.6886
576.4757,388.6865,68.2007,48.7554
576.2928,388.497,68.5166,48.8126
575.6575,388.3199,68.6341,49.0591
575.6312,387.891,69.0443,49.0646
575.2812,387.8799,69.2079,49.2093
576.6353,387.3286,69.1625,49.0658
575.4271,387.5564,68.9695,49.1223
576.7864,387.782,69.3732,49.0878
575.6658,387.4122,69.2839,49.2794
575.7161,387.6205,69.9858,49.4976
576.0189,387.277,70.2877,49.6871
575.2554,387.4063,70.306,49.8129
575.5509,387.0058,70.6941,49.7842
575.8428,387.2587,71.1712,50.1282
574.7252,386.6069,70.8317,50.1414
574.3697,386.0696,71.3191,50.1628
573.9548,386.0059,70.8871,50.3164
574.0695,385.8039,70.3672,50.0724
573.535,386.4603,69.9826,49.9573
574.6468,386.7365,69.9067,49.7704
574.3355,387.4067,69.3232,49.5258
573.6948,386.9131,69.1352,49.504
575.1455,386.5544,68.8264,49.1903
575.0388,387.5359,68.8962,49.1143
575.0194,387.1339,68.8239,49.1709
575.0312,386.7077,68.6545,49.1624
574.9271,387.4047,68.6522,49.2123
574.9837,387.1671,68.5356,49.2193
574.7686,386.8444,68.4897,49.1936
574.1458,387.4991,68.4708,49.1855
574.8765,386.916,68.2107,49.0964
574.617,387.1284,68.3373,49.0635
574.4036,387.4661,68.6636,49.13
573.7346,387.7153,68.2059,49.1511
574.9674,387.1619,67.8221,49.1955
574.8066,387.7975,68.1265,49.3037
574.5832,387.5508,68.2744,49.2326
574.2201,387.4527,68.4994,49.2612
573.7067,387.9198,68.4851,49.3939
571.7893,387.9784,68.7696,49.1882
572.2345,387.7968,69.077,49.1083
571.182,387.2292,69.0325,48.6268
570.0706,388.1743,69.0181,48.4269
570.0624,387.3255,68.9717,48.4166
568.7688,387.3598,68.8618,48.6564
567.9392,387.2899,68.954,48.8083
567.6319,387.2317,69.0496,48.8232
567.5108,388.0622,68.8165,48.8046
566.7074,388.327,68.5817,48.9261
566.3847,388.0833,68.278,49.136
565.997,388.3378,67.9469,49.1424
565.874,388.5164,68.0263,49.5168
565.1157,388.189,67.7479,49.4426
565.2949,388.3798,67.733,49.5038
564.1405,388.365,67.4183,49.3576
563.7272,387.6303,67.2143,49.6731
564.0702,387.707,66.4658,49.5611
563.109,388.0624,66.214,49.7774
562.6997,388.7105,65.5794,49.6656
562.9173,388.178,64.7492,49.4119
562.8059,388.3847,64.3328,49.2383
562.7492,387.8119,63.8309,49.1803
562.9396,388.4228,63.6233,48.9654
562.2473,387.7562,63.4045,48.8647
562.9239,387.8549,63.0424,48.6028
562.684,388.1769,62.3235,48.4255
564.3712,389.7966,62.1701,48.3261
569.4183,393.0536,61.3307,48.1435
570.8372,397.1295,62.1525,48.9421
575.4721,402.3688,63.1947,49.3693
580.5011,412.4251,64.3455,50.4097
583.9453,414.8683,64.5005,50.7265
588.2912,419.3859,64.8488,51.6801
589.585,428.2995,67.1878,53.0438
594.4166,437.5253,69.3779,54.6616
600.9971,444.6374,68.4081,59.8343
604.0993,449.8366,69.212,61.6146
611.2146,459.6336,71.0915,63.5459
617.3254,465.8971,72.4193,67.9656
626.2233,474.455,72.5738,69.837
638.479,479.6075,72.2428,69.107
644.0166,485.8906,76.5101,66.1364
650.2116,485.5767,75.8577,64.7246
652.3408,485.7148,75.4992,64.4441
652.1035,485.524,75.8027,64.7324
649.63,485.0321,76.9114,64.7452
650.6326,485.5179,77.1139,64.4088
647.8162,484.8322,78.5124,64.7184
647.8587,485.7758,79.5978,64.2134
646.4415,486.6066,81.649,63.842
645.1819,487.0756,82.8318,63.4429
644.3563,486.4253,84.2864,63.445
644.4244,486.5652,85.1551,63.594
642.8079,485.81,85.6915,63.9335
642.0902,485.3217,85.85,63.8054
642.9345,486.3669,85.1414,63.7863
641.9523,485.5688,85.3735,63.4983
641.5257,486.7579,85.1755,63.4709
641.0517,486.7643,85.5859,63.4142
640.4058,486.1465,85.7627,63.1106
638.9255,486.2409,86.474,62.9131
638.8602,486.7274,86.6029,62.8915
641.4781,485.9721,85.8756,62.6819
643.2678,485.4452,84.3058,63.2302
645.8781,483.3828,82.2899,64.2312
642.2077,482.2659,82.6478,65.3096
636.3377,480.8126,85.0013,66.2274
635.2437,482.0033,86.6759,66.3509
635.3204,482.5993,86.9498,65.7184
634.5524,483.0936,87.4662,65.3861
634.9509,483.1928,87.2494,64.9486
634.5081,482.8138,87.0365,65.1673
634.7329,482.4588,86.3483,65.4147
634.1671,482.5014,86.4397,65.4049
632.6731,481.2618,86.1491,65.8408
631.9958,481.6666,85.8559,66.0873
632.0574,482.6396,85.1818,65.9948
631.5699,482.1306,84.9035,66.1211
632.643,482.0271,84.4712,65.7741
631.7789,482.2208,84.2675,65.8979
632.4336,482.5954,83.9095,65.3583
632.3192,483.9126,83.5654,64.9319
631.8537,483.992,83.1287,64.5747
632.4446,485.1205,82.8749,63.9597
632.2984,485.6476,82.4673,63.5365
623.8097,478.6706,80.8238,65.1137
616.4642,471.9011,78.5609,66.8014
618.078,452.4582,76.4349,67.3619
623.2926,442.6426,72.8692,68.8899
626.0941,431.9526,70.1372,68.6962
616.3356,422.2693,69.5738,67.0086
610.9283,420.817,68.7853,65.6629
603.6655,408.8453,67.5369,64.1565
597.0012,406.969,67.086,62.7519
589.9404,398.267,66.6605,61.0515
582.8298,394.4595,65.5252,60.6313
582.1045,389.5965,64.6206,59.6513
575.6678,385.5137,63.6453,58.4546
574.9665,383.5429,62.8786,56.9229
570.5303,384.9904,61.5228,56.1402
572.5925,384.9913,60.3308,55.0246
574.422,385.1724,59.2864,53.9614
571.2131,385.0453,57.6132,53.5478
572.7285,384.7901,56.3196,52.8686
569.3153,385.3043,53.745,53.2398
570.7292,384.2897,52.0888,53.5411
571.9974,383.6352,50.5588,53.5156
569.6687,384.6372,48.9233,54.4449
566.2562,384.1392,48.3122,54.7874
570.0505,383.7003,47.2689,55.285
566.5954,384.1755,47.073,55.3718
562.5493,384.5172,46.867,55.2159
565.0646,384.459,46.172,55.3078
559.9945,385.7994,46.4654,55.2105
562.4029,384.9182,46.2892,55.0105
565.5244,385.0687,45.8921,55.2704
560.827,385.241,46.1115,54.9159
562.3084,384.8718,45.958,55.2126
564.994,384.515,45.2087,55.3409
568.3754,383.0139,44.598,55.0599
572.6179,381.8529,43.7938,54.646
576.1167,380.8915,43.062,54.2401
576.9505,380.2702,42.7996,52.8402
578.4803,380.7904,41.5735,52.0792
578.8716,381.7872,39.6622,52.0582
581.1055,383.1122,35.9371,54.2798
582.4083,380.8478,33.8013,56.2686
581.1137,378.9755,32.4551,56.8782
581.5456,378.2768,31.8972,56.6778
581.9224,377.6021,31.3111,57.1412
582.3261,375.5722,31.368,56.6408
582.3981,375.7689,31.3291,56.1808
583.2248,374.4303,31.2867,55.2254
582.907,375.6936,31.4123,54.7851
582.6643,376.0029,31.5505,54.5375
583.03,375.1466,31.3983,54.5802
582.6948,375.2103,31.4875,54.373
582.9129,375.1212,31.4645,54.2561
582.6669,375.5428,32.3956,53.3168
582.3064,375.6927,33.3449,52.8904
581.5883,376.5925,34.2579,52.1336
581.2212,375.5053,34.9347,51.826
580.0844,376.1604,35.6108,51.1033
579.9935,375.7424,35.8736,50.8881
555.5987,383.8317,36.7509,49.4542
548.5698,390.0053,37.7042,48.197
546.7444,392.9963,38.626,48.2632
545.119,396.2382,39.5766,47.8613
542.7542,399.247,40.4696,47.9123
540.8626,401.4512,41.3135,48.7523
539.7471,403.1288,41.9397,49.9481
539.5304,403.0292,42.241,50.857
537.9743,402.4152,42.782,51.9172
537.7965,401.121,43.0944,52.8227
536.8016,401.4644,43.7901,53.9253
536.3447,401.4551,44.5165,54.9091
536.3707,400.348,44.9874,56.178
535.1016,400.5188,45.8759,57.1486
535.637,401.2509,46.4988,57.4066
534.7778,400.5615,47.223,57.7577
534.3619,399.1563,47.5749,58.1298
533.4887,398.4326,47.9272,58.7709
533.6595,399.7753,48.0629,59.2652
533.5866,398.9468,48.3043,59.8236
533.7637,398.825,48.537,60.1573
534.6063,399.373,48.715,60.3935
534.1901,399.0159,49.0396,60.7166
534.0236,399.1901,49.2505,60.7556
533.874,399.6498,49.5691,60.191
533.6588,399.2978,49.5761,60.1753
533.7298,397.9033,49.3962,60.3236
533.7089,398.1159,49.3129,60.7852
534.1345,398.7207,49.1889,61.1194
533.613,398.5704,49.4822,60.6791
533.4572,398.7508,49.5766,60.5108
533.4415,398.8792,49.7573,60.3508
533.3098,398.2939,49.8521,60.4457
533.1694,398.2303,49.9784,60.759
532.6989,397.9984,50.0267,61.2209
532.4146,398.2078,50.223,61.4919
532.815,398.465,50.2365,61.4513
532.8699,398.2234,50.3876,61.2357
533.0704,398.3007,50.4553,61.038
532.7386,398.0546,50.5479,60.8102
532.4671,398.2136,50.5966,61.1122
532.8925,397.8944,50.6621,61.6132
533.0458,396.6004,50.7023,61.9982
532.6815,397.5023,50.6008,62.2379
533.0466,397.5495,50.7168,62.4187
533.0502,396.62,50.4316,62.8626
533.1691,396.3057,50.4341,62.9567
533.2785,396.0417,50.2325,63.4246
532.478,396.6697,50.2275,63.8503
533.6809,396.972,50.0636,63.7604
532.7031,397.665,50.458,63.1626
533.4917,397.3386,50.2153,62.7796
533.0745,398.0202,50.2741,62.5146
532.6376,398.4143,50.2237,62.1412
532.6933,399.2651,50.2601,61.5302
533.3411,399.1351,50.0741,61.449
533.9473,398.1877,49.8383,61.585
532.9616,398.5736,49.791,61.5032
532.964,399.6423,49.95,60.9859
533.6397,399.3769,49.7567,61.2876
533.979,398.4786,49.764,61.6817
533.017,398.1985,49.7618,62.0117
533.4002,398.8263,49.8017,61.4315
533.2334,399.955,49.9369,60.9031
533.0043,398.446,49.762,61.1352
533.2803,400.221,49.9069,60.9585
532.786,399.3892,49.8297,60.8948
533.3509,399.9067,49.7457,60.8599
532.6683,399.1093,49.6454,60.7837
533.2825,400.2431,49.6625,60.3283
533.6702,399.1876,49.4094,60.7339
533.2584,399.0837,49.4017,60.9799
532.8774,398.5257,49.2932,61.4079
