1
127.8632,475.4612,26.6146,64.3771
137.5459,511.6396,28.3223,63.1422
152.8573,556.8611,30.9289,61.7542
155.4656,584.1706,31.1287,61.2973
153.6371,588.8611,30.7334,62.7224
153.0315,589.9207,30.5797,63.333
153.6031,591.3739,30.8076,63.1691
157.8027,592.5089,33.3902,60.899
157.5645,591.6747,35.2501,59.8006
157.9364,591.78,37.3033,58.1914
157.3974,590.9876,38.3814,56.9589
156.8385,593.0305,39.4992,55.6888
156.4014,593.1371,40.3735,55.4755
155.3562,591.3585,41.0458,54.7792
154.6708,593.7206,42.4167,54.3093
156.9488,602.9941,42.16,55.8263
157.4592,603.6968,41.1393,57.3254
157.508,603.1302,39.5831,58.4587
159.6711,616.4817,36.7072,62.2131
157.1524,633.088,34.4497,64.0164
157.8215,640.1793,33.1114,64.31
167.2587,659.5579,34.2445,64.1388
174.8777,675.6021,34.9119,63.8611
190.5275,702.0032,37.0355,61.9203
212.5208,729.0922,39.7729,60.3068
232.1172,753.1667,43.5416,58.0821
266.4045,776.1744,45.9037,57.3455
305.4988,797.4995,47.5927,56.1702
343.9639,819.0658,50.9999,53.2063
375.8062,827.3726,52.5158,52.1166
388.3533,839.9127,52.363,53.5365
402.577,847.8286,52.3373,55.0737
404.858,850.546,54.1868,54.4475
405.3928,849.9019,56.3611,54.1138
412.2002,848.7908,59.2517,53.0349
417.0603,849.3618,61.2768,51.8929
440.6805,845.2455,61.3711,53.3632
480.864,852.7209,65.0789,52.139
518.5786,845.3061,65.0088,52.9484
555.0764,823.1034,64.3659,55.0009
573.0477,799.0829,60.6125,58.3346
575.8181,783.5967,56.8556,60.7635
574.2457,765.5959,54.7095,63.2555
572.5099,749.9615,52.8751,64.4569
565.5888,742.734,52.6533,64.8478
558.6041,741.7504,52.5386,65.0545
561.3985,741.148,53.9972,64.4975
559.457,743.6041,52.5506,66.6917
558.9674,743.4072,51.7425,67.0854
559.0131,742.7332,51.6509,66.6533
559.2515,740.2661,51.1743,66.2711
559.4725,740.3118,50.7321,66.1796
559.8031,739.6089,50.0711,65.8354
559.6162,742.6938,52.1788,64.8675
560.4721,743.292,52.2203,65.4245
561.3136,743.4445,52.2998,65.1194
560.971,739.968,51.2259,65.0364
560.5424,736.8775,50.3427,65.9961
560.2179,734.9085,49.2507,66.4524
560.2017,734.2048,49.2831,67.8599
559.0863,733.1587,49.7618,68.1998
558.0264,728.376,48.3512,70.7045
553.6819,726.7043,48.1394,70.4876
553.3917,727.3884,48.7198,69.1194
553.549,726.2527,50.1674,67.8666
552.632,724.171,52.0014,66.73
551.6776,726.2256,53.9103,64.3995
550.026,729.8803,55.4399,62.4114
549.5258,730.1509,56.4401,61.87
548.3573,730.1987,57.0028,61.7746
548.1932,729.5811,57.3309,61.2279
549.7367,728.684,57.8007,61.2435
548.956,729.9615,57.5761,60.4747
549.1005,732.4235,55.5167,62.6326
548.7032,731.3969,54.5394,62.914
548.0827,730.3474,54.0198,63.2522
547.8335,725.9086,54.5182,63.3418
547.3216,721.0713,55.5419,64.1815
539.6105,715.7878,56.5932,63.9704
534.1411,709.4829,56.6734,63.9119
533.4378,700.5885,56.27,65.4093
527.6376,673.336,55.0808,66.9292
529.7022,650.0508,54.6149,67.7084
537.8637,631.1912,51.1453,68.7035
545.0524,619.9076,51.131,67.9307
578.8435,589.5837,53.0988,66.1617
604.7067,577.2336,55.0109,64.0428
613.2284,583.6799,59.3962,61.8646
622.8499,600.0497,63.8262,58.2608
655.7603,621.9619,63.9793,58.4191
691.9722,660.9734,63.2188,59.4096
703.1257,679.247,63.0113,59.695
711.6485,686.1789,62.5526,60.5751
711.8862,689.4704,62.0774,61.3917
713.0709,696.6602,59.708,63.7115
712.9436,698.0775,58.1076,64.5868
712.6593,698.7573,56.8328,65.0707
713.4198,701.0826,55.3118,65.9122
713.185,702.9023,53.9617,65.9122
712.2916,711.895,52.1525,67.7042
706.0508,721.9575,48.4664,69.1363
695.0232,735.7616,45.9061,67.9017
683.1915,750.8489,44.1077,68.2811
664.4538,764.7403,44.7676,65.5999
644.1438,784.1118,45.9354,64.6653
630.817,792.2826,47.8568,63.1631
625.9053,793.162,49.3942,61.4042
626.411,792.0935,50.0379,60.2314
617.2659,792.2324,50.2101,59.9535
611.2818,795.4742,50.6595,60.0521
598.3846,806.7399,51.6403,59.026
582.5321,815.7829,51.9215,59.1327
561.8901,826.6523,55.0248,57.3143
538.2977,821.738,56.8365,57.0599
517.383,844.3818,57.75,56.0981
492.8572,844.7883,57.3921,56.9887
487.8151,854.6242,57.2019,57.8655
482.2667,856.6135,56.2354,59.057
482.5962,856.4709,55.5764,59.3422
481.7829,855.3151,55.482,59.9327
474.6844,853.0933,57.5764,59.1894
477.6975,845.5875,58.5509,58.4496
438.2543,847.7599,62.0289,55.8584
450.1745,832.356,61.1495,56.6405
2
0
0
0
0
1
337.524,784.0426,48.8515,42.3862
331.5,782.6691,47.4407,43.7873
329.9577,783.0161,46.4848,44.4401
318.5654,780.7549,47.7884,44.9348
319.9382,774.6316,45.0429,46.2162
326.3345,768.9524,44.386,46.7873
337.8064,760.6334,42.9967,49.9536
344.0557,750.1568,44.2472,48.9082
369.844,732.3513,45.0491,48.6813
399.3201,716.086,45.7576,47.913
402.8505,711.1264,47.0157,46.7403
422.6199,704.9118,46.3278,46.6817
440.6723,708.6385,47.3718,46.1077
459.3487,705.246,47.3596,45.9778
468.1064,689.1959,46.4129,47.7021
467.6367,666.3403,45.9589,48.8244
462.9974,630.1828,46.8133,49.5339
451.8354,578.5797,46.2787,52.7344
433.4018,535.3494,44.9137,55.3779
402.7764,484.707,45.083,56.8465
366.9654,466.087,47.0056,54.6913
344.526,462.5277,49.5325,52.7345
318.7537,462.8562,52.3766,50.5555
301.6281,451.3807,51.3967,50.5297
297.5609,446.4119,48.9182,51.3706
293.0101,421.0238,47.5848,54.4439
277.7745,383.58,46.1798,56.4712
266.5942,334.5295,44.1079,59.897
252.2985,281.0408,43.3203,63.2745
245.5337,263.1287,44.1715,62.6483
246.9258,261.6626,44.5658,62.402
257.1236,262.0383,44.8657,63.2425
265.1793,249.6724,46.4605,62.2198
281.7779,232.2035,48.9044,61.5165
304.6343,215.0791,52.6545,59.4925
311.8049,213.65,55.0861,57.319
318.7519,213.0528,56.3256,56.8319
314.1077,212.4016,57.148,56.4411
315.2228,221.4326,58.3175,55.3776
305.052,229.3875,54.8439,59.8811
292.9369,242.8407,55.0213,57.0271
273.5848,257.7856,58.5319,53.9515
261.2652,267.9406,59.6293,52.1386
229.8423,293.2632,59.0437,53.2403
204.8251,313.4571,58.7373,53.1249
188.1442,312.7665,56.9989,54.5063
189.5023,309.1038,55.9493,55.1648
191.9126,315.7563,54.4505,56.8075
210.5909,318.1845,53.6899,58.605
217.3034,328.7593,52.0234,60.9725
225.3545,332.5632,49.4437,65.1968
237.3301,344.6142,47.7755,66.8058
239.23,359.0771,47.3985,68.6869
247.2811,395.8505,46.9015,69.6977
247.5191,442.9525,44.6845,72.991
236.2869,479.1594,44.35,74.2348
213.4024,503.8796,47.7172,70.7298
189.1897,506.3486,51.8904,67.562
160.2533,507.0212,56.0634,62.6367
133.1948,501.2081,58.5453,60.0187
138.2626,506.9391,60.8588,57.4491
137.8404,509.0232,63.477,55.0546
138.1445,509.7328,64.6442,53.6354
134.3056,508.9543,65.2407,53.422
135.6402,508.1559,66.1234,53.2428
137.19,508.7478,66.5968,52.059
141.4609,510.1665,66.9264,50.9958
143.7681,513.0691,65.8354,50.4761
143.1017,512.5023,65.4316,49.873
140.7785,510.7271,64.916,49.982
143.6355,510.6206,64.346,50.195
138.276,508.5771,63.0985,50.863
137.7811,509.3827,62.3868,50.9534
137.4208,505.7463,63.1074,49.7653
144.0054,507.4014,61.7237,49.8224
145.5727,511.9477,60.2528,50.7114
145.3908,511.1188,58.9609,52.3691
146.3415,511.1078,57.0596,54.0538
145.9899,510.113,56.1023,54.3829
144.1891,509.2942,56.4023,54.3699
143.2845,509.3558,56.5563,54.2465
141.171,507.895,57.4719,53.8568
139.5107,514.1657,59.1289,52.961
143.1353,507.9468,58.5789,53.6749
154.298,510.036,56.3878,56.2079
160.3651,522.6571,54.3593,57.9143
157.5746,521.4697,53.2224,58.6097
160.092,536.013,54.8775,57.9549
155.2042,527.1135,52.8351,58.8713
152.5723,532.0883,51.4172,58.9443
146.0755,524.4628,51.2182,59.3535
141.6687,528.2582,50.1181,60.0241
145.1997,528.3303,49.6367,59.8799
146.9253,532.8798,51.0911,57.3219
160.8285,530.7705,50.8,56.6848
161.4519,531.2675,51.1572,55.6909
166.2321,532.9741,51.1609,55.4656
172.1434,528.2253,50.4721,55.42
175.2001,527.8011,49.0955,56.2684
180.1606,545.1982,48.5969,56.0231
183.4035,563.9473,48.3457,55.9326
185.0977,559.4596,46.5105,58.695
191.3032,573.7809,46.6331,58.2531
191.3925,578.3839,46.4545,58.4182
185.6461,589.2108,47.0168,58.6258
179.4029,575.0839,43.7652,63.2728
174.4999,617.3611,44.0188,64.6911
163.3861,621.9803,45.2156,63.5414
163.3336,650.2426,46.9404,62.0946
162.8035,652.2615,48.0007,61.3086
160.5223,651.3865,47.6702,61.4277
163.1552,647.233,47.2867,61.5972
163.3514,644.4113,46.8944,62.3689
150.2452,634.6227,48.6662,60.7641
148.3033,628.531,49.2834,59.881
146.0606,632.2759,50.5096,58.9096
145.7961,638.7446,51.0386,59.0447
150.1326,644.004,50.5887,60.0384
150.0686,648.5889,50.7166,60.7858
151.1096,648.4797,50.3012,62.6709
151.081,644.6066,50.3584,63.6607
150.6451,643.4689,51.2302,64.231
151.544,647.0714,51.1604,65.6665
152.3506,642.992,51.2964,66.8289
152.1212,644.4805,51.7551,67.3901
151.7379,646.1297,52.5217,67.6621
153.0412,642.4494,51.7169,69.6175
154.0323,639.2422,51.5533,70.5758
152.5506,642.3962,52.6862,69.7598
152.5912,646.6029,52.6049,70.5293
153.1169,647.3739,53.4006,70.8344
152.8768,642.7673,53.8807,70.7243
155.0287,639.2171,53.3184,72.2125
157.1783,641.8214,54.6724,70.7726
158.1889,640.427,56.4199,69.7928
165.8149,637.9595,54.4498,70.933
172.7821,636.3205,53.6976,70.4447
176.821,636.1226,53.0739,68.9771
178.58,637.6074,53.2175,66.0073
181.673,639.6802,55.9688,61.8618
181.68,641.2213,57.7219,58.7795
185.3794,644.0622,59.0528,56.5897
188.7878,643.8084,59.1635,55.3655
184.6083,645.7793,60.6665,53.1376
185.3478,646.2713,60.8888,52.1536
187.8162,647.4451,61.0184,51.4948
200.3445,658.2618,59.4832,51.7025
209.6866,663.112,57.3984,51.962
217.1652,669.7883,55.4977,51.6658
224.6272,681.3389,53.3574,52.5338
235.4759,688.2777,52.1815,52.8636
263.7294,705.4104,52.0319,53.0388
302.8938,731.6278,53.5649,52.2792
337.1773,750.3236,54.4196,51.1762
347.7138,757.0009,55.3743,50.4088
357.5979,765.1624,54.5161,51.4201
362.1501,767.7532,54.8846,50.9748
367.3055,772.0627,54.0381,50.2426
372.1003,777.1913,53.7635,49.3006
374.1484,776.2453,54.2669,48.1264
366.3233,775.4589,54.6973,46.6553
379.7582,775.4404,56.4173,45.1876
390.5,778.0818,56.0314,44.4257
376.1829,764.7352,53.4046,47.3012
385.7493,762.9298,52.2164,49.4165
385.634,761.9717,50.9359,51.3328
383.9134,760.5149,49.812,52.7247
385.167,748.5026,50.357,52.3311
403.5356,740.6039,50.3032,52.8438
416.1523,729.5703,51.1773,51.875
443.7926,724.3939,52.6583,51.489
449.3921,716.4691,53.8677,50.2772
478.5023,720.7074,56.1146,48.0022
529.2033,727.5592,59.9971,46.6851
569.6685,753.89,59.946,47.9429
592.3833,794.8257,56.2662,51.1768
591.0206,799.827,54.1857,53.99
584.8484,820.2339,53.6128,55.1576
577.9753,825.2812,52.7409,56.4328
562.9399,815.9217,53.4598,57.2145
542.7719,821.7341,54.0927,57.1697
530.3425,826.604,53.9982,57.4112
514.3648,834.0157,54.3022,57.5806
495.0035,832.2932,56.2116,56.0058
455.6819,832.6947,59.33,53.5244
415.2283,828.5707,60.9475,51.6502
367.7087,823.915,61.8205,50.8725
335.8948,819.3192,61.5243,51.6531
318.3039,813.356,62.8979,50.0562
303.9918,793.6224,59.5023,50.7626
292.82,766.7416,55.526,53.5292
281.4263,722.9445,52.262,56.4567
259.229,696.6771,51.1991,55.4163
256.3898,695.4822,50.516,54.6254
