1
335.2709,116.8544,76.326,19.0017
326.3147,117.7727,79.6218,18.4939
315.4188,119.2696,82.3098,18.2291
304.3028,119.8802,84.9898,18.4046
296.4521,119.6701,87.7567,18.8248
288.107,119.1627,86.6407,19.8396
296.9653,119.1107,86.7861,21.432
284.3775,109.8941,83.0482,26.1694
274.8539,104.9384,78.6895,31.3997
266.682,97.718,74.2903,36.2668
263.9579,92.0291,70.0203,41.1659
265.8751,81.6732,64.5433,47.0939
265.2475,73.4355,59.1535,53.6017
266.917,64.8476,54.129,60.6644
270.0842,57.768,49.5136,67.9475
271.4173,44.5483,45.09,73.2996
271.9661,38.0161,40.4622,79.3034
272.9689,28.175,36.6807,84.7786
273.4569,26.5828,33.9147,89.7533
271.4633,26.6601,32.4636,93.2241
269.5146,24.9193,32.6884,94.8694
274.156,19.7063,32.7249,95.9762
280.444,20.397,33.3112,96.4751
279.124,18.9917,35.9512,95.4895
277.1115,15.2324,39.9762,93.3498
274.7614,13.2947,44.6764,89.3356
272.4572,14.0442,49.2849,85.8407
269.1773,15.2797,53.8218,83.3699
262.7247,17.086,58.48,79.7571
262.3787,15.3501,61.2558,74.8943
271.3493,17.9964,59.746,73.7095
281.5352,21.1769,55.4654,75.3941
283.8743,22.7271,52.7551,78.1976
283.8582,21.1275,52.7874,79.4306
283.1028,21.3317,54.2982,81.0075
281.9884,20.9285,56.5269,81.814
274.0098,23.8406,59.9863,80.1555
267.1618,33.0699,60.9965,76.4973
267.005,31.9049,63.3846,70.5292
265.918,35.4025,65.5586,65.5539
262.9729,41.089,67.4969,64.0607
258.6404,45.4907,68.2324,65.1694
251.7443,48.1248,67.9439,67.9472
248.0048,50.4869,67.2179,71.4279
247.4212,51.6394,66.2903,75.4073
243.4166,56.4281,65.73,78.6842
240.344,59.4434,65.322,81.3912
239.5036,63.823,64.7831,83.7303
235.1565,67.2376,64.4896,85.8888
233.855,71.3605,64.8174,86.7438
231.1309,75.8724,65.6783,86.8946
227.3616,77.541,66.2872,85.8672
219.8985,79.5132,65.0849,84.227
219.107,87.3411,66.6679,79.8684
221.3767,89.3867,68.7817,75.7772
221.3183,95.7268,71.0863,71.8478
222.1509,105.0756,73.7455,68.2858
220.4742,117.6241,77.099,64.658
220.4924,127.6265,77.0624,63.9141
218.5887,132.3001,74.4875,67.3313
212.7658,131.5219,68.9886,73.174
210.4077,134.7274,62.9539,79.6639
207.989,138.409,57.0171,85.2299
209.6634,141.2891,51.5257,90.1833
208.5453,147.0435,47.3864,93.5505
209.977,146.5884,44.5231,96.565
210.7909,145.6851,42.8952,98.3716
210.1792,147.4051,42.0219,99.1246
209.9679,154.412,42.4446,97.6635
216.5912,161.3511,41.6683,96.2557
219.1097,167.8309,40.7199,97.6063
220.4281,174.274,38.0832,99.0499
221.7248,178.9213,35.4897,101.8816
222.4503,186.8621,34.0388,104.1338
222.7817,192.4633,33.376,105.0546
226.1765,197.8377,32.6506,106.4345
228.1761,205.6878,32.7068,106.9555
232.7624,214.6503,33.7148,105.3192
234.416,220.6968,34.4703,103.3834
234.3848,228.0208,36.5505,100.8418
234.0649,236.4094,39.2095,98.199
234.7336,244.6617,41.9297,95.8967
233.4871,251.7471,44.4229,93.9879
233.0321,254.7938,45.3329,94.073
234.4126,263.5376,46.7249,93.1974
238.6932,267.7392,46.5145,93.1451
242.9322,271.3329,44.2865,94.2911
251.4828,271.3605,41.616,96.2973
252.584,276.3389,39.4137,98.6046
255.4766,279.5296,37.7051,100.3765
256.2834,283.9244,36.0916,101.7536
258.1922,284.98,34.298,103.6904
258.8191,290.2959,33.0441,105.1721
258.7673,300.241,33.1477,103.4351
258.41,310.948,33.8622,99.9693
260.5444,316.7466,33.5094,100.12
260.027,321.2592,34.5444,100.8632
259.0535,329.9443,36.4914,101.3414
257.5104,337.1146,37.5523,101.1778
252.4068,344.072,37.5491,101.5574
251.5484,352.3705,39.2659,101.3401
249.2273,362.4236,41.833,99.91
247.2481,371.2071,43.6913,99.1441
244.8461,378.7756,44.2516,98.8595
239.7298,382.9559,43.847,99.0088
239.9773,383.7672,43.3519,99.5088
239.0299,384.7919,43.1255,99.5805
239.5454,388.3447,42.0946,100.9476
238.276,387.4404,40.3939,102.7561
236.1521,389.9608,38.2946,104.0622
235.7066,393.9801,37.0889,104.4107
235.9239,394.0252,36.6543,104.3206
235.3447,396.5865,35.7419,105.4105
234.637,398.2699,35.0875,106.1833
235.1623,398.9961,34.0369,106.7997
235.7925,399.7505,32.7764,107.3493
241.4699,413.3217,33.6794,104.7225
240.8056,420.082,32.9857,103.3356
240.202,428.309,32.203,102.8005
239.6579,434.5224,31.3235,104.1488
241.8931,439.0728,30.7945,104.9017
245.6446,449.4911,31.1779,103.7808
244.7273,459.9389,33.0123,102.5135
243.3807,467.9675,35.7056,100.3069
242.7403,473.7458,36.9864,100.7279
242.1674,482.0239,38.1322,100.3752
244.3963,489.0914,37.7564,100.5268
250.1851,492.991,36.3606,100.8732
252.124,495.7311,34.499,101.4415
256.4799,500.6836,33.7497,101.4895
256.6923,505.4468,33.3248,101.8511
256.9291,506.5484,32.8512,103.5979
255.4913,513.5624,33.7357,103.5076
254.9102,517.641,34.8979,103.3747
254.3981,523.0942,35.922,102.5953
252.0952,523.8278,36.462,103.161
250.8908,527.9578,36.8201,103.1042
252.9905,532.6555,36.7336,101.9345
253.7014,542.2771,37.3499,98.9964
252.1307,548.181,36.477,99.2313
252.2787,559.0317,36.181,99.4727
256.562,571.9092,41.565,91.654
257.9616,583.4773,48.644,84.323
278.5213,577.0637,55.2688,79.246
290.0966,563.5074,62.4686,73.9849
303.2915,552.1931,69.0279,69.8425
317.7581,545.7239,73.6661,68.0933
330.8781,537.6996,77.4226,67.0011
342.239,528.6823,80.897,65.3885
353.1228,520.7914,83.4393,63.4903
362.035,512.2946,85.5727,62.7436
373.6836,504.9879,86.8875,61.6949
384.0401,499.5081,88.5732,59.2153
402.4134,500.986,87.406,56.2597
411.4858,494.7735,86.5141,53.5884
419.176,494.1545,85.8206,54.8264
429.496,493.2535,84.1601,58.7373
435.0201,500.2696,79.5608,61.9024
446.4452,503.6211,73.7716,65.8624
457.2629,501.1454,66.8952,70.8139
462.7815,499.6604,60.018,75.864
472.0382,501.0481,53.7986,81.2845
474.519,504.115,48.837,85.3005
475.8822,509.7583,46.1106,88.0638
476.7613,514.2934,44.3523,91.0037
476.7655,518.2218,44.3438,93.2199
475.5335,519.5518,44.7611,94.6538
473.7849,524.9026,44.1082,96.4025
476.194,534.5547,45.5576,93.8119
471.0807,541.8304,43.3246,91.7199
471.9073,549.1887,43.6787,91.0543
473.7,561.8725,46.1045,89.7309
475.549,571.2833,48.4847,89.1443
481.5179,582.2536,50.954,89.8434
483.3788,590.0541,53.5635,89.0151
483.786,598.1678,57.0331,87.7822
498.5126,607.7626,60.302,81.6813
498.728,618.952,62.0138,76.4447
508.5513,609.0444,56.9979,79.5392
521.2789,592.9531,52.1044,84.9917
522.8228,570.473,51.074,88.8027
536.7572,547.9499,48.369,91.9093
546.6211,530.3267,45.4171,95.7006
552.9385,513.707,45.393,97.4137
566.2009,504.7599,48.6368,94.0444
570.0015,492.8521,53.8339,85.8644
568.8597,491.1941,60.3165,78.6833
587.1295,494.5923,65.7193,76.081
600.7815,507.1747,70.5722,74.498
611.7049,523.713,75.077,72.1649
628.3758,527.7138,77.4085,73.0816
639.9707,536.2034,79.3038,74.3463
649.2079,549.2157,81.8004,73.9528
661.2315,559.345,83.7407,72.5941
671.3956,567.7062,84.7472,72.4654
680.6264,576.2659,85.357,72.0336
689.7442,586.1453,86.2116,71.3651
699.1279,594.7147,86.5523,70.9458
706.1352,598.2255,86.8592,71.085
713.1547,603.9393,87.1834,71.6267
719.8208,606.152,88.2971,69.6088
731.5249,608.2462,86.4141,67.8123
734.7206,619.8525,87.0235,63.2687
734.705,630.7081,89.3228,57.4337
742.5296,631.3264,89.108,53.9921
750.4816,630.3763,88.2077,53.7489
756.1645,629.6813,87.4718,55.139
762.7468,625.5167,87.1391,57.0522
763.5825,622.3776,87.6337,58.9985
767.6402,615.5031,88.3423,59.5112
772.6019,609.7045,89.5451,57.7571
778.6732,610.6636,90.6845,55.8389
790.247,614.715,89.5183,54.3305
801.7666,610.1827,90.1868,50.4636
806.5056,610.1161,93.3021,44.3002
814.8537,611.3491,96.9731,39.7974
823.4061,615.3312,99.9596,35.8514
832.3029,617.9087,101.963,32.6763
838.616,618.7909,102.9802,30.9118
848.5014,619.1708,102.5108,30.1519
856.6741,618.9551,101.4388,30.5835
866.093,619.2947,99.7215,31.8065
876.3481,619.4872,98.2227,33.3225
885.3098,619.0596,97.474,34.1779
892.146,614.5239,99.1101,33.6814
900.8062,614.3498,99.1372,34.0297
909.1199,611.7219,97.9847,35.4167
917.5672,610.008,96.6395,36.9009
924.4744,606.9238,96.4873,37.214
929.9241,605.9995,97.3197,37.1073
937.0715,603.1492,96.7815,36.9123
943.0203,603.0619,96.608,37.0869
950.1807,603.62,95.9699,37.9253
964.5618,604.2734,94.66,36.6185
969.2174,603.7193,96.8591,33.8899
974.1277,604.3018,98.4357,32.7251
982.5896,604.1075,98.6136,33.1135
988.5401,605.895,100.0821,33.3585
998.4848,609.2853,99.5451,34.3188
1005.4048,608.7344,99.3235,35.4206
1011.6296,608.3716,100.6131,36.1462
1017.3886,610.1766,101.0616,36.5251
1022.3804,614.6539,101.1167,35.6015
1034.87,614.4372,98.0439,36.0349
1043.2777,614.2043,96.8754,36.5007
1049.8954,613.4395,97.2747,38.0302
1061.4861,611.927,95.8886,41.0553
1070.5543,610.2603,95.8982,44.3885
1076.1531,606.3615,97.1558,45.9588
1073.8309,601.9909,101.8001,46.2128
1076.8994,601.5377,108.8235,44.9258
1083.954,601.1183,110.6138,43.4931
1098.9096,595.0837,107.9556,41.9358
1112.8308,595.4164,104.3661,41.2706
1125.5844,593.7364,95.9912,46.772
1147.1517,597.7183,88.884,53.6432
1159.2781,612.9594,81.7047,61.5757
1169.4553,630.4476,74.3083,69.7941
1181.8207,643.137,67.016,77.112
1192.822,655.1556,60.277,83.6022
1197.8672,666.3654,54.53,89.4138
1203.2278,679.4559,50.3014,93.5318
1215.2819,690.249,52.0405,89.1773
1225.8106,717.39,56.4096,83.6289
1255.3528,725.1385,60.5803,78.6746
1287.7119,724.5369,65.2037,73.5739
1318.6402,728.7228,70.4361,67.2985
1352.9985,710.4335,66.1923,72.6808
1378.9987,671.1793,62.4515,77.7507
1395.9843,637.6751,64.4742,79.1233
1418.5132,606.3069,67.1785,78.9002
1435.6415,581.3438,70.5076,77.9755
1454.4381,561.7266,73.4053,76.719
1472.8558,543.8623,75.2541,76.0387
1490.8445,525.2722,75.9785,76.5175
1507.2232,507.3707,75.5999,77.6288
1520.9511,486.5608,71.3883,77.4091
1528.8816,473.196,66.8,79.3383
1521.3628,449.2841,68.5676,78.5058
1505.6546,431.604,71.034,78.2349
1492.9269,413.9851,71.6084,79.5442
1481.9005,395.1882,73.0378,78.1829
1470.7962,379.7722,72.3186,79.2086
1460.2876,368.6807,70.3608,83.0115
1452.1508,353.2642,68.0297,85.9374
1444.6663,340.7543,66.6654,87.6239
1436.1478,326.6023,67.3423,87.8824
1427.3867,317.0838,68.3999,88.1027
1422.2084,307.7294,69.2662,87.8307
1388.291,302.3535,75.1578,79.523
1339.6078,316.8885,80.9795,71.5788
1299.1221,330.6177,85.667,64.925
1259.3102,336.4092,90.2196,57.8918
1222.8633,340.6878,94.1078,51.5605
1193.0393,343.4156,97.1981,46.1051
1164.1376,344.9036,99.7517,41.004
1138.4943,346.979,101.3417,36.8532
1114.7139,348.706,102.4941,33.3993
1094.6537,350.1377,103.2132,30.5358
1075.1535,352.2741,103.6875,28.1893
1056.7992,353.1615,104.5197,26.4145
1040.9165,353.9175,104.5692,24.9024
1026.9639,355.4948,104.9208,23.5849
1013.3687,355.8924,104.8715,22.7896
1000.6343,356.1759,105.1458,22.2227
986.5269,356.3805,104.6857,21.8135
975.9713,356.5844,104.4646,21.4057
966.9929,358.4719,101.2233,24.6968
959.3844,356.9959,95.0042,29.435
952.6975,352.4249,88.6864,34.9967
957.0355,353.6217,83.6178,41.6216
959.8391,353.4945,81.709,47.4236
967.3884,360.4,81.9865,50.9107
974.8449,366.1256,82.9584,53.3586
980.0012,370.537,84.8949,54.7433
981.6815,383.9785,81.5342,57.1716
999.9022,383.8649,74.2712,61.5671
1006.6247,383.5838,66.9659,66.2225
1007.5562,378.4371,63.0943,68.4817
1006.7904,395.905,64.6259,63.2969
991.8394,390.9585,69.4961,61.6367
965.4248,377.2579,72.9646,61.3959
945.1887,365.9084,79.032,57.7856
921.207,362.6352,83.8038,54.0481
900.5764,353.5425,87.8825,47.4451
876.01,353.6608,92.7306,43.1827
852.8049,351.3593,94.9495,41.7595
833.5262,345.3045,97.2307,39.7618
815.9644,342.0973,100.1596,36.1153
799.9359,339.425,102.4057,33.5105
784.5173,331.5902,101.7086,35.3837
774.4732,329.9085,99.8425,38.7471
759.1856,325.9795,95.8894,42.543
739.5957,323.445,92.1689,43.5262
730.1673,317.7256,94.9726,38.9118
706.6571,317.5801,96.8096,35.2739
687.5366,318.1146,98.488,34.2049
669.8781,313.3101,99.0933,32.2434
652.7453,310.4398,101.051,32.2824
636.6141,307.76,100.5236,33.7844
621.8986,300.6828,98.7638,36.2423
609.4398,298.794,98.0726,38.0501
597.3188,291.3361,98.397,39.014
584.1491,291.2035,98.5375,39.2792
574.0053,286.2955,98.6041,38.9845
564.4829,283.5468,99.4894,36.411
555.064,279.881,100.4772,33.8259
543.8501,279.5254,101.4602,32.5877
535.7637,278.0264,102.1107,31.7051
526.9721,277.1691,102.298,31.4868
519.3628,274.3925,102.0651,31.2457
508.1076,275.1978,99.5688,31.5588
486.8858,273.9753,96.5482,34.0038
458.9939,280.2834,95.4153,34.6681
430.9479,288.8662,96.5983,32.6497
403.7349,294.8184,96.7126,31.9823
382.1738,301.2253,97.0089,30.3406
361.3669,304.9888,98.2438,28.3198
341.0971,307.6016,98.8646,26.7232
325.1654,306.4832,96.6675,28.96
307.9924,296.4399,91.3138,34.6102
291.6076,285.7887,85.5683,41.2402
283.0501,273.6075,80.2342,48.7657
277.3484,258.0977,74.3287,56.7069
273.248,239.3327,68.7544,64.7185
268.6126,226.343,63.9381,72.586
263.8777,212.6081,58.981,79.446
259.8797,200.289,54.4544,85.3003
259.5264,187.391,50.9584,90.0833
255.6815,177.2284,48.0779,93.4961
255.2343,166.6041,46.8569,95.7062
253.6958,158.3013,45.6802,97.4245
251.2801,148.7502,44.1172,99.4745
251.719,140.4895,45.3733,94.6553
250.5195,136.871,49.8582,87.2923
248.3273,133.2201,56.2965,80.2162
248.7399,126.6433,63.6912,72.8202
254.6022,122.8745,70.5129,65.9329
264.7416,120.8748,77.0032,59.6366
272.3063,118.2284,82.4398,54.6463
278.1682,119.1697,87.1596,50.7082
286.8474,113.5597,90.3869,47.5184
294.8735,110.3819,92.7918,43.6199
299.9909,110.608,94.6611,41.1503
307.2748,108.0754,96.0956,38.2145
313.621,107.9374,97.1786,36.5225
319.1417,107.4864,97.8521,35.4721
326.7536,107.9898,98.1708,34.4652
335.4419,107.8837,96.2242,34.6773
345.2872,105.6547,93.6792,35.3252
357.8329,103.6527,91.1574,37.4485
372.2393,102.6077,88.7129,39.5384
381.4497,105.3737,87.2654,41.5501
387.9431,111.13,87.5842,41.4423
392.5892,113.1392,89.7128,41.2308
397.6425,115.0523,91.1891,41.2655
403.8524,121.7306,92.4361,41.5757
410.4661,121.3803,93.0399,42.2764
417.2557,121.8157,93.4401,43.4025
