198.0,214.0,34.0,81.0
193.0,215.0,33.0,80.0
193.0,214.0,34.0,80.0
192.0,214.0,34.0,80.0
189.0,220.0,36.0,78.0
188.0,225.0,36.0,78.0
186.0,226.0,36.0,78.0
184.0,228.0,38.0,75.0
182.0,231.0,38.0,76.0
182.0,231.0,38.0,76.0
183.0,233.0,38.0,75.0
189.0,232.0,38.0,75.0
190.0,234.0,38.0,75.0
191.0,237.0,37.0,76.0
191.0,240.0,37.0,76.0
191.0,249.0,37.0,76.0
192.0,249.0,35.0,78.0
193.0,254.0,34.0,78.0
214.0,214.0,35.0,78.0
212.0,211.0,35.0,77.0
213.0,213.0,35.0,77.0
214.0,217.0,35.0,76.0
216.0,221.0,35.0,76.0
217.0,226.0,35.0,75.0
218.0,230.0,35.0,75.0
224.0,234.0,35.0,75.0
225.0,237.0,35.0,74.0
231.0,239.0,36.0,75.0
236.0,238.0,35.0,75.0
241.0,237.0,35.0,76.0
246.0,237.0,35.0,77.0
251.0,238.0,34.0,78.0
256.0,237.0,35.0,78.0
260.0,236.0,35.0,78.0
263.0,234.0,34.0,79.0
268.0,233.0,34.0,79.0
270.0,233.0,34.0,79.0
273.0,233.0,34.0,79.0
275.0,235.0,34.0,78.0
278.0,237.0,34.0,76.0
286.0,239.0,34.0,76.0
290.0,239.0,34.0,76.0
291.0,242.0,34.0,76.0
295.0,240.0,34.0,76.0
294.0,239.0,34.0,76.0
294.0,238.0,34.0,76.0
293.0,238.0,34.0,76.0
293.0,238.0,34.0,75.0
292.0,237.0,34.0,76.0
291.0,236.0,34.0,76.0
290.0,235.0,34.0,75.0
289.0,235.0,34.0,75.0
287.0,232.0,34.0,75.0
285.0,234.0,34.0,75.0
284.0,234.0,34.0,74.0
283.0,233.0,33.0,75.0
283.0,233.0,33.0,75.0
281.0,236.0,32.0,76.0
281.0,236.0,33.0,76.0
275.0,237.0,33.0,76.0
273.0,240.0,33.0,75.0
272.0,242.0,33.0,75.0
265.0,242.0,34.0,74.0
264.0,246.0,33.0,75.0
261.0,246.0,34.0,74.0
254.0,246.0,34.0,74.0
252.0,247.0,35.0,73.0
245.0,249.0,34.0,74.0
243.0,250.0,34.0,74.0
236.0,249.0,35.0,73.0
229.0,249.0,35.0,72.0
227.0,250.0,35.0,71.0
219.0,249.0,35.0,70.0
211.0,249.0,35.0,69.0
205.0,246.0,34.0,70.0
197.0,245.0,34.0,69.0
191.0,245.0,32.0,71.0
183.0,246.0,32.0,71.0
181.0,254.0,31.0,70.0
175.0,251.0,31.0,70.0
168.0,249.0,31.0,70.0
162.0,245.0,31.0,70.0
156.0,244.0,31.0,70.0
150.0,242.0,31.0,69.0
149.0,241.0,31.0,69.0
143.0,241.0,30.0,69.0
141.0,236.0,30.0,70.0
134.0,235.0,31.0,70.0
133.0,237.0,31.0,70.0
130.0,240.0,31.0,70.0
128.0,241.0,31.0,70.0
126.0,241.0,31.0,70.0
124.0,242.0,32.0,68.0
122.0,236.0,32.0,68.0
120.0,229.0,32.0,68.0
118.0,225.0,32.0,69.0
116.0,224.0,32.0,69.0
114.0,223.0,32.0,69.0
114.0,222.0,32.0,69.0
115.0,222.0,32.0,70.0
117.0,222.0,32.0,70.0
119.0,219.0,32.0,71.0
120.0,219.0,32.0,70.0
121.0,217.0,32.0,71.0
122.0,210.0,32.0,71.0
124.0,208.0,32.0,72.0
127.0,206.0,31.0,73.0
129.0,205.0,32.0,73.0
131.0,206.0,32.0,73.0
137.0,210.0,32.0,73.0
139.0,210.0,32.0,73.0
144.0,209.0,33.0,73.0
147.0,207.0,32.0,74.0
149.0,203.0,32.0,75.0
151.0,199.0,32.0,75.0
157.0,196.0,32.0,75.0
161.0,195.0,32.0,75.0
163.0,194.0,32.0,75.0
166.0,193.0,32.0,75.0
169.0,195.0,33.0,75.0
172.0,196.0,33.0,74.0
179.0,196.0,33.0,75.0
183.0,192.0,33.0,75.0
185.0,190.0,33.0,75.0
188.0,187.0,33.0,76.0
192.0,186.0,33.0,76.0
196.0,185.0,34.0,76.0
196.0,183.0,34.0,76.0
198.0,182.0,35.0,76.0
200.0,183.0,35.0,76.0
203.0,185.0,35.0,76.0
206.0,185.0,34.0,77.0
208.0,182.0,34.0,78.0
209.0,181.0,35.0,77.0
210.0,178.0,34.0,78.0
212.0,174.0,35.0,78.0
213.0,171.0,35.0,79.0
214.0,171.0,35.0,79.0
214.0,170.0,35.0,79.0
215.0,172.0,35.0,78.0
216.0,172.0,35.0,78.0
218.0,173.0,35.0,77.0
219.0,171.0,34.0,79.0
221.0,172.0,34.0,79.0
223.0,169.0,34.0,80.0
225.0,165.0,34.0,80.0
227.0,162.0,35.0,80.0
228.0,163.0,35.0,80.0
230.0,162.0,35.0,80.0
232.0,163.0,35.0,81.0
234.0,165.0,35.0,81.0
235.0,167.0,35.0,81.0
236.0,167.0,36.0,81.0
239.0,169.0,36.0,81.0
241.0,167.0,36.0,81.0
243.0,164.0,37.0,81.0
245.0,164.0,37.0,81.0
247.0,163.0,37.0,80.0
248.0,161.0,37.0,80.0
249.0,162.0,37.0,81.0
252.0,161.0,37.0,81.0
252.0,162.0,37.0,81.0
254.0,160.0,37.0,81.0
256.0,159.0,37.0,81.0
259.0,158.0,37.0,81.0
262.0,155.0,36.0,82.0
265.0,155.0,36.0,83.0
267.0,155.0,36.0,83.0
270.0,155.0,36.0,83.0
272.0,156.0,37.0,82.0
274.0,159.0,37.0,82.0
276.0,160.0,37.0,83.0
278.0,161.0,36.0,83.0
279.0,161.0,37.0,82.0
279.0,159.0,37.0,82.0
280.0,156.0,38.0,82.0
282.0,154.0,38.0,82.0
281.0,154.0,38.0,82.0
281.0,151.0,38.0,82.0
281.0,152.0,37.0,83.0
280.0,155.0,37.0,82.0
280.0,155.0,37.0,82.0
280.0,153.0,37.0,82.0
281.0,152.0,37.0,83.0
282.0,149.0,36.0,84.0
282.0,148.0,35.0,84.0
282.0,148.0,35.0,84.0
282.0,147.0,36.0,84.0
281.0,149.0,36.0,83.0
282.0,151.0,36.0,83.0
283.0,152.0,36.0,82.0
283.0,155.0,36.0,82.0
283.0,159.0,36.0,81.0
284.0,161.0,36.0,81.0
284.0,160.0,35.0,82.0
284.0,157.0,35.0,83.0
281.0,159.0,34.0,82.0
283.0,159.0,34.0,82.0
283.0,158.0,35.0,82.0
283.0,160.0,35.0,81.0
284.0,158.0,36.0,80.0
284.0,158.0,36.0,79.0
284.0,159.0,35.0,79.0
285.0,160.0,35.0,78.0
285.0,160.0,36.0,78.0
286.0,160.0,35.0,79.0
286.0,162.0,35.0,78.0
287.0,166.0,35.0,79.0
287.0,167.0,34.0,79.0
287.0,171.0,34.0,79.0
285.0,171.0,34.0,79.0
286.0,171.0,34.0,79.0
285.0,172.0,34.0,79.0
283.0,170.0,34.0,79.0
282.0,170.0,33.0,79.0
282.0,169.0,33.0,80.0
280.0,166.0,33.0,80.0
280.0,168.0,34.0,79.0
280.0,166.0,34.0,80.0
280.0,167.0,34.0,80.0
279.0,169.0,34.0,80.0
279.0,172.0,34.0,80.0
278.0,174.0,34.0,80.0
277.0,177.0,34.0,81.0
275.0,177.0,34.0,81.0
274.0,176.0,34.0,82.0
272.0,177.0,34.0,81.0
271.0,178.0,35.0,81.0
269.0,178.0,35.0,81.0
269.0,178.0,35.0,82.0
267.0,178.0,35.0,83.0
265.0,176.0,35.0,83.0
262.0,173.0,35.0,84.0
260.0,174.0,35.0,84.0
258.0,174.0,35.0,85.0
256.0,172.0,35.0,85.0
254.0,175.0,35.0,86.0
252.0,177.0,35.0,85.0
249.0,180.0,36.0,85.0
248.0,183.0,36.0,85.0
246.0,186.0,37.0,85.0
244.0,188.0,37.0,85.0
240.0,189.0,38.0,85.0
238.0,190.0,38.0,86.0
234.0,191.0,38.0,86.0
232.0,191.0,38.0,87.0
229.0,191.0,38.0,87.0
227.0,192.0,38.0,87.0
224.0,189.0,38.0,88.0
222.0,187.0,38.0,89.0
221.0,187.0,38.0,89.0
219.0,187.0,38.0,90.0
216.0,185.0,39.0,90.0
216.0,186.0,39.0,90.0
214.0,188.0,39.0,90.0
214.0,189.0,39.0,91.0
211.0,190.0,39.0,90.0
210.0,191.0,40.0,90.0
208.0,193.0,40.0,91.0
205.0,191.0,40.0,91.0
202.0,193.0,41.0,90.0
199.0,194.0,41.0,90.0
197.0,193.0,41.0,89.0
194.0,194.0,42.0,89.0
193.0,194.0,42.0,90.0
193.0,193.0,41.0,90.0
192.0,191.0,41.0,91.0
191.0,188.0,42.0,91.0
191.0,186.0,41.0,92.0
190.0,185.0,41.0,93.0
189.0,182.0,41.0,93.0
189.0,184.0,42.0,92.0
189.0,185.0,42.0,93.0
190.0,187.0,42.0,93.0
190.0,189.0,42.0,92.0
189.0,191.0,42.0,92.0
189.0,189.0,43.0,92.0
189.0,189.0,43.0,92.0
188.0,188.0,43.0,92.0
188.0,187.0,43.0,92.0
188.0,186.0,43.0,91.0
186.0,185.0,43.0,91.0
186.0,186.0,43.0,91.0
185.0,186.0,43.0,91.0
186.0,187.0,43.0,91.0
186.0,188.0,42.0,92.0
187.0,190.0,42.0,93.0
187.0,191.0,42.0,93.0
188.0,193.0,42.0,93.0
189.0,191.0,42.0,93.0
189.0,190.0,42.0,93.0
189.0,189.0,42.0,93.0
189.0,188.0,42.0,94.0
188.0,188.0,43.0,93.0
188.0,189.0,43.0,94.0
186.0,192.0,43.0,94.0
185.0,193.0,43.0,95.0
184.0,195.0,42.0,96.0
181.0,196.0,42.0,97.0
181.0,195.0,42.0,97.0
178.0,196.0,42.0,98.0
174.0,197.0,42.0,98.0
172.0,198.0,43.0,98.0
169.0,199.0,43.0,98.0
166.0,201.0,43.0,98.0
164.0,202.0,43.0,98.0
161.0,204.0,43.0,98.0
159.0,203.0,43.0,99.0
157.0,204.0,43.0,99.0
154.0,204.0,44.0,98.0
152.0,204.0,44.0,98.0
150.0,203.0,45.0,97.0
149.0,203.0,46.0,96.0
148.0,204.0,46.0,97.0
146.0,204.0,46.0,96.0
140.0,211.0,45.0,97.0
139.0,210.0,46.0,96.0
139.0,210.0,46.0,96.0
138.0,209.0,47.0,95.0
136.0,209.0,47.0,94.0
133.0,213.0,47.0,94.0
131.0,211.0,47.0,95.0
130.0,209.0,46.0,96.0
128.0,209.0,46.0,96.0
128.0,209.0,46.0,97.0
127.0,208.0,45.0,98.0
127.0,208.0,44.0,99.0
127.0,207.0,44.0,99.0
127.0,206.0,43.0,101.0
127.0,207.0,44.0,100.0
127.0,207.0,44.0,101.0
128.0,209.0,44.0,100.0
129.0,209.0,45.0,98.0
130.0,210.0,44.0,99.0
131.0,210.0,44.0,98.0
133.0,210.0,44.0,98.0
134.0,211.0,44.0,98.0
136.0,212.0,43.0,98.0
137.0,212.0,43.0,98.0
138.0,213.0,43.0,97.0
139.0,213.0,43.0,97.0
140.0,213.0,43.0,97.0
141.0,214.0,43.0,96.0
141.0,214.0,43.0,96.0
142.0,215.0,43.0,96.0
142.0,215.0,43.0,95.0
142.0,215.0,43.0,95.0
142.0,216.0,44.0,94.0
141.0,216.0,44.0,94.0
141.0,216.0,43.0,94.0
141.0,216.0,43.0,95.0
140.0,216.0,43.0,95.0
139.0,217.0,43.0,95.0
139.0,217.0,43.0,95.0
138.0,217.0,42.0,96.0
137.0,217.0,42.0,96.0
136.0,217.0,42.0,96.0
136.0,216.0,42.0,96.0
135.0,215.0,42.0,96.0
135.0,216.0,42.0,96.0
134.0,216.0,43.0,95.0
134.0,217.0,43.0,95.0
135.0,216.0,42.0,95.0
135.0,216.0,42.0,96.0
136.0,216.0,42.0,95.0
136.0,216.0,42.0,96.0
136.0,219.0,42.0,95.0
137.0,217.0,42.0,95.0
137.0,217.0,41.0,96.0
138.0,217.0,41.0,96.0
139.0,218.0,41.0,97.0
140.0,219.0,41.0,96.0
141.0,219.0,41.0,96.0
143.0,220.0,41.0,96.0
143.0,221.0,41.0,95.0
145.0,222.0,41.0,94.0
145.0,222.0,41.0,95.0
145.0,222.0,41.0,95.0
146.0,223.0,41.0,95.0
146.0,222.0,41.0,95.0
147.0,224.0,41.0,95.0
148.0,224.0,40.0,95.0
148.0,225.0,41.0,95.0
149.0,226.0,41.0,95.0
149.0,227.0,41.0,95.0
150.0,228.0,41.0,94.0
150.0,228.0,42.0,94.0
150.0,230.0,42.0,94.0
151.0,227.0,41.0,94.0
151.0,228.0,41.0,94.0
151.0,229.0,41.0,93.0
151.0,229.0,41.0,93.0
151.0,229.0,41.0,93.0
151.0,230.0,41.0,93.0
151.0,230.0,41.0,93.0
150.0,230.0,40.0,93.0
150.0,231.0,40.0,94.0
151.0,231.0,40.0,95.0
152.0,231.0,39.0,95.0
152.0,229.0,39.0,96.0
153.0,228.0,40.0,95.0
152.0,226.0,40.0,95.0
152.0,225.0,40.0,95.0
152.0,224.0,41.0,94.0
153.0,223.0,41.0,95.0
153.0,223.0,41.0,94.0
153.0,223.0,42.0,94.0
154.0,222.0,42.0,94.0
154.0,224.0,42.0,93.0
155.0,225.0,43.0,93.0
156.0,225.0,43.0,93.0
157.0,225.0,43.0,93.0
157.0,224.0,42.0,94.0
158.0,224.0,42.0,94.0
158.0,226.0,42.0,93.0
159.0,226.0,43.0,93.0
160.0,226.0,43.0,93.0
161.0,227.0,42.0,93.0
161.0,228.0,43.0,93.0
162.0,227.0,43.0,94.0
162.0,226.0,43.0,94.0
164.0,226.0,42.0,94.0
165.0,227.0,42.0,94.0
166.0,226.0,42.0,94.0
165.0,227.0,42.0,95.0
165.0,226.0,42.0,95.0
167.0,226.0,42.0,95.0
168.0,227.0,42.0,95.0
168.0,227.0,43.0,95.0
169.0,227.0,43.0,95.0
170.0,228.0,43.0,95.0
171.0,229.0,43.0,95.0
173.0,228.0,43.0,95.0
175.0,229.0,43.0,95.0
177.0,228.0,43.0,96.0
179.0,228.0,43.0,95.0
182.0,227.0,43.0,95.0
184.0,228.0,42.0,95.0
185.0,228.0,42.0,95.0
187.0,229.0,42.0,95.0
190.0,226.0,41.0,96.0
191.0,226.0,41.0,96.0
193.0,226.0,42.0,95.0
195.0,226.0,42.0,95.0
196.0,227.0,43.0,94.0
197.0,227.0,43.0,93.0
200.0,227.0,43.0,93.0
202.0,225.0,42.0,94.0
204.0,224.0,42.0,94.0
206.0,223.0,42.0,94.0
208.0,223.0,41.0,94.0
211.0,222.0,41.0,94.0
212.0,220.0,41.0,95.0
214.0,221.0,41.0,95.0
216.0,222.0,41.0,95.0
218.0,223.0,42.0,94.0
220.0,224.0,41.0,95.0
224.0,225.0,40.0,95.0
227.0,227.0,40.0,95.0
231.0,231.0,40.0,95.0
236.0,232.0,40.0,94.0
239.0,231.0,40.0,93.0
248.0,230.0,42.0,92.0
253.0,231.0,42.0,92.0
258.0,230.0,41.0,92.0
262.0,231.0,41.0,91.0
272.0,229.0,41.0,92.0
279.0,228.0,41.0,92.0
281.0,230.0,42.0,92.0
284.0,233.0,42.0,91.0
294.0,230.0,42.0,91.0
302.0,223.0,41.0,92.0
311.0,221.0,41.0,92.0
314.0,224.0,41.0,91.0
318.0,225.0,41.0,90.0
329.0,227.0,40.0,91.0
334.0,225.0,41.0,91.0
341.0,223.0,41.0,91.0
349.0,224.0,41.0,91.0
359.0,224.0,41.0,91.0
367.0,225.0,41.0,91.0
371.0,223.0,42.0,91.0
380.0,221.0,41.0,92.0
386.0,224.0,41.0,92.0
394.0,227.0,41.0,92.0
402.0,228.0,41.0,93.0
409.0,226.0,41.0,94.0
411.0,227.0,41.0,94.0
415.0,228.0,40.0,95.0
416.0,226.0,40.0,95.0
417.0,227.0,40.0,95.0
418.0,224.0,41.0,95.0
419.0,217.0,40.0,96.0
418.0,213.0,40.0,97.0
415.0,212.0,40.0,97.0
413.0,207.0,40.0,97.0
411.0,208.0,41.0,97.0
406.0,207.0,42.0,97.0
404.0,205.0,42.0,98.0
402.0,202.0,42.0,99.0
398.0,200.0,42.0,100.0
394.0,198.0,43.0,100.0
391.0,194.0,43.0,101.0
387.0,190.0,44.0,102.0
383.0,186.0,43.0,103.0
379.0,183.0,43.0,103.0
375.0,181.0,44.0,103.0
372.0,179.0,44.0,104.0
368.0,179.0,45.0,103.0
364.0,180.0,45.0,102.0
363.0,180.0,44.0,103.0
360.0,181.0,44.0,103.0
358.0,180.0,44.0,103.0
356.0,181.0,44.0,103.0
356.0,182.0,44.0,102.0
355.0,181.0,44.0,103.0
353.0,181.0,44.0,103.0
352.0,179.0,45.0,103.0
350.0,177.0,45.0,102.0
350.0,175.0,46.0,101.0
348.0,173.0,46.0,101.0
347.0,172.0,46.0,102.0
346.0,171.0,45.0,102.0
345.0,170.0,46.0,102.0
344.0,170.0,46.0,102.0
345.0,171.0,46.0,101.0
345.0,173.0,46.0,102.0
345.0,171.0,45.0,103.0
345.0,172.0,44.0,104.0
345.0,172.0,44.0,104.0
345.0,171.0,43.0,105.0
344.0,171.0,43.0,105.0
344.0,170.0,43.0,105.0
343.0,169.0,44.0,104.0
342.0,169.0,44.0,105.0
340.0,170.0,45.0,103.0
339.0,171.0,44.0,104.0
338.0,170.0,43.0,104.0
337.0,171.0,44.0,103.0
336.0,173.0,44.0,103.0
335.0,174.0,44.0,103.0
334.0,175.0,43.0,103.0
334.0,176.0,43.0,103.0
333.0,179.0,43.0,103.0
334.0,179.0,42.0,104.0
333.0,180.0,43.0,104.0
333.0,181.0,43.0,104.0
332.0,181.0,42.0,104.0
331.0,181.0,42.0,103.0
328.0,181.0,42.0,104.0
326.0,181.0,42.0,104.0
324.0,178.0,42.0,105.0
323.0,178.0,42.0,105.0
322.0,175.0,42.0,104.0
320.0,173.0,44.0,103.0
319.0,172.0,45.0,102.0
317.0,173.0,45.0,101.0
316.0,171.0,45.0,102.0
315.0,170.0,45.0,101.0
313.0,173.0,46.0,102.0
312.0,172.0,46.0,101.0
308.0,173.0,46.0,101.0
309.0,176.0,47.0,100.0
308.0,177.0,46.0,100.0
308.0,178.0,46.0,99.0
305.0,177.0,46.0,100.0
303.0,175.0,45.0,101.0
301.0,179.0,46.0,100.0
299.0,181.0,46.0,100.0
297.0,178.0,45.0,101.0
294.0,177.0,45.0,101.0
294.0,177.0,44.0,101.0
293.0,176.0,45.0,100.0
291.0,175.0,45.0,101.0
291.0,171.0,44.0,102.0
292.0,170.0,44.0,101.0
292.0,170.0,43.0,102.0
292.0,171.0,43.0,102.0
294.0,171.0,42.0,103.0
293.0,174.0,42.0,102.0
295.0,175.0,42.0,102.0
294.0,175.0,43.0,101.0
294.0,176.0,43.0,100.0
294.0,176.0,44.0,100.0
292.0,175.0,43.0,100.0
291.0,172.0,44.0,98.0
290.0,173.0,44.0,98.0
289.0,172.0,45.0,97.0
289.0,171.0,44.0,98.0
288.0,167.0,45.0,97.0
288.0,168.0,44.0,97.0
290.0,166.0,44.0,97.0
290.0,164.0,44.0,96.0
291.0,164.0,43.0,96.0
291.0,164.0,43.0,96.0
292.0,165.0,43.0,95.0
292.0,165.0,43.0,95.0
293.0,167.0,42.0,95.0
294.0,168.0,43.0,95.0
295.0,169.0,43.0,95.0
297.0,167.0,43.0,95.0
298.0,166.0,42.0,95.0
302.0,163.0,42.0,95.0
305.0,162.0,41.0,95.0
307.0,162.0,42.0,94.0
309.0,162.0,41.0,95.0
311.0,162.0,41.0,94.0
313.0,162.0,41.0,93.0
315.0,163.0,40.0,94.0
317.0,164.0,40.0,93.0
320.0,164.0,40.0,92.0
323.0,164.0,40.0,92.0
325.0,163.0,40.0,92.0
327.0,161.0,40.0,91.0
327.0,163.0,41.0,90.0
329.0,160.0,42.0,90.0
330.0,161.0,41.0,90.0
331.0,163.0,41.0,89.0
333.0,161.0,41.0,90.0
333.0,161.0,40.0,90.0
334.0,160.0,41.0,89.0
334.0,159.0,41.0,89.0
334.0,149.0,41.0,89.0
332.0,146.0,40.0,89.0
331.0,143.0,40.0,90.0
328.0,137.0,40.0,89.0
328.0,136.0,40.0,90.0
328.0,133.0,40.0,90.0
327.0,128.0,40.0,90.0
328.0,131.0,40.0,90.0
327.0,133.0,38.0,92.0
328.0,134.0,38.0,94.0
328.0,137.0,38.0,93.0
329.0,145.0,38.0,93.0
329.0,150.0,38.0,93.0
328.0,156.0,38.0,94.0
328.0,161.0,38.0,93.0
328.0,162.0,38.0,93.0
329.0,165.0,38.0,93.0
329.0,163.0,39.0,92.0
330.0,165.0,38.0,93.0
330.0,164.0,38.0,92.0
332.0,163.0,38.0,92.0
332.0,163.0,38.0,93.0
333.0,164.0,38.0,93.0
333.0,164.0,38.0,93.0
333.0,165.0,38.0,93.0
332.0,168.0,39.0,92.0
331.0,170.0,39.0,92.0
324.0,162.0,39.0,92.0
329.0,171.0,38.0,93.0
331.0,170.0,38.0,93.0
331.0,170.0,37.0,95.0
333.0,176.0,37.0,94.0
333.0,179.0,38.0,94.0
333.0,181.0,38.0,93.0
335.0,183.0,38.0,93.0
334.0,187.0,39.0,92.0
326.0,184.0,39.0,92.0
334.0,183.0,39.0,93.0
340.0,197.0,39.0,93.0
341.0,201.0,39.0,94.0
348.0,204.0,39.0,94.0
347.0,203.0,38.0,94.0
346.0,207.0,38.0,94.0
344.0,210.0,39.0,94.0
343.0,211.0,39.0,93.0
343.0,211.0,39.0,93.0
343.0,213.0,38.0,94.0
343.0,216.0,38.0,93.0
342.0,218.0,38.0,92.0
342.0,219.0,38.0,92.0
342.0,219.0,38.0,92.0
344.0,219.0,37.0,91.0
345.0,217.0,37.0,91.0
344.0,218.0,37.0,91.0
345.0,216.0,37.0,90.0
346.0,214.0,36.0,91.0
346.0,212.0,37.0,90.0
346.0,215.0,37.0,88.0
347.0,214.0,37.0,88.0
348.0,215.0,38.0,87.0
348.0,215.0,38.0,86.0
350.0,214.0,38.0,86.0
350.0,215.0,38.0,86.0
350.0,213.0,38.0,86.0
349.0,213.0,38.0,86.0
349.0,212.0,38.0,86.0
348.0,213.0,37.0,86.0
349.0,211.0,37.0,86.0
347.0,210.0,37.0,86.0
347.0,207.0,36.0,87.0
347.0,207.0,36.0,87.0
347.0,208.0,37.0,86.0
346.0,209.0,37.0,86.0
344.0,209.0,38.0,85.0
345.0,210.0,38.0,85.0
344.0,210.0,38.0,85.0
344.0,210.0,38.0,85.0
345.0,212.0,37.0,86.0
344.0,210.0,37.0,87.0
344.0,210.0,37.0,86.0
343.0,211.0,38.0,85.0
342.0,210.0,38.0,85.0
341.0,210.0,38.0,85.0
340.0,208.0,38.0,86.0
341.0,207.0,38.0,86.0
341.0,206.0,38.0,85.0
340.0,207.0,39.0,85.0
340.0,206.0,39.0,84.0
341.0,210.0,39.0,85.0
340.0,211.0,39.0,84.0
341.0,213.0,38.0,84.0
341.0,214.0,38.0,84.0
340.0,211.0,38.0,84.0
340.0,210.0,37.0,84.0
341.0,207.0,37.0,84.0
338.0,205.0,37.0,84.0
335.0,204.0,37.0,85.0
333.0,205.0,37.0,85.0
330.0,207.0,37.0,85.0
328.0,204.0,38.0,85.0
322.0,201.0,38.0,85.0
321.0,199.0,39.0,84.0
314.0,194.0,39.0,84.0
