450.0,91.0,31.0,37.0
446.0,97.0,31.0,36.0
441.0,103.0,31.0,36.0
434.0,107.0,34.0,33.0
427.0,113.0,35.0,32.0
421.0,114.0,35.0,32.0
415.0,115.0,35.0,32.0
415.0,116.0,34.0,32.0
414.0,118.0,34.0,32.0
412.0,120.0,35.0,31.0
411.0,119.0,35.0,30.0
411.0,118.0,35.0,31.0
402.0,119.0,34.0,32.0
402.0,118.0,32.0,33.0
397.0,122.0,31.0,35.0
396.0,126.0,31.0,35.0
395.0,127.0,30.0,35.0
391.0,131.0,30.0,36.0
392.0,132.0,30.0,36.0
388.0,139.0,31.0,35.0
388.0,143.0,33.0,33.0
389.0,147.0,34.0,32.0
390.0,151.0,34.0,32.0
389.0,150.0,33.0,33.0
387.0,152.0,33.0,33.0
387.0,152.0,33.0,33.0
386.0,149.0,34.0,32.0
386.0,146.0,33.0,31.0
385.0,145.0,34.0,31.0
385.0,141.0,33.0,31.0
384.0,141.0,32.0,32.0
383.0,139.0,33.0,32.0
379.0,138.0,31.0,33.0
378.0,133.0,30.0,34.0
378.0,128.0,30.0,35.0
378.0,125.0,30.0,35.0
378.0,141.0,31.0,34.0
380.0,144.0,32.0,33.0
380.0,148.0,32.0,32.0
380.0,148.0,31.0,33.0
378.0,149.0,31.0,34.0
380.0,150.0,31.0,33.0
377.0,152.0,32.0,32.0
380.0,150.0,33.0,31.0
378.0,150.0,33.0,31.0
374.0,151.0,33.0,31.0
371.0,152.0,32.0,32.0
369.0,152.0,31.0,33.0
370.0,152.0,30.0,33.0
372.0,150.0,29.0,34.0
372.0,151.0,29.0,35.0
373.0,150.0,29.0,35.0
373.0,159.0,30.0,34.0
373.0,160.0,31.0,33.0
377.0,161.0,31.0,32.0
377.0,162.0,30.0,33.0
377.0,164.0,30.0,33.0
380.0,167.0,30.0,32.0
380.0,168.0,32.0,31.0
379.0,169.0,33.0,30.0
379.0,170.0,33.0,29.0
379.0,170.0,33.0,29.0
376.0,171.0,32.0,29.0
379.0,169.0,30.0,31.0
381.0,168.0,29.0,33.0
383.0,165.0,28.0,35.0
383.0,169.0,27.0,36.0
382.0,170.0,27.0,36.0
381.0,173.0,29.0,34.0
382.0,178.0,30.0,33.0
382.0,182.0,31.0,31.0
383.0,182.0,31.0,31.0
383.0,183.0,31.0,31.0
386.0,182.0,31.0,31.0
389.0,181.0,31.0,30.0
389.0,183.0,32.0,29.0
388.0,184.0,33.0,28.0
384.0,185.0,33.0,28.0
384.0,184.0,32.0,29.0
384.0,183.0,31.0,30.0
384.0,184.0,30.0,31.0
382.0,186.0,28.0,32.0
381.0,186.0,28.0,33.0
381.0,183.0,27.0,33.0
381.0,185.0,28.0,33.0
381.0,187.0,29.0,31.0
381.0,189.0,30.0,31.0
382.0,190.0,30.0,31.0
381.0,193.0,30.0,31.0
380.0,193.0,30.0,31.0
380.0,192.0,30.0,30.0
380.0,192.0,31.0,30.0
380.0,192.0,31.0,29.0
378.0,192.0,31.0,29.0
377.0,193.0,31.0,29.0
376.0,193.0,31.0,29.0
373.0,193.0,31.0,28.0
373.0,195.0,31.0,28.0
373.0,194.0,30.0,28.0
373.0,194.0,30.0,28.0
373.0,197.0,30.0,28.0
374.0,196.0,29.0,28.0
374.0,196.0,30.0,28.0
375.0,196.0,29.0,28.0
371.0,196.0,29.0,28.0
370.0,196.0,30.0,28.0
370.0,196.0,30.0,28.0
370.0,196.0,30.0,28.0
369.0,194.0,30.0,28.0
367.0,194.0,30.0,28.0
367.0,192.0,30.0,27.0
366.0,193.0,29.0,28.0
366.0,192.0,29.0,28.0
366.0,192.0,29.0,28.0
365.0,192.0,29.0,28.0
365.0,193.0,29.0,28.0
361.0,194.0,29.0,28.0
358.0,192.0,29.0,27.0
358.0,191.0,29.0,27.0
358.0,192.0,29.0,26.0
355.0,191.0,29.0,26.0
356.0,190.0,28.0,26.0
356.0,190.0,27.0,26.0
357.0,189.0,27.0,26.0
356.0,189.0,27.0,26.0
353.0,189.0,27.0,25.0
354.0,189.0,27.0,24.0
354.0,189.0,27.0,24.0
351.0,189.0,27.0,24.0
352.0,186.0,27.0,24.0
352.0,187.0,27.0,25.0
353.0,184.0,27.0,25.0
353.0,184.0,27.0,25.0
350.0,185.0,27.0,25.0
351.0,184.0,27.0,25.0
351.0,181.0,27.0,25.0
352.0,179.0,26.0,25.0
353.0,179.0,26.0,25.0
350.0,179.0,26.0,25.0
351.0,179.0,26.0,25.0
351.0,179.0,26.0,25.0
351.0,179.0,26.0,25.0
352.0,179.0,26.0,25.0
352.0,180.0,26.0,25.0
353.0,180.0,26.0,25.0
353.0,180.0,26.0,25.0
354.0,180.0,26.0,25.0
354.0,180.0,26.0,25.0
355.0,180.0,26.0,25.0
356.0,181.0,26.0,25.0
356.0,181.0,26.0,25.0
356.0,181.0,26.0,25.0
357.0,181.0,26.0,25.0
357.0,181.0,26.0,25.0
357.0,181.0,26.0,25.0
357.0,181.0,26.0,25.0
357.0,181.0,26.0,25.0
357.0,182.0,26.0,25.0
358.0,182.0,26.0,25.0
358.0,182.0,26.0,25.0
358.0,182.0,26.0,25.0
359.0,182.0,26.0,25.0
359.0,182.0,26.0,25.0
360.0,182.0,26.0,25.0
361.0,183.0,26.0,25.0
361.0,183.0,26.0,25.0
362.0,183.0,26.0,25.0
363.0,183.0,26.0,25.0
363.0,183.0,26.0,25.0
364.0,184.0,26.0,25.0
365.0,184.0,26.0,25.0
365.0,184.0,26.0,25.0
366.0,184.0,26.0,25.0
367.0,185.0,26.0,25.0
367.0,185.0,26.0,25.0
368.0,185.0,26.0,25.0
369.0,185.0,26.0,25.0
370.0,185.0,26.0,25.0
371.0,185.0,26.0,25.0
371.0,185.0,26.0,25.0
372.0,185.0,26.0,25.0
373.0,185.0,26.0,25.0
352.0,169.0,27.0,24.0
352.0,168.0,26.0,24.0
352.0,168.0,26.0,24.0
352.0,167.0,26.0,24.0
352.0,164.0,26.0,24.0
352.0,164.0,25.0,24.0
353.0,164.0,25.0,24.0
353.0,164.0,25.0,24.0
353.0,164.0,25.0,24.0
354.0,164.0,24.0,24.0
352.0,162.0,24.0,24.0
353.0,162.0,24.0,23.0
354.0,161.0,24.0,23.0
353.0,158.0,24.0,23.0
353.0,159.0,25.0,22.0
354.0,158.0,24.0,23.0
357.0,155.0,24.0,23.0
356.0,157.0,24.0,22.0
356.0,157.0,24.0,23.0
354.0,158.0,24.0,23.0
354.0,158.0,23.0,23.0
354.0,158.0,24.0,22.0
354.0,156.0,24.0,22.0
355.0,152.0,23.0,22.0
357.0,147.0,23.0,22.0
354.0,147.0,23.0,22.0
355.0,148.0,23.0,22.0
356.0,148.0,24.0,22.0
355.0,142.0,24.0,22.0
358.0,141.0,24.0,21.0
355.0,142.0,24.0,21.0
353.0,142.0,24.0,21.0
352.0,142.0,24.0,21.0
352.0,142.0,23.0,21.0
353.0,141.0,22.0,22.0
353.0,141.0,22.0,22.0
354.0,139.0,22.0,22.0
354.0,139.0,22.0,21.0
352.0,136.0,22.0,21.0
354.0,134.0,22.0,21.0
355.0,132.0,22.0,21.0
355.0,130.0,22.0,21.0
353.0,129.0,22.0,21.0
354.0,127.0,22.0,21.0
355.0,127.0,22.0,21.0
355.0,125.0,22.0,20.0
355.0,125.0,22.0,20.0
355.0,125.0,22.0,20.0
355.0,123.0,22.0,20.0
354.0,123.0,21.0,20.0
352.0,123.0,22.0,19.0
354.0,123.0,21.0,19.0
355.0,120.0,20.0,20.0
356.0,120.0,20.0,20.0
355.0,120.0,20.0,20.0
354.0,121.0,20.0,20.0
354.0,120.0,20.0,20.0
357.0,120.0,21.0,19.0
361.0,118.0,21.0,18.0
359.0,117.0,21.0,19.0
358.0,113.0,21.0,19.0
357.0,112.0,20.0,19.0
356.0,110.0,20.0,20.0
357.0,115.0,19.0,20.0
354.0,117.0,19.0,20.0
354.0,114.0,19.0,20.0
354.0,111.0,19.0,20.0
356.0,106.0,19.0,20.0
354.0,95.0,20.0,20.0
355.0,92.0,20.0,19.0
355.0,89.0,21.0,18.0
359.0,86.0,21.0,18.0
363.0,82.0,21.0,18.0
364.0,77.0,20.0,18.0
369.0,72.0,20.0,19.0
373.0,70.0,19.0,20.0
377.0,64.0,18.0,21.0
384.0,58.0,18.0,21.0
389.0,53.0,19.0,20.0
392.0,60.0,20.0,19.0
402.0,61.0,21.0,18.0
414.0,62.0,22.0,18.0
429.0,62.0,22.0,17.0
443.0,63.0,22.0,17.0
455.0,63.0,21.0,19.0
469.0,62.0,20.0,19.0
467.0,62.0,20.0,20.0
472.0,59.0,20.0,20.0
477.0,60.0,20.0,20.0
481.0,54.0,20.0,20.0
481.0,56.0,21.0,20.0
482.0,50.0,21.0,20.0
484.0,47.0,20.0,20.0
481.0,47.0,20.0,21.0
485.0,54.0,20.0,21.0
491.0,62.0,20.0,21.0
496.0,70.0,20.0,21.0
499.0,80.0,20.0,22.0
501.0,88.0,20.0,22.0
501.0,98.0,21.0,21.0
503.0,107.0,20.0,21.0
504.0,120.0,21.0,21.0
507.0,130.0,21.0,21.0
507.0,141.0,22.0,21.0
508.0,152.0,22.0,21.0
511.0,162.0,22.0,21.0
513.0,155.0,22.0,21.0
515.0,155.0,22.0,21.0
516.0,155.0,22.0,21.0
516.0,155.0,22.0,21.0
518.0,155.0,22.0,21.0
520.0,154.0,22.0,20.0
522.0,153.0,22.0,21.0
524.0,153.0,22.0,21.0
524.0,153.0,22.0,20.0
526.0,152.0,23.0,20.0
528.0,152.0,23.0,20.0
530.0,151.0,23.0,20.0
532.0,150.0,23.0,20.0
534.0,150.0,23.0,20.0
536.0,150.0,23.0,20.0
536.0,150.0,23.0,20.0
538.0,150.0,23.0,20.0
540.0,150.0,23.0,20.0
541.0,149.0,23.0,20.0
544.0,149.0,23.0,20.0
546.0,149.0,23.0,20.0
548.0,149.0,23.0,20.0
550.0,149.0,23.0,20.0
552.0,148.0,23.0,20.0
553.0,148.0,23.0,19.0
555.0,149.0,23.0,19.0
558.0,149.0,23.0,19.0
559.0,148.0,23.0,20.0
562.0,148.0,23.0,20.0
564.0,148.0,23.0,20.0
567.0,148.0,23.0,20.0
569.0,148.0,23.0,20.0
569.0,148.0,23.0,20.0
572.0,148.0,23.0,20.0
574.0,148.0,23.0,19.0
577.0,148.0,23.0,19.0
576.0,151.0,23.0,19.0
581.0,151.0,23.0,19.0
583.0,153.0,23.0,19.0
585.0,152.0,23.0,19.0
586.0,154.0,23.0,19.0
590.0,154.0,22.0,19.0
592.0,153.0,22.0,19.0
589.0,151.0,21.0,19.0
589.0,151.0,21.0,20.0
594.0,149.0,21.0,20.0
595.0,150.0,21.0,21.0
596.0,151.0,21.0,21.0
598.0,156.0,21.0,21.0
599.0,158.0,20.0,21.0
601.0,160.0,21.0,21.0
602.0,161.0,21.0,21.0
603.0,161.0,21.0,21.0
602.0,164.0,21.0,20.0
604.0,164.0,21.0,20.0
605.0,167.0,21.0,20.0
607.0,169.0,21.0,20.0
607.0,171.0,21.0,20.0
607.0,173.0,22.0,19.0
610.0,175.0,22.0,20.0
612.0,175.0,22.0,20.0
614.0,178.0,21.0,20.0
617.0,178.0,21.0,20.0
619.0,179.0,21.0,20.0
621.0,181.0,21.0,20.0
625.0,182.0,21.0,20.0
628.0,184.0,21.0,20.0
632.0,184.0,21.0,20.0
635.0,186.0,21.0,20.0
639.0,186.0,21.0,20.0
644.0,186.0,21.0,19.0
648.0,186.0,21.0,19.0
653.0,188.0,21.0,19.0
659.0,188.0,21.0,19.0
664.0,188.0,21.0,19.0
669.0,187.0,21.0,19.0
677.0,187.0,22.0,19.0
684.0,187.0,22.0,19.0
692.0,187.0,22.0,19.0
675.0,175.0,22.0,18.0
682.0,175.0,22.0,18.0
687.0,173.0,22.0,18.0
692.0,172.0,22.0,18.0
700.0,169.0,22.0,18.0
703.0,169.0,22.0,18.0
702.0,169.0,22.0,18.0
702.0,170.0,22.0,18.0
701.0,170.0,22.0,18.0
678.0,191.0,21.0,19.0
684.0,192.0,21.0,19.0
695.0,190.0,21.0,19.0
701.0,191.0,21.0,19.0
704.0,191.0,20.0,20.0
699.0,191.0,20.0,20.0
699.0,192.0,20.0,20.0
701.0,194.0,20.0,20.0
705.0,200.0,20.0,21.0
705.0,200.0,20.0,21.0
704.0,200.0,20.0,21.0
702.0,196.0,20.0,21.0
701.0,197.0,20.0,21.0
701.0,197.0,20.0,21.0
701.0,200.0,20.0,20.0
697.0,191.0,20.0,20.0
701.0,193.0,20.0,20.0
702.0,198.0,20.0,20.0
701.0,198.0,20.0,20.0
700.0,198.0,20.0,20.0
700.0,200.0,20.0,20.0
700.0,203.0,20.0,20.0
700.0,203.0,20.0,20.0
702.0,203.0,20.0,20.0
701.0,200.0,20.0,20.0
699.0,194.0,20.0,20.0
702.0,192.0,19.0,21.0
701.0,192.0,19.0,21.0
700.0,192.0,19.0,21.0
703.0,192.0,19.0,21.0
705.0,192.0,19.0,21.0
703.0,189.0,19.0,21.0
