246.0,226.0,94.0,114.0
250.0,233.0,93.0,115.0
249.0,236.0,93.0,115.0
251.0,238.0,93.0,115.0
252.0,240.0,93.0,116.0
255.0,241.0,94.0,116.0
256.0,243.0,94.0,116.0
257.0,242.0,94.0,117.0
257.0,243.0,94.0,117.0
257.0,242.0,95.0,117.0
258.0,243.0,95.0,117.0
260.0,240.0,94.0,119.0
263.0,238.0,95.0,119.0
267.0,238.0,95.0,119.0
271.0,236.0,94.0,120.0
272.0,235.0,95.0,120.0
273.0,234.0,95.0,120.0
273.0,228.0,95.0,121.0
279.0,225.0,95.0,121.0
286.0,228.0,97.0,120.0
277.0,226.0,98.0,120.0
271.0,220.0,99.0,121.0
276.0,209.0,101.0,120.0
281.0,203.0,103.0,119.0
295.0,197.0,102.0,120.0
313.0,196.0,103.0,119.0
328.0,199.0,102.0,120.0
323.0,203.0,102.0,121.0
313.0,206.0,102.0,121.0
299.0,210.0,102.0,122.0
279.0,216.0,103.0,122.0
259.0,212.0,104.0,122.0
259.0,206.0,104.0,122.0
273.0,201.0,104.0,122.0
290.0,197.0,104.0,121.0
312.0,195.0,103.0,122.0
334.0,197.0,103.0,121.0
344.0,208.0,103.0,123.0
328.0,218.0,103.0,123.0
300.0,224.0,103.0,124.0
269.0,234.0,104.0,125.0
245.0,220.0,106.0,125.0
239.0,207.0,107.0,125.0
255.0,202.0,109.0,123.0
278.0,194.0,109.0,123.0
299.0,193.0,107.0,124.0
322.0,195.0,107.0,124.0
331.0,206.0,106.0,125.0
309.0,212.0,107.0,125.0
287.0,213.0,107.0,125.0
274.0,205.0,108.0,125.0
274.0,197.0,109.0,126.0
289.0,193.0,107.0,127.0
313.0,194.0,107.0,126.0
332.0,201.0,107.0,126.0
335.0,204.0,106.0,128.0
311.0,204.0,107.0,127.0
275.0,204.0,108.0,127.0
236.0,196.0,110.0,126.0
212.0,185.0,111.0,126.0
214.0,176.0,111.0,126.0
238.0,162.0,110.0,127.0
257.0,155.0,111.0,126.0
278.0,159.0,109.0,128.0
290.0,179.0,109.0,128.0
290.0,206.0,109.0,129.0
276.0,224.0,108.0,131.0
265.0,228.0,110.0,131.0
257.0,208.0,110.0,133.0
259.0,189.0,110.0,134.0
264.0,188.0,111.0,133.0
279.0,193.0,111.0,133.0
279.0,221.0,111.0,133.0
265.0,250.0,113.0,132.0
255.0,266.0,113.0,131.0
241.0,244.0,113.0,132.0
233.0,209.0,112.0,136.0
249.0,165.0,111.0,137.0
259.0,150.0,110.0,138.0
282.0,164.0,110.0,139.0
295.0,193.0,110.0,138.0
283.0,233.0,113.0,138.0
263.0,262.0,115.0,135.0
233.0,263.0,116.0,136.0
217.0,233.0,114.0,139.0
220.0,195.0,114.0,140.0
234.0,184.0,114.0,140.0
263.0,198.0,112.0,141.0
291.0,228.0,112.0,141.0
294.0,256.0,113.0,141.0
277.0,278.0,113.0,141.0
249.0,271.0,114.0,142.0
228.0,244.0,116.0,142.0
231.0,211.0,117.0,141.0
259.0,203.0,117.0,140.0
295.0,210.0,117.0,139.0
322.0,228.0,117.0,139.0
341.0,236.0,116.0,141.0
332.0,244.0,116.0,142.0
298.0,240.0,117.0,141.0
253.0,241.0,119.0,140.0
217.0,232.0,120.0,141.0
171.0,222.0,121.0,140.0
156.0,213.0,121.0,141.0
182.0,201.0,122.0,138.0
223.0,180.0,119.0,140.0
252.0,169.0,118.0,141.0
289.0,157.0,118.0,141.0
300.0,146.0,117.0,141.0
281.0,143.0,117.0,141.0
261.0,140.0,117.0,141.0
246.0,137.0,117.0,142.0
251.0,136.0,118.0,140.0
271.0,139.0,119.0,138.0
307.0,151.0,118.0,138.0
332.0,173.0,119.0,137.0
345.0,181.0,117.0,140.0
319.0,177.0,118.0,140.0
276.0,174.0,119.0,139.0
224.0,166.0,119.0,141.0
175.0,157.0,120.0,140.0
159.0,155.0,119.0,142.0
183.0,163.0,121.0,140.0
231.0,168.0,119.0,140.0
273.0,181.0,118.0,141.0
311.0,185.0,118.0,140.0
342.0,189.0,117.0,142.0
322.0,185.0,117.0,141.0
292.0,176.0,118.0,142.0
251.0,156.0,119.0,143.0
217.0,131.0,118.0,145.0
222.0,115.0,117.0,146.0
246.0,114.0,119.0,143.0
260.0,131.0,118.0,145.0
277.0,161.0,118.0,146.0
286.0,195.0,118.0,145.0
264.0,219.0,117.0,146.0
246.0,222.0,117.0,147.0
227.0,211.0,118.0,148.0
219.0,182.0,120.0,148.0
241.0,163.0,121.0,147.0
264.0,159.0,121.0,146.0
280.0,170.0,120.0,147.0
288.0,200.0,119.0,148.0
279.0,234.0,120.0,147.0
274.0,270.0,121.0,146.0
278.0,284.0,123.0,144.0
275.0,261.0,122.0,146.0
284.0,212.0,120.0,149.0
292.0,157.0,119.0,152.0
287.0,115.0,121.0,152.0
280.0,113.0,122.0,150.0
268.0,146.0,122.0,150.0
270.0,213.0,122.0,151.0
291.0,276.0,120.0,154.0
302.0,308.0,123.0,151.0
312.0,291.0,122.0,152.0
311.0,237.0,122.0,154.0
304.0,173.0,120.0,156.0
293.0,130.0,122.0,155.0
291.0,131.0,124.0,153.0
277.0,167.0,124.0,153.0
279.0,223.0,124.0,153.0
303.0,276.0,125.0,152.0
310.0,290.0,126.0,151.0
300.0,257.0,125.0,154.0
301.0,205.0,123.0,157.0
299.0,157.0,123.0,157.0
295.0,143.0,125.0,155.0
282.0,156.0,126.0,156.0
281.0,204.0,124.0,158.0
282.0,256.0,124.0,159.0
274.0,284.0,126.0,157.0
267.0,281.0,126.0,157.0
277.0,262.0,127.0,156.0
272.0,242.0,127.0,156.0
263.0,230.0,128.0,156.0
266.0,227.0,128.0,154.0
242.0,240.0,129.0,152.0
217.0,255.0,130.0,152.0
196.0,271.0,129.0,153.0
183.0,284.0,129.0,153.0
183.0,285.0,128.0,153.0
210.0,280.0,128.0,151.0
241.0,275.0,125.0,152.0
269.0,272.0,125.0,151.0
302.0,266.0,123.0,151.0
323.0,262.0,122.0,151.0
311.0,257.0,122.0,151.0
285.0,247.0,122.0,151.0
249.0,234.0,123.0,151.0
210.0,226.0,125.0,150.0
185.0,222.0,125.0,150.0
175.0,219.0,126.0,149.0
188.0,215.0,126.0,147.0
219.0,209.0,126.0,145.0
259.0,203.0,125.0,144.0
299.0,188.0,124.0,145.0
338.0,187.0,121.0,146.0
352.0,187.0,121.0,146.0
337.0,183.0,119.0,148.0
306.0,181.0,120.0,147.0
268.0,173.0,120.0,149.0
229.0,162.0,121.0,148.0
213.0,143.0,122.0,148.0
231.0,131.0,124.0,146.0
269.0,131.0,122.0,147.0
299.0,140.0,120.0,148.0
328.0,146.0,120.0,147.0
332.0,147.0,120.0,147.0
299.0,141.0,119.0,149.0
263.0,136.0,119.0,149.0
233.0,129.0,120.0,149.0
218.0,125.0,119.0,150.0
237.0,135.0,121.0,148.0
280.0,149.0,121.0,147.0
309.0,171.0,120.0,147.0
327.0,181.0,120.0,147.0
337.0,197.0,121.0,146.0
315.0,201.0,120.0,147.0
285.0,214.0,121.0,147.0
256.0,228.0,121.0,146.0
239.0,214.0,121.0,148.0
240.0,192.0,121.0,148.0
264.0,180.0,122.0,147.0
306.0,177.0,121.0,148.0
336.0,191.0,120.0,148.0
364.0,199.0,119.0,148.0
358.0,195.0,121.0,147.0
313.0,183.0,121.0,148.0
265.0,167.0,122.0,149.0
238.0,148.0,123.0,149.0
234.0,136.0,124.0,149.0
260.0,130.0,123.0,148.0
293.0,139.0,121.0,150.0
316.0,156.0,121.0,149.0
341.0,175.0,122.0,148.0
332.0,189.0,122.0,148.0
298.0,183.0,122.0,149.0
255.0,174.0,123.0,149.0
208.0,152.0,123.0,150.0
163.0,137.0,124.0,151.0
144.0,131.0,125.0,150.0
150.0,124.0,125.0,151.0
181.0,117.0,126.0,149.0
218.0,121.0,124.0,150.0
249.0,137.0,125.0,150.0
286.0,166.0,123.0,152.0
306.0,200.0,122.0,153.0
319.0,226.0,123.0,152.0
287.0,244.0,125.0,150.0
238.0,253.0,125.0,150.0
202.0,243.0,124.0,153.0
173.0,219.0,125.0,154.0
187.0,188.0,127.0,150.0
222.0,166.0,127.0,149.0
252.0,162.0,125.0,150.0
277.0,184.0,123.0,152.0
299.0,206.0,123.0,151.0
297.0,231.0,123.0,151.0
272.0,242.0,124.0,150.0
237.0,228.0,125.0,151.0
207.0,193.0,123.0,155.0
199.0,144.0,124.0,155.0
230.0,124.0,126.0,152.0
269.0,125.0,124.0,154.0
298.0,157.0,123.0,155.0
323.0,193.0,123.0,155.0
335.0,225.0,124.0,154.0
300.0,227.0,124.0,154.0
247.0,221.0,126.0,153.0
192.0,197.0,126.0,156.0
162.0,172.0,128.0,156.0
181.0,148.0,130.0,152.0
219.0,130.0,130.0,151.0
259.0,131.0,129.0,151.0
292.0,145.0,127.0,153.0
312.0,162.0,127.0,153.0
306.0,177.0,127.0,153.0
292.0,189.0,127.0,153.0
266.0,183.0,128.0,153.0
218.0,156.0,128.0,155.0
202.0,138.0,129.0,155.0
232.0,133.0,131.0,151.0
282.0,130.0,130.0,151.0
327.0,147.0,129.0,151.0
355.0,165.0,128.0,152.0
360.0,169.0,125.0,155.0
328.0,160.0,126.0,156.0
293.0,149.0,126.0,157.0
242.0,134.0,128.0,157.0
195.0,129.0,126.0,158.0
189.0,130.0,127.0,158.0
206.0,130.0,126.0,158.0
243.0,131.0,128.0,154.0
287.0,145.0,127.0,154.0
330.0,155.0,126.0,153.0
372.0,157.0,128.0,150.0
393.0,166.0,126.0,152.0
379.0,163.0,125.0,153.0
346.0,153.0,126.0,154.0
293.0,138.0,127.0,155.0
225.0,123.0,128.0,155.0
165.0,116.0,129.0,155.0
115.0,115.0,128.0,157.0
98.0,123.0,129.0,157.0
113.0,130.0,130.0,154.0
150.0,131.0,131.0,151.0
199.0,134.0,129.0,152.0
258.0,135.0,127.0,152.0
319.0,147.0,125.0,153.0
361.0,160.0,124.0,153.0
379.0,169.0,124.0,153.0
369.0,167.0,125.0,152.0
340.0,161.0,126.0,152.0
299.0,149.0,128.0,151.0
259.0,135.0,128.0,152.0
242.0,133.0,128.0,153.0
250.0,136.0,128.0,151.0
280.0,145.0,127.0,152.0
318.0,155.0,127.0,152.0
351.0,171.0,126.0,152.0
372.0,176.0,125.0,153.0
382.0,189.0,125.0,153.0
365.0,197.0,125.0,154.0
355.0,222.0,125.0,154.0
344.0,242.0,125.0,155.0
332.0,244.0,125.0,156.0
323.0,218.0,126.0,157.0
309.0,171.0,125.0,159.0
290.0,115.0,124.0,161.0
295.0,76.0,126.0,159.0
286.0,71.0,126.0,160.0
276.0,88.0,128.0,160.0
271.0,136.0,128.0,161.0
268.0,188.0,127.0,163.0
276.0,229.0,130.0,160.0
285.0,258.0,131.0,158.0
280.0,238.0,131.0,160.0
279.0,200.0,128.0,164.0
286.0,146.0,128.0,165.0
296.0,104.0,130.0,163.0
285.0,88.0,132.0,163.0
274.0,99.0,133.0,163.0
257.0,138.0,133.0,163.0
255.0,197.0,132.0,165.0
254.0,238.0,133.0,163.0
253.0,245.0,134.0,162.0
269.0,207.0,133.0,163.0
285.0,155.0,132.0,162.0
283.0,128.0,132.0,163.0
302.0,125.0,132.0,162.0
303.0,133.0,131.0,162.0
282.0,145.0,131.0,163.0
263.0,158.0,132.0,162.0
253.0,134.0,133.0,162.0
264.0,117.0,134.0,160.0
281.0,117.0,132.0,161.0
289.0,139.0,131.0,162.0
320.0,177.0,131.0,162.0
330.0,206.0,131.0,161.0
311.0,218.0,130.0,162.0
289.0,197.0,132.0,162.0
266.0,147.0,130.0,165.0
254.0,103.0,132.0,163.0
266.0,101.0,131.0,165.0
291.0,140.0,131.0,165.0
319.0,180.0,132.0,163.0
331.0,207.0,133.0,162.0
305.0,196.0,133.0,163.0
274.0,165.0,130.0,168.0
256.0,109.0,130.0,169.0
262.0,90.0,133.0,165.0
284.0,101.0,133.0,166.0
310.0,142.0,132.0,166.0
329.0,177.0,133.0,166.0
317.0,190.0,134.0,164.0
283.0,181.0,134.0,166.0
243.0,159.0,133.0,169.0
219.0,140.0,135.0,168.0
216.0,134.0,137.0,165.0
233.0,135.0,137.0,163.0
261.0,151.0,134.0,165.0
286.0,173.0,133.0,165.0
308.0,194.0,132.0,165.0
304.0,207.0,134.0,163.0
286.0,203.0,132.0,165.0
258.0,189.0,133.0,165.0
245.0,171.0,134.0,165.0
262.0,172.0,135.0,161.0
301.0,181.0,134.0,162.0
324.0,197.0,133.0,162.0
336.0,205.0,131.0,163.0
326.0,194.0,132.0,163.0
296.0,185.0,134.0,162.0
270.0,164.0,135.0,162.0
253.0,155.0,134.0,163.0
264.0,148.0,135.0,160.0
298.0,144.0,133.0,161.0
309.0,155.0,132.0,162.0
317.0,166.0,131.0,162.0
314.0,165.0,130.0,163.0
276.0,161.0,131.0,163.0
238.0,151.0,131.0,165.0
207.0,136.0,134.0,163.0
197.0,131.0,136.0,161.0
221.0,130.0,134.0,161.0
256.0,146.0,133.0,161.0
278.0,168.0,132.0,161.0
297.0,179.0,132.0,161.0
297.0,191.0,131.0,161.0
278.0,184.0,130.0,162.0
255.0,165.0,130.0,162.0
243.0,161.0,133.0,160.0
265.0,160.0,133.0,158.0
302.0,172.0,132.0,158.0
318.0,188.0,132.0,158.0
331.0,198.0,131.0,159.0
313.0,185.0,131.0,158.0
289.0,171.0,132.0,158.0
256.0,156.0,131.0,160.0
242.0,153.0,132.0,159.0
260.0,154.0,132.0,158.0
286.0,167.0,131.0,159.0
299.0,180.0,131.0,159.0
316.0,178.0,129.0,160.0
315.0,168.0,128.0,162.0
294.0,150.0,127.0,164.0
270.0,125.0,128.0,164.0
255.0,105.0,128.0,165.0
252.0,108.0,132.0,161.0
261.0,129.0,132.0,160.0
262.0,157.0,132.0,160.0
264.0,169.0,133.0,160.0
250.0,173.0,132.0,162.0
231.0,172.0,134.0,160.0
218.0,161.0,134.0,159.0
210.0,159.0,135.0,160.0
231.0,165.0,133.0,163.0
271.0,184.0,129.0,168.0
301.0,203.0,128.0,170.0
325.0,211.0,130.0,168.0
329.0,214.0,131.0,168.0
318.0,210.0,131.0,169.0
302.0,201.0,133.0,168.0
295.0,197.0,134.0,167.0
280.0,196.0,135.0,168.0
278.0,200.0,135.0,169.0
281.0,207.0,136.0,169.0
276.0,211.0,136.0,169.0
271.0,206.0,135.0,169.0
251.0,189.0,136.0,170.0
245.0,186.0,138.0,168.0
252.0,185.0,137.0,169.0
270.0,194.0,137.0,168.0
290.0,205.0,137.0,169.0
306.0,201.0,135.0,170.0
301.0,193.0,137.0,169.0
293.0,169.0,136.0,172.0
285.0,145.0,138.0,170.0
294.0,140.0,136.0,172.0
303.0,150.0,135.0,173.0
319.0,174.0,135.0,173.0
323.0,186.0,136.0,173.0
317.0,194.0,136.0,172.0
298.0,187.0,136.0,174.0
284.0,160.0,135.0,175.0
264.0,124.0,137.0,174.0
251.0,112.0,139.0,173.0
257.0,121.0,137.0,176.0
261.0,151.0,136.0,177.0
264.0,175.0,137.0,174.0
247.0,189.0,139.0,173.0
257.0,182.0,139.0,170.0
277.0,177.0,138.0,169.0
301.0,189.0,136.0,171.0
321.0,194.0,136.0,170.0
330.0,188.0,134.0,171.0
304.0,178.0,136.0,169.0
271.0,165.0,138.0,169.0
246.0,145.0,138.0,169.0
243.0,145.0,138.0,167.0
263.0,151.0,137.0,168.0
291.0,167.0,136.0,168.0
301.0,184.0,136.0,168.0
318.0,190.0,135.0,168.0
324.0,194.0,134.0,168.0
317.0,187.0,135.0,167.0
301.0,182.0,135.0,166.0
290.0,182.0,135.0,167.0
294.0,187.0,135.0,166.0
298.0,194.0,135.0,166.0
294.0,198.0,134.0,166.0
