478.0,143.0,80.0,111.0
477.0,144.0,79.0,111.0
475.0,141.0,81.0,110.0
473.0,138.0,82.0,110.0
470.0,135.0,82.0,111.0
469.0,133.0,82.0,112.0
468.0,131.0,81.0,113.0
467.0,130.0,81.0,114.0
467.0,128.0,80.0,114.0
464.0,125.0,80.0,115.0
464.0,125.0,79.0,116.0
464.0,123.0,80.0,115.0
464.0,123.0,79.0,116.0
464.0,123.0,79.0,117.0
463.0,122.0,80.0,116.0
461.0,120.0,80.0,116.0
461.0,120.0,80.0,116.0
460.0,121.0,80.0,115.0
458.0,122.0,81.0,115.0
457.0,122.0,81.0,115.0
455.0,124.0,81.0,115.0
453.0,123.0,82.0,115.0
449.0,125.0,83.0,115.0
445.0,127.0,84.0,114.0
441.0,128.0,84.0,114.0
438.0,130.0,84.0,116.0
431.0,133.0,85.0,116.0
425.0,137.0,86.0,117.0
418.0,140.0,86.0,118.0
405.0,143.0,86.0,120.0
391.0,147.0,87.0,119.0
382.0,151.0,88.0,120.0
374.0,155.0,87.0,121.0
365.0,158.0,87.0,121.0
356.0,162.0,88.0,121.0
346.0,165.0,89.0,121.0
333.0,169.0,90.0,122.0
319.0,171.0,90.0,123.0
306.0,173.0,91.0,124.0
297.0,173.0,91.0,125.0
284.0,175.0,94.0,124.0
272.0,175.0,96.0,125.0
268.0,175.0,98.0,125.0
263.0,174.0,98.0,127.0
261.0,175.0,100.0,128.0
259.0,175.0,101.0,130.0
257.0,176.0,102.0,131.0
256.0,177.0,103.0,133.0
257.0,178.0,106.0,133.0
258.0,176.0,107.0,134.0
260.0,175.0,109.0,134.0
263.0,172.0,110.0,136.0
266.0,168.0,111.0,139.0
271.0,163.0,112.0,141.0
271.0,154.0,113.0,144.0
271.0,144.0,113.0,148.0
271.0,134.0,117.0,148.0
271.0,123.0,119.0,150.0
273.0,110.0,119.0,153.0
272.0,95.0,118.0,157.0
268.0,84.0,120.0,159.0
267.0,72.0,121.0,161.0
267.0,62.0,121.0,163.0
266.0,53.0,123.0,164.0
263.0,46.0,124.0,164.0
261.0,41.0,123.0,165.0
260.0,36.0,123.0,165.0
260.0,28.0,122.0,166.0
259.0,24.0,122.0,166.0
260.0,22.0,120.0,166.0
262.0,20.0,120.0,164.0
262.0,21.0,120.0,162.0
264.0,22.0,119.0,160.0
268.0,25.0,119.0,158.0
272.0,25.0,118.0,157.0
275.0,27.0,117.0,156.0
278.0,30.0,117.0,154.0
284.0,32.0,117.0,153.0
289.0,34.0,117.0,152.0
309.0,34.0,115.0,152.0
318.0,32.0,114.0,149.0
324.0,38.0,113.0,148.0
333.0,35.0,111.0,145.0
342.0,41.0,110.0,144.0
357.0,41.0,109.0,143.0
363.0,42.0,110.0,141.0
377.0,45.0,105.0,145.0
391.0,38.0,101.0,147.0
405.0,44.0,102.0,146.0
419.0,48.0,103.0,144.0
432.0,49.0,104.0,144.0
443.0,51.0,102.0,145.0
454.0,54.0,101.0,146.0
462.0,59.0,101.0,146.0
469.0,64.0,102.0,145.0
483.0,62.0,102.0,145.0
493.0,71.0,104.0,142.0
498.0,76.0,105.0,142.0
505.0,80.0,106.0,142.0
509.0,83.0,106.0,144.0
509.0,87.0,107.0,145.0
506.0,92.0,107.0,145.0
502.0,95.0,108.0,145.0
494.0,99.0,108.0,145.0
489.0,103.0,109.0,145.0
481.0,107.0,109.0,145.0
472.0,109.0,109.0,145.0
468.0,116.0,107.0,145.0
462.0,118.0,107.0,144.0
456.0,122.0,106.0,143.0
447.0,124.0,105.0,143.0
441.0,127.0,104.0,143.0
433.0,129.0,105.0,142.0
426.0,134.0,106.0,141.0
418.0,138.0,106.0,140.0
406.0,145.0,108.0,139.0
404.0,148.0,108.0,141.0
397.0,152.0,110.0,140.0
385.0,157.0,111.0,140.0
383.0,159.0,111.0,142.0
376.0,165.0,112.0,140.0
371.0,171.0,115.0,138.0
361.0,176.0,116.0,137.0
350.0,179.0,114.0,139.0
341.0,182.0,114.0,141.0
332.0,182.0,112.0,143.0
325.0,184.0,110.0,146.0
321.0,185.0,110.0,148.0
317.0,186.0,109.0,150.0
312.0,185.0,110.0,150.0
308.0,187.0,110.0,151.0
310.0,184.0,109.0,154.0
311.0,182.0,110.0,154.0
310.0,182.0,109.0,155.0
314.0,185.0,110.0,154.0
319.0,186.0,109.0,154.0
328.0,185.0,110.0,154.0
337.0,189.0,108.0,154.0
349.0,191.0,109.0,154.0
357.0,195.0,106.0,154.0
366.0,200.0,108.0,152.0
375.0,203.0,111.0,151.0
384.0,207.0,113.0,149.0
397.0,209.0,115.0,148.0
410.0,211.0,115.0,149.0
417.0,215.0,114.0,150.0
428.0,220.0,114.0,150.0
435.0,223.0,114.0,151.0
443.0,229.0,113.0,152.0
447.0,232.0,114.0,150.0
450.0,234.0,114.0,150.0
450.0,233.0,116.0,149.0
447.0,230.0,115.0,149.0
443.0,226.0,114.0,150.0
438.0,219.0,115.0,150.0
433.0,212.0,116.0,150.0
430.0,211.0,117.0,149.0
429.0,209.0,116.0,151.0
431.0,209.0,115.0,152.0
432.0,207.0,114.0,154.0
433.0,202.0,115.0,155.0
431.0,201.0,115.0,156.0
432.0,197.0,116.0,155.0
433.0,195.0,115.0,156.0
435.0,196.0,114.0,157.0
433.0,196.0,115.0,156.0
432.0,197.0,115.0,157.0
428.0,195.0,115.0,158.0
425.0,194.0,116.0,158.0
417.0,189.0,116.0,157.0
407.0,189.0,118.0,156.0
399.0,179.0,119.0,156.0
383.0,189.0,120.0,156.0
371.0,191.0,120.0,157.0
358.0,188.0,122.0,155.0
344.0,187.0,121.0,156.0
326.0,183.0,120.0,157.0
312.0,178.0,119.0,158.0
296.0,178.0,119.0,159.0
282.0,171.0,118.0,160.0
270.0,165.0,117.0,160.0
259.0,165.0,119.0,160.0
242.0,162.0,120.0,158.0
233.0,164.0,120.0,158.0
224.0,162.0,120.0,157.0
217.0,160.0,119.0,158.0
213.0,162.0,118.0,158.0
207.0,162.0,117.0,158.0
201.0,165.0,117.0,158.0
192.0,167.0,117.0,157.0
187.0,171.0,117.0,157.0
181.0,174.0,118.0,157.0
176.0,176.0,118.0,157.0
171.0,179.0,118.0,158.0
167.0,183.0,118.0,158.0
164.0,185.0,118.0,158.0
162.0,187.0,118.0,159.0
159.0,188.0,118.0,160.0
157.0,189.0,119.0,160.0
155.0,190.0,121.0,160.0
153.0,192.0,122.0,159.0
151.0,192.0,124.0,159.0
150.0,193.0,125.0,159.0
147.0,190.0,126.0,159.0
146.0,188.0,126.0,160.0
142.0,183.0,127.0,160.0
139.0,177.0,129.0,160.0
137.0,170.0,129.0,160.0
133.0,164.0,131.0,160.0
129.0,155.0,131.0,162.0
123.0,147.0,131.0,163.0
116.0,140.0,133.0,164.0
116.0,128.0,134.0,164.0
111.0,116.0,136.0,164.0
109.0,100.0,136.0,166.0
100.0,92.0,137.0,164.0
101.0,80.0,137.0,163.0
103.0,73.0,137.0,161.0
106.0,63.0,137.0,161.0
108.0,51.0,136.0,161.0
111.0,39.0,138.0,160.0
114.0,32.0,140.0,157.0
120.0,23.0,139.0,156.0
127.0,15.0,138.0,155.0
137.0,7.0,137.0,154.0
146.0,6.0,136.0,153.0
148.0,7.0,132.0,157.0
153.0,1.0,128.0,159.0
159.0,4.0,129.0,158.0
162.0,1.0,130.0,155.0
178.0,3.0,129.0,155.0
180.0,1.0,130.0,153.0
194.0,1.0,128.0,153.0
209.0,1.0,124.0,154.0
210.0,2.0,126.0,150.0
214.0,4.0,126.0,147.0
221.0,6.0,124.0,147.0
226.0,6.0,121.0,146.0
232.0,7.0,118.0,146.0
233.0,11.0,116.0,145.0
235.0,9.0,114.0,142.0
237.0,14.0,112.0,141.0
238.0,17.0,110.0,139.0
238.0,21.0,107.0,138.0
238.0,24.0,105.0,137.0
238.0,24.0,102.0,137.0
236.0,26.0,101.0,135.0
234.0,29.0,101.0,133.0
233.0,35.0,99.0,134.0
232.0,40.0,100.0,131.0
235.0,41.0,99.0,130.0
235.0,41.0,100.0,129.0
239.0,43.0,99.0,130.0
243.0,42.0,97.0,131.0
249.0,42.0,97.0,131.0
252.0,46.0,97.0,128.0
254.0,48.0,97.0,126.0
257.0,50.0,97.0,123.0
262.0,51.0,95.0,123.0
264.0,47.0,94.0,124.0
269.0,47.0,93.0,124.0
270.0,47.0,93.0,123.0
274.0,50.0,93.0,122.0
275.0,48.0,92.0,122.0
275.0,49.0,91.0,121.0
275.0,48.0,90.0,120.0
275.0,51.0,90.0,119.0
274.0,52.0,90.0,119.0
274.0,56.0,89.0,118.0
273.0,58.0,89.0,117.0
273.0,61.0,88.0,117.0
271.0,63.0,88.0,116.0
271.0,65.0,86.0,116.0
270.0,68.0,86.0,115.0
269.0,71.0,87.0,113.0
269.0,75.0,87.0,112.0
270.0,78.0,87.0,111.0
271.0,80.0,85.0,112.0
271.0,84.0,84.0,112.0
272.0,86.0,84.0,112.0
273.0,88.0,84.0,110.0
273.0,91.0,84.0,110.0
275.0,94.0,83.0,111.0
274.0,94.0,83.0,110.0
275.0,97.0,83.0,110.0
277.0,99.0,83.0,110.0
277.0,102.0,83.0,110.0
279.0,106.0,83.0,110.0
278.0,110.0,84.0,108.0
279.0,115.0,84.0,107.0
280.0,119.0,83.0,106.0
283.0,124.0,82.0,107.0
282.0,125.0,81.0,109.0
283.0,125.0,81.0,109.0
286.0,129.0,80.0,110.0
289.0,132.0,80.0,112.0
293.0,134.0,80.0,114.0
293.0,137.0,79.0,114.0
294.0,141.0,79.0,115.0
296.0,143.0,78.0,116.0
297.0,146.0,79.0,116.0
299.0,147.0,80.0,117.0
299.0,148.0,81.0,116.0
298.0,150.0,82.0,117.0
299.0,151.0,82.0,117.0
299.0,151.0,83.0,118.0
300.0,152.0,83.0,118.0
300.0,152.0,84.0,119.0
299.0,153.0,84.0,119.0
300.0,152.0,83.0,121.0
299.0,152.0,85.0,121.0
299.0,153.0,85.0,122.0
299.0,154.0,86.0,121.0
299.0,154.0,87.0,121.0
298.0,153.0,89.0,121.0
297.0,151.0,89.0,122.0
298.0,149.0,89.0,123.0
299.0,148.0,89.0,124.0
298.0,146.0,90.0,125.0
298.0,143.0,92.0,125.0
298.0,140.0,94.0,124.0
298.0,132.0,95.0,124.0
297.0,132.0,97.0,123.0
295.0,122.0,97.0,124.0
292.0,119.0,98.0,124.0
290.0,108.0,97.0,125.0
290.0,103.0,97.0,126.0
291.0,94.0,97.0,128.0
293.0,86.0,96.0,129.0
295.0,82.0,96.0,130.0
298.0,75.0,95.0,130.0
302.0,70.0,94.0,131.0
306.0,65.0,93.0,131.0
311.0,60.0,93.0,131.0
313.0,54.0,92.0,130.0
317.0,47.0,92.0,130.0
321.0,43.0,91.0,130.0
325.0,39.0,91.0,129.0
329.0,35.0,91.0,127.0
335.0,32.0,91.0,126.0
342.0,28.0,90.0,126.0
351.0,23.0,89.0,127.0
359.0,18.0,89.0,126.0
365.0,13.0,89.0,126.0
372.0,7.0,91.0,123.0
385.0,6.0,87.0,126.0
396.0,6.0,86.0,126.0
406.0,6.0,85.0,127.0
417.0,8.0,84.0,127.0
429.0,9.0,85.0,126.0
441.0,11.0,85.0,125.0
445.0,15.0,84.0,126.0
457.0,17.0,82.0,128.0
461.0,24.0,82.0,128.0
464.0,31.0,81.0,128.0
470.0,39.0,80.0,128.0
473.0,49.0,82.0,126.0
473.0,60.0,82.0,125.0
472.0,68.0,82.0,124.0
471.0,78.0,84.0,121.0
469.0,85.0,85.0,120.0
465.0,90.0,84.0,120.0
462.0,93.0,84.0,120.0
460.0,100.0,83.0,119.0
458.0,105.0,82.0,119.0
456.0,110.0,81.0,119.0
453.0,116.0,80.0,118.0
453.0,122.0,80.0,118.0
452.0,126.0,80.0,117.0
452.0,131.0,80.0,116.0
452.0,138.0,81.0,114.0
452.0,143.0,81.0,113.0
453.0,149.0,79.0,114.0
453.0,156.0,78.0,114.0
457.0,157.0,77.0,114.0
458.0,162.0,77.0,113.0
461.0,169.0,76.0,113.0
464.0,174.0,76.0,113.0
464.0,173.0,76.0,112.0
465.0,175.0,76.0,112.0
470.0,174.0,76.0,111.0
470.0,176.0,74.0,111.0
473.0,175.0,74.0,110.0
472.0,176.0,75.0,109.0
471.0,176.0,75.0,107.0
471.0,174.0,74.0,108.0
470.0,172.0,75.0,107.0
469.0,168.0,74.0,108.0
469.0,163.0,74.0,107.0
468.0,158.0,74.0,107.0
469.0,153.0,74.0,107.0
471.0,147.0,74.0,106.0
473.0,141.0,74.0,107.0
476.0,136.0,74.0,107.0
477.0,131.0,75.0,107.0
478.0,127.0,75.0,106.0
477.0,121.0,76.0,107.0
479.0,117.0,77.0,108.0
480.0,113.0,77.0,108.0
480.0,108.0,78.0,108.0
480.0,104.0,79.0,108.0
480.0,99.0,79.0,109.0
479.0,94.0,80.0,109.0
480.0,87.0,79.0,110.0
479.0,83.0,79.0,111.0
475.0,78.0,79.0,113.0
470.0,72.0,79.0,113.0
466.0,68.0,79.0,114.0
462.0,57.0,79.0,114.0
452.0,50.0,79.0,114.0
443.0,48.0,77.0,117.0
439.0,39.0,78.0,117.0
427.0,37.0,76.0,119.0
416.0,36.0,75.0,120.0
404.0,33.0,75.0,120.0
398.0,31.0,75.0,120.0
387.0,25.0,76.0,118.0
377.0,25.0,77.0,116.0
370.0,21.0,77.0,115.0
359.0,25.0,77.0,115.0
347.0,23.0,78.0,113.0
337.0,19.0,78.0,111.0
330.0,15.0,78.0,110.0
319.0,14.0,78.0,110.0
311.0,14.0,78.0,109.0
303.0,13.0,78.0,108.0
296.0,13.0,77.0,108.0
289.0,12.0,76.0,108.0
282.0,11.0,76.0,109.0
279.0,12.0,75.0,110.0
273.0,13.0,75.0,110.0
267.0,12.0,75.0,110.0
261.0,11.0,75.0,110.0
258.0,11.0,75.0,110.0
255.0,12.0,76.0,111.0
254.0,15.0,75.0,111.0
249.0,15.0,76.0,111.0
248.0,20.0,77.0,111.0
245.0,21.0,77.0,111.0
242.0,25.0,79.0,109.0
241.0,30.0,79.0,108.0
237.0,32.0,78.0,109.0
234.0,33.0,78.0,108.0
227.0,35.0,79.0,107.0
220.0,40.0,79.0,107.0
213.0,42.0,79.0,108.0
210.0,47.0,78.0,108.0
210.0,50.0,79.0,107.0
211.0,56.0,79.0,107.0
207.0,54.0,79.0,106.0
204.0,67.0,79.0,106.0
204.0,71.0,79.0,106.0
204.0,76.0,79.0,105.0
205.0,83.0,81.0,104.0
206.0,88.0,81.0,104.0
206.0,94.0,82.0,103.0
205.0,97.0,84.0,102.0
205.0,100.0,84.0,101.0
205.0,111.0,81.0,106.0
207.0,128.0,79.0,108.0
207.0,133.0,79.0,109.0
206.0,135.0,79.0,110.0
207.0,134.0,81.0,109.0
206.0,133.0,81.0,110.0
205.0,134.0,82.0,109.0
204.0,135.0,84.0,108.0
203.0,136.0,85.0,108.0
203.0,136.0,87.0,107.0
203.0,136.0,88.0,107.0
202.0,136.0,89.0,107.0
202.0,131.0,88.0,107.0
203.0,135.0,87.0,109.0
203.0,134.0,88.0,109.0
204.0,127.0,86.0,112.0
204.0,137.0,87.0,112.0
205.0,135.0,87.0,112.0
204.0,135.0,87.0,113.0
204.0,127.0,87.0,114.0
204.0,130.0,87.0,115.0
204.0,122.0,87.0,116.0
207.0,111.0,86.0,117.0
214.0,102.0,84.0,119.0
217.0,96.0,83.0,120.0
219.0,96.0,82.0,120.0
222.0,87.0,84.0,118.0
224.0,81.0,86.0,115.0
227.0,75.0,85.0,116.0
227.0,71.0,86.0,114.0
228.0,65.0,86.0,113.0
229.0,64.0,86.0,114.0
229.0,61.0,87.0,114.0
230.0,56.0,87.0,115.0
231.0,51.0,88.0,115.0
233.0,48.0,89.0,114.0
237.0,45.0,88.0,115.0
240.0,43.0,90.0,114.0
246.0,41.0,90.0,115.0
253.0,40.0,90.0,115.0
257.0,39.0,91.0,114.0
264.0,37.0,92.0,114.0
270.0,35.0,93.0,114.0
276.0,33.0,93.0,115.0
282.0,34.0,94.0,116.0
289.0,36.0,96.0,116.0
297.0,32.0,99.0,114.0
304.0,33.0,99.0,116.0
312.0,36.0,101.0,117.0
317.0,39.0,102.0,118.0
324.0,44.0,104.0,118.0
330.0,48.0,106.0,119.0
336.0,53.0,107.0,120.0
338.0,60.0,109.0,121.0
341.0,65.0,109.0,123.0
344.0,71.0,109.0,126.0
347.0,79.0,111.0,126.0
352.0,86.0,112.0,127.0
355.0,93.0,112.0,129.0
359.0,99.0,111.0,131.0
365.0,106.0,112.0,131.0
369.0,112.0,114.0,130.0
370.0,118.0,112.0,131.0
376.0,121.0,109.0,134.0
379.0,121.0,108.0,134.0
385.0,124.0,107.0,135.0
390.0,127.0,108.0,133.0
395.0,131.0,109.0,132.0
402.0,131.0,109.0,132.0
409.0,131.0,108.0,134.0
421.0,129.0,107.0,135.0
428.0,129.0,107.0,134.0
437.0,130.0,105.0,135.0
442.0,130.0,105.0,134.0
448.0,134.0,104.0,136.0
456.0,132.0,104.0,136.0
459.0,139.0,107.0,134.0
467.0,144.0,108.0,133.0
473.0,148.0,109.0,134.0
478.0,154.0,110.0,135.0
490.0,158.0,114.0,133.0
493.0,166.0,115.0,135.0
507.0,170.0,116.0,136.0
516.0,172.0,117.0,138.0
519.0,176.0,118.0,140.0
519.0,180.0,118.0,141.0
527.0,181.0,117.0,144.0
526.0,183.0,117.0,146.0
529.0,185.0,117.0,148.0
527.0,187.0,117.0,149.0
526.0,187.0,119.0,149.0
524.0,188.0,121.0,148.0
522.0,187.0,120.0,151.0
519.0,188.0,120.0,152.0
516.0,188.0,120.0,153.0
513.0,185.0,121.0,153.0
499.0,184.0,122.0,152.0
489.0,181.0,123.0,152.0
470.0,178.0,122.0,154.0
457.0,176.0,122.0,155.0
447.0,175.0,125.0,154.0
439.0,168.0,126.0,154.0
427.0,171.0,128.0,154.0
417.0,170.0,129.0,156.0
405.0,170.0,131.0,156.0
394.0,168.0,133.0,157.0
386.0,167.0,136.0,159.0
378.0,168.0,138.0,160.0
372.0,174.0,140.0,162.0
369.0,164.0,142.0,163.0
377.0,163.0,143.0,164.0
367.0,166.0,147.0,163.0
361.0,175.0,149.0,164.0
355.0,171.0,154.0,162.0
338.0,170.0,156.0,161.0
333.0,166.0,155.0,164.0
325.0,158.0,149.0,169.0
318.0,158.0,145.0,174.0
312.0,157.0,142.0,177.0
303.0,158.0,138.0,181.0
293.0,158.0,137.0,181.0
279.0,158.0,136.0,180.0
264.0,158.0,136.0,178.0
247.0,158.0,136.0,178.0
239.0,154.0,135.0,178.0
215.0,156.0,134.0,175.0
212.0,159.0,134.0,173.0
207.0,160.0,133.0,172.0
201.0,158.0,131.0,171.0
194.0,158.0,128.0,170.0
191.0,160.0,128.0,168.0
189.0,159.0,125.0,169.0
188.0,157.0,123.0,169.0
187.0,158.0,122.0,169.0
186.0,158.0,122.0,168.0
189.0,158.0,124.0,165.0
194.0,157.0,125.0,165.0
195.0,153.0,126.0,163.0
200.0,156.0,128.0,161.0
208.0,156.0,129.0,161.0
215.0,153.0,129.0,161.0
225.0,153.0,130.0,160.0
225.0,154.0,132.0,161.0
233.0,151.0,134.0,160.0
239.0,151.0,136.0,160.0
242.0,150.0,138.0,160.0
246.0,146.0,137.0,163.0
249.0,143.0,137.0,165.0
253.0,140.0,136.0,168.0
251.0,138.0,137.0,170.0
253.0,133.0,136.0,173.0
255.0,129.0,136.0,175.0
252.0,126.0,138.0,174.0
252.0,123.0,140.0,174.0
249.0,121.0,140.0,174.0
248.0,117.0,142.0,173.0
246.0,117.0,143.0,172.0
245.0,114.0,143.0,172.0
245.0,114.0,143.0,172.0
248.0,112.0,145.0,172.0
249.0,109.0,146.0,172.0
252.0,107.0,145.0,173.0
256.0,103.0,148.0,170.0
257.0,102.0,148.0,172.0
260.0,100.0,150.0,170.0
265.0,96.0,148.0,172.0
267.0,95.0,148.0,173.0
269.0,95.0,149.0,171.0
270.0,94.0,148.0,171.0
271.0,93.0,146.0,172.0
271.0,94.0,148.0,169.0
272.0,95.0,149.0,167.0
270.0,85.0,148.0,166.0
272.0,90.0,146.0,166.0
274.0,93.0,146.0,164.0
276.0,94.0,144.0,164.0
279.0,93.0,141.0,166.0
283.0,94.0,140.0,166.0
286.0,96.0,140.0,163.0
288.0,98.0,140.0,161.0
291.0,101.0,140.0,159.0
291.0,104.0,141.0,155.0
292.0,105.0,140.0,155.0
293.0,108.0,138.0,156.0
298.0,110.0,136.0,155.0
302.0,113.0,135.0,155.0
305.0,116.0,133.0,155.0
311.0,118.0,130.0,155.0
317.0,122.0,128.0,155.0
321.0,129.0,127.0,153.0
324.0,133.0,126.0,152.0
325.0,138.0,125.0,151.0
326.0,143.0,125.0,149.0
326.0,146.0,122.0,150.0
325.0,151.0,119.0,152.0
324.0,154.0,118.0,152.0
321.0,158.0,118.0,151.0
318.0,164.0,119.0,150.0
314.0,168.0,119.0,150.0
303.0,176.0,118.0,149.0
302.0,180.0,118.0,149.0
290.0,186.0,118.0,147.0
289.0,189.0,118.0,146.0
278.0,195.0,119.0,143.0
279.0,200.0,119.0,141.0
283.0,204.0,117.0,141.0
285.0,203.0,115.0,143.0
285.0,206.0,115.0,142.0
285.0,207.0,114.0,142.0
288.0,210.0,115.0,140.0
292.0,212.0,114.0,139.0
294.0,214.0,113.0,138.0
294.0,214.0,113.0,138.0
294.0,214.0,112.0,137.0
295.0,215.0,112.0,136.0
296.0,215.0,111.0,135.0
296.0,215.0,111.0,135.0
297.0,217.0,111.0,134.0
295.0,217.0,110.0,133.0
296.0,216.0,110.0,133.0
297.0,217.0,109.0,133.0
297.0,218.0,109.0,131.0
298.0,218.0,107.0,132.0
294.0,218.0,108.0,132.0
296.0,218.0,106.0,132.0
296.0,219.0,105.0,132.0
297.0,219.0,105.0,131.0
297.0,220.0,105.0,130.0
297.0,221.0,104.0,130.0
298.0,221.0,104.0,128.0
298.0,221.0,103.0,129.0
298.0,220.0,102.0,129.0
296.0,221.0,101.0,130.0
295.0,221.0,101.0,130.0
294.0,221.0,101.0,130.0
294.0,222.0,101.0,129.0
295.0,222.0,100.0,130.0
295.0,222.0,100.0,129.0
295.0,223.0,100.0,129.0
295.0,223.0,100.0,129.0
296.0,222.0,100.0,129.0
294.0,222.0,100.0,128.0
294.0,223.0,100.0,128.0
297.0,224.0,100.0,128.0
299.0,223.0,100.0,127.0
296.0,223.0,100.0,127.0
294.0,223.0,100.0,127.0
297.0,223.0,99.0,127.0
296.0,224.0,99.0,127.0
296.0,224.0,99.0,127.0
296.0,225.0,99.0,127.0
295.0,224.0,99.0,127.0
297.0,224.0,99.0,126.0
296.0,224.0,99.0,126.0
296.0,224.0,99.0,126.0
296.0,224.0,99.0,127.0
295.0,225.0,99.0,126.0
295.0,225.0,98.0,127.0
297.0,224.0,99.0,126.0
296.0,224.0,98.0,126.0
297.0,225.0,99.0,125.0
296.0,225.0,98.0,126.0
295.0,225.0,98.0,126.0
298.0,224.0,97.0,126.0
296.0,224.0,97.0,126.0
297.0,224.0,97.0,125.0
295.0,225.0,98.0,125.0
298.0,224.0,97.0,125.0
296.0,225.0,97.0,125.0
297.0,224.0,97.0,125.0
295.0,226.0,97.0,124.0
295.0,225.0,97.0,124.0
297.0,224.0,97.0,125.0
295.0,225.0,97.0,124.0
297.0,225.0,97.0,124.0
296.0,226.0,97.0,124.0
296.0,225.0,97.0,124.0
294.0,225.0,97.0,124.0
296.0,226.0,96.0,124.0
298.0,225.0,96.0,124.0
295.0,226.0,96.0,124.0
299.0,225.0,96.0,124.0
296.0,226.0,97.0,123.0
295.0,226.0,96.0,124.0
298.0,224.0,96.0,124.0
296.0,226.0,96.0,124.0
297.0,225.0,96.0,123.0
297.0,225.0,96.0,123.0
296.0,226.0,96.0,123.0
296.0,227.0,95.0,123.0
298.0,225.0,96.0,122.0
297.0,226.0,95.0,123.0
295.0,226.0,96.0,122.0
299.0,227.0,95.0,122.0
297.0,227.0,95.0,122.0
299.0,226.0,95.0,121.0
297.0,227.0,95.0,122.0
296.0,226.0,95.0,121.0
296.0,227.0,96.0,121.0
295.0,228.0,96.0,121.0
295.0,227.0,95.0,122.0
298.0,227.0,95.0,122.0
296.0,226.0,95.0,122.0
297.0,227.0,95.0,122.0
296.0,226.0,96.0,121.0
295.0,227.0,96.0,121.0
297.0,227.0,96.0,121.0
298.0,227.0,96.0,121.0
298.0,226.0,95.0,121.0
297.0,227.0,94.0,122.0
296.0,228.0,95.0,121.0
296.0,227.0,95.0,121.0
296.0,228.0,95.0,121.0
296.0,228.0,96.0,121.0
299.0,227.0,95.0,121.0
296.0,227.0,95.0,121.0
299.0,226.0,95.0,121.0
296.0,227.0,95.0,121.0
299.0,226.0,95.0,122.0
296.0,227.0,94.0,122.0
298.0,226.0,95.0,121.0
296.0,227.0,95.0,121.0
298.0,227.0,95.0,121.0
296.0,227.0,95.0,121.0
296.0,227.0,95.0,121.0
296.0,228.0,95.0,121.0
298.0,227.0,95.0,121.0
296.0,228.0,95.0,121.0
296.0,227.0,95.0,121.0
299.0,227.0,95.0,121.0
296.0,227.0,95.0,121.0
299.0,226.0,95.0,121.0
297.0,227.0,95.0,121.0
299.0,227.0,95.0,120.0
300.0,228.0,96.0,120.0
297.0,228.0,96.0,120.0
296.0,228.0,96.0,120.0
299.0,227.0,95.0,121.0
296.0,227.0,95.0,121.0
299.0,226.0,95.0,121.0
297.0,228.0,94.0,121.0
298.0,227.0,95.0,120.0
296.0,227.0,94.0,121.0
297.0,228.0,94.0,121.0
298.0,227.0,95.0,120.0
295.0,228.0,95.0,120.0
298.0,227.0,95.0,120.0
296.0,226.0,95.0,120.0
294.0,222.0,96.0,120.0
297.0,219.0,97.0,119.0
298.0,216.0,97.0,120.0
298.0,212.0,97.0,120.0
300.0,209.0,97.0,121.0
299.0,203.0,97.0,122.0
301.0,198.0,98.0,122.0
304.0,193.0,98.0,121.0
308.0,188.0,99.0,120.0
311.0,183.0,98.0,122.0
316.0,177.0,97.0,123.0
320.0,171.0,98.0,123.0
327.0,166.0,98.0,124.0
333.0,159.0,98.0,124.0
339.0,154.0,97.0,125.0
345.0,151.0,98.0,125.0
352.0,145.0,98.0,125.0
359.0,139.0,99.0,125.0
368.0,132.0,99.0,125.0
374.0,132.0,101.0,124.0
380.0,129.0,102.0,123.0
385.0,125.0,104.0,123.0
393.0,124.0,103.0,125.0
400.0,124.0,105.0,124.0
408.0,124.0,105.0,125.0
411.0,128.0,106.0,126.0
418.0,124.0,106.0,127.0
424.0,127.0,105.0,129.0
429.0,127.0,105.0,129.0
434.0,129.0,105.0,131.0
438.0,130.0,105.0,130.0
441.0,131.0,106.0,130.0
444.0,133.0,106.0,130.0
447.0,136.0,106.0,130.0
450.0,140.0,106.0,129.0
453.0,144.0,106.0,128.0
456.0,147.0,105.0,128.0
458.0,152.0,106.0,126.0
460.0,157.0,106.0,125.0
462.0,160.0,105.0,125.0
464.0,162.0,106.0,124.0
465.0,164.0,106.0,123.0
467.0,166.0,105.0,123.0
469.0,168.0,106.0,122.0
469.0,170.0,105.0,121.0
468.0,173.0,105.0,120.0
467.0,175.0,103.0,120.0
464.0,178.0,102.0,120.0
464.0,180.0,101.0,119.0
462.0,181.0,100.0,119.0
460.0,181.0,100.0,118.0
457.0,185.0,99.0,118.0
456.0,181.0,99.0,116.0
454.0,180.0,99.0,115.0
452.0,181.0,99.0,113.0
451.0,179.0,98.0,113.0
450.0,178.0,97.0,112.0
450.0,176.0,96.0,112.0
449.0,175.0,95.0,111.0
452.0,174.0,94.0,111.0
452.0,174.0,93.0,110.0
453.0,172.0,93.0,110.0
455.0,169.0,92.0,110.0
457.0,168.0,91.0,110.0
459.0,167.0,91.0,110.0
461.0,166.0,91.0,110.0
462.0,164.0,90.0,109.0
464.0,164.0,90.0,109.0
465.0,163.0,89.0,109.0
466.0,163.0,89.0,109.0
465.0,162.0,87.0,109.0
463.0,162.0,86.0,111.0
461.0,159.0,85.0,112.0
464.0,157.0,85.0,111.0
464.0,154.0,85.0,110.0
463.0,156.0,84.0,111.0
461.0,153.0,84.0,111.0
462.0,153.0,84.0,111.0
462.0,153.0,84.0,112.0
465.0,151.0,83.0,112.0
462.0,154.0,83.0,113.0
465.0,152.0,84.0,112.0
467.0,154.0,87.0,111.0
469.0,154.0,88.0,112.0
470.0,153.0,89.0,113.0
470.0,152.0,91.0,114.0
471.0,149.0,92.0,114.0
470.0,150.0,93.0,115.0
470.0,149.0,94.0,115.0
468.0,147.0,95.0,116.0
468.0,145.0,95.0,116.0
472.0,145.0,93.0,119.0
471.0,145.0,93.0,120.0
470.0,146.0,94.0,120.0
466.0,143.0,94.0,120.0
462.0,143.0,94.0,121.0
458.0,144.0,93.0,121.0
452.0,145.0,93.0,121.0
446.0,145.0,93.0,121.0
439.0,145.0,93.0,121.0
435.0,145.0,92.0,122.0
431.0,148.0,91.0,122.0
427.0,149.0,92.0,122.0
423.0,151.0,94.0,121.0
419.0,150.0,95.0,123.0
392.0,139.0,97.0,123.0
386.0,143.0,98.0,124.0
382.0,146.0,98.0,126.0
378.0,145.0,98.0,127.0
378.0,144.0,98.0,129.0
378.0,145.0,98.0,131.0
379.0,145.0,99.0,132.0
381.0,149.0,102.0,130.0
387.0,149.0,107.0,129.0
387.0,151.0,109.0,129.0
389.0,154.0,110.0,129.0
394.0,158.0,112.0,129.0
399.0,161.0,113.0,131.0
399.0,165.0,114.0,133.0
399.0,167.0,114.0,134.0
399.0,168.0,114.0,136.0
396.0,170.0,116.0,135.0
382.0,172.0,115.0,137.0
365.0,173.0,115.0,137.0
355.0,177.0,115.0,137.0
343.0,174.0,113.0,139.0
332.0,173.0,112.0,140.0
322.0,172.0,111.0,143.0
313.0,176.0,111.0,145.0
302.0,175.0,111.0,145.0
291.0,174.0,111.0,146.0
287.0,172.0,112.0,145.0
275.0,172.0,112.0,145.0
270.0,171.0,113.0,144.0
264.0,169.0,113.0,144.0
259.0,169.0,114.0,143.0
256.0,166.0,114.0,143.0
256.0,164.0,114.0,144.0
258.0,160.0,115.0,145.0
258.0,157.0,114.0,147.0
261.0,152.0,115.0,148.0
266.0,147.0,115.0,150.0
272.0,142.0,117.0,150.0
277.0,134.0,117.0,151.0
285.0,123.0,117.0,153.0
292.0,116.0,118.0,153.0
296.0,110.0,118.0,154.0
300.0,104.0,119.0,153.0
302.0,98.0,120.0,153.0
304.0,90.0,120.0,154.0
305.0,83.0,120.0,155.0
305.0,77.0,120.0,155.0
300.0,73.0,121.0,155.0
300.0,67.0,123.0,153.0
296.0,62.0,123.0,154.0
294.0,56.0,123.0,153.0
290.0,51.0,123.0,152.0
285.0,46.0,122.0,153.0
279.0,40.0,121.0,152.0
271.0,39.0,120.0,151.0
261.0,40.0,118.0,151.0
255.0,38.0,118.0,150.0
253.0,38.0,116.0,151.0
256.0,38.0,115.0,151.0
251.0,43.0,115.0,150.0
255.0,42.0,113.0,149.0
252.0,46.0,114.0,148.0
256.0,44.0,111.0,148.0
263.0,47.0,110.0,148.0
267.0,52.0,110.0,146.0
271.0,56.0,111.0,144.0
277.0,63.0,109.0,145.0
283.0,71.0,110.0,145.0
297.0,78.0,111.0,145.0
307.0,85.0,112.0,144.0
311.0,91.0,111.0,145.0
322.0,98.0,110.0,145.0
325.0,110.0,110.0,144.0
331.0,121.0,110.0,144.0
336.0,129.0,110.0,142.0
343.0,136.0,109.0,142.0
347.0,141.0,110.0,141.0
349.0,145.0,109.0,141.0
349.0,149.0,109.0,141.0
346.0,154.0,107.0,143.0
341.0,160.0,106.0,145.0
334.0,164.0,105.0,146.0
328.0,165.0,105.0,146.0
323.0,168.0,104.0,147.0
316.0,166.0,106.0,145.0
299.0,167.0,108.0,144.0
296.0,162.0,110.0,142.0
292.0,158.0,111.0,141.0
287.0,154.0,111.0,142.0
273.0,149.0,111.0,142.0
276.0,149.0,110.0,144.0
277.0,147.0,109.0,145.0
281.0,146.0,109.0,147.0
285.0,145.0,109.0,147.0
290.0,144.0,109.0,148.0
294.0,142.0,109.0,148.0
296.0,140.0,110.0,148.0
297.0,136.0,110.0,149.0
299.0,132.0,110.0,149.0
298.0,131.0,110.0,149.0
297.0,128.0,110.0,149.0
296.0,126.0,111.0,148.0
294.0,126.0,112.0,147.0
292.0,125.0,112.0,146.0
291.0,126.0,114.0,144.0
285.0,126.0,114.0,144.0
279.0,126.0,114.0,144.0
272.0,124.0,114.0,144.0
268.0,125.0,115.0,145.0
269.0,125.0,115.0,145.0
268.0,122.0,115.0,146.0
266.0,121.0,115.0,146.0
268.0,120.0,114.0,148.0
268.0,120.0,115.0,149.0
267.0,118.0,116.0,148.0
270.0,116.0,114.0,152.0
273.0,114.0,113.0,153.0
270.0,113.0,113.0,153.0
266.0,113.0,114.0,153.0
266.0,114.0,114.0,154.0
266.0,115.0,114.0,154.0
265.0,113.0,115.0,155.0
267.0,112.0,116.0,154.0
272.0,110.0,115.0,155.0
276.0,108.0,114.0,158.0
276.0,107.0,114.0,159.0
276.0,107.0,114.0,159.0
278.0,106.0,114.0,159.0
279.0,106.0,113.0,160.0
279.0,105.0,114.0,159.0
279.0,105.0,113.0,160.0
281.0,105.0,113.0,160.0
281.0,104.0,114.0,160.0
281.0,103.0,115.0,159.0
281.0,102.0,114.0,159.0
279.0,101.0,115.0,159.0
280.0,103.0,114.0,158.0
280.0,104.0,114.0,158.0
280.0,105.0,114.0,157.0
282.0,105.0,115.0,156.0
283.0,105.0,115.0,155.0
282.0,108.0,116.0,153.0
283.0,108.0,116.0,153.0
284.0,108.0,116.0,153.0
286.0,107.0,117.0,153.0
288.0,108.0,117.0,152.0
288.0,109.0,119.0,151.0
290.0,111.0,121.0,148.0
284.0,111.0,122.0,147.0
288.0,110.0,123.0,146.0
288.0,111.0,124.0,145.0
290.0,111.0,124.0,144.0
290.0,111.0,125.0,143.0
284.0,112.0,124.0,144.0
288.0,109.0,122.0,146.0
290.0,108.0,122.0,146.0
283.0,108.0,122.0,147.0
285.0,105.0,121.0,148.0
285.0,105.0,120.0,149.0
285.0,103.0,119.0,149.0
281.0,104.0,120.0,148.0
279.0,102.0,118.0,150.0
277.0,102.0,117.0,151.0
277.0,101.0,116.0,153.0
275.0,101.0,116.0,153.0
275.0,101.0,115.0,155.0
274.0,99.0,114.0,155.0
274.0,98.0,115.0,155.0
273.0,98.0,114.0,156.0
272.0,98.0,115.0,154.0
271.0,99.0,115.0,154.0
273.0,98.0,115.0,155.0
273.0,99.0,115.0,155.0
274.0,98.0,117.0,154.0
273.0,96.0,117.0,155.0
274.0,96.0,119.0,154.0
277.0,94.0,119.0,154.0
281.0,91.0,118.0,156.0
281.0,92.0,119.0,154.0
282.0,91.0,120.0,153.0
282.0,90.0,121.0,152.0
284.0,90.0,120.0,152.0
287.0,90.0,119.0,152.0
290.0,90.0,119.0,152.0
292.0,91.0,118.0,153.0
294.0,91.0,120.0,151.0
298.0,93.0,120.0,150.0
304.0,96.0,120.0,150.0
310.0,96.0,119.0,151.0
316.0,97.0,118.0,152.0
321.0,97.0,116.0,152.0
327.0,97.0,115.0,152.0
334.0,98.0,115.0,151.0
340.0,98.0,114.0,151.0
344.0,100.0,114.0,149.0
350.0,100.0,114.0,149.0
355.0,100.0,115.0,147.0
359.0,103.0,115.0,146.0
362.0,105.0,116.0,143.0
366.0,106.0,115.0,144.0
368.0,108.0,115.0,143.0
371.0,107.0,114.0,143.0
372.0,106.0,114.0,143.0
374.0,107.0,114.0,143.0
376.0,109.0,115.0,141.0
376.0,112.0,117.0,139.0
377.0,113.0,117.0,138.0
376.0,112.0,116.0,139.0
376.0,112.0,116.0,138.0
376.0,111.0,115.0,139.0
375.0,111.0,116.0,137.0
374.0,112.0,116.0,136.0
374.0,112.0,115.0,137.0
372.0,113.0,114.0,135.0
374.0,114.0,112.0,136.0
375.0,113.0,111.0,136.0
377.0,116.0,110.0,135.0
380.0,116.0,110.0,135.0
384.0,118.0,110.0,135.0
387.0,120.0,110.0,134.0
391.0,122.0,109.0,135.0
396.0,126.0,109.0,135.0
400.0,128.0,109.0,136.0
404.0,130.0,109.0,138.0
406.0,131.0,108.0,139.0
408.0,133.0,108.0,141.0
410.0,135.0,108.0,143.0
411.0,136.0,107.0,145.0
412.0,137.0,107.0,146.0
411.0,141.0,108.0,147.0
408.0,145.0,109.0,147.0
405.0,148.0,110.0,147.0
402.0,147.0,110.0,148.0
398.0,148.0,112.0,148.0
395.0,144.0,114.0,148.0
391.0,146.0,115.0,149.0
379.0,143.0,115.0,149.0
378.0,144.0,117.0,150.0
367.0,138.0,116.0,150.0
364.0,139.0,116.0,151.0
357.0,130.0,116.0,149.0
353.0,128.0,116.0,149.0
348.0,126.0,115.0,149.0
345.0,125.0,113.0,150.0
342.0,120.0,112.0,151.0
340.0,117.0,111.0,151.0
336.0,116.0,110.0,150.0
332.0,116.0,111.0,149.0
332.0,117.0,111.0,148.0
331.0,116.0,111.0,147.0
