73.0,126.0,29.0,23.0
74.0,126.0,28.0,23.0
74.0,125.0,27.0,23.0
75.0,125.0,27.0,23.0
76.0,126.0,27.0,23.0
77.0,126.0,27.0,22.0
78.0,126.0,26.0,23.0
79.0,126.0,26.0,22.0
80.0,126.0,26.0,22.0
81.0,125.0,26.0,22.0
80.0,126.0,26.0,22.0
80.0,126.0,26.0,21.0
82.0,125.0,26.0,21.0
82.0,125.0,25.0,21.0
83.0,125.0,25.0,21.0
84.0,124.0,25.0,21.0
85.0,124.0,25.0,21.0
85.0,124.0,25.0,21.0
86.0,124.0,25.0,21.0
85.0,123.0,25.0,20.0
86.0,124.0,25.0,20.0
87.0,124.0,25.0,20.0
88.0,124.0,24.0,20.0
87.0,124.0,24.0,20.0
88.0,124.0,24.0,20.0
90.0,125.0,24.0,20.0
90.0,124.0,24.0,20.0
91.0,125.0,23.0,20.0
91.0,125.0,23.0,20.0
91.0,125.0,23.0,19.0
92.0,125.0,23.0,19.0
92.0,125.0,23.0,20.0
92.0,125.0,23.0,19.0
92.0,126.0,22.0,19.0
93.0,125.0,22.0,20.0
95.0,125.0,22.0,19.0
94.0,126.0,22.0,19.0
95.0,126.0,22.0,19.0
94.0,126.0,22.0,19.0
95.0,126.0,22.0,20.0
96.0,127.0,22.0,19.0
95.0,128.0,22.0,19.0
96.0,128.0,22.0,19.0
96.0,129.0,22.0,19.0
96.0,129.0,22.0,19.0
96.0,129.0,22.0,19.0
97.0,129.0,22.0,19.0
96.0,130.0,22.0,18.0
97.0,130.0,22.0,18.0
97.0,131.0,23.0,18.0
97.0,131.0,22.0,18.0
98.0,131.0,23.0,18.0
98.0,131.0,22.0,18.0
98.0,130.0,22.0,18.0
99.0,130.0,22.0,18.0
99.0,130.0,22.0,18.0
100.0,130.0,22.0,18.0
100.0,129.0,22.0,18.0
101.0,130.0,22.0,18.0
101.0,129.0,22.0,18.0
101.0,129.0,22.0,18.0
101.0,129.0,22.0,18.0
101.0,129.0,22.0,18.0
101.0,128.0,22.0,18.0
101.0,129.0,22.0,17.0
103.0,129.0,22.0,17.0
102.0,129.0,22.0,17.0
103.0,128.0,22.0,17.0
103.0,128.0,22.0,17.0
103.0,128.0,22.0,18.0
103.0,128.0,22.0,17.0
103.0,129.0,22.0,17.0
104.0,129.0,22.0,18.0
104.0,128.0,22.0,18.0
104.0,129.0,21.0,18.0
104.0,129.0,21.0,18.0
104.0,128.0,21.0,18.0
104.0,129.0,22.0,17.0
105.0,130.0,22.0,18.0
105.0,128.0,21.0,18.0
104.0,129.0,21.0,18.0
105.0,128.0,21.0,18.0
107.0,128.0,21.0,18.0
106.0,128.0,21.0,18.0
106.0,128.0,21.0,18.0
107.0,129.0,21.0,18.0
107.0,128.0,21.0,18.0
107.0,128.0,21.0,18.0
106.0,128.0,21.0,18.0
107.0,128.0,21.0,18.0
109.0,128.0,21.0,18.0
108.0,128.0,21.0,18.0
108.0,128.0,21.0,18.0
109.0,129.0,21.0,18.0
109.0,128.0,21.0,18.0
111.0,128.0,21.0,18.0
110.0,128.0,21.0,18.0
109.0,128.0,21.0,18.0
111.0,128.0,21.0,18.0
108.0,128.0,21.0,18.0
110.0,129.0,21.0,18.0
109.0,128.0,21.0,18.0
109.0,129.0,21.0,17.0
107.0,128.0,21.0,17.0
107.0,128.0,22.0,17.0
107.0,128.0,22.0,17.0
107.0,129.0,22.0,17.0
107.0,129.0,22.0,17.0
108.0,128.0,21.0,17.0
108.0,128.0,22.0,17.0
109.0,128.0,21.0,17.0
111.0,127.0,21.0,17.0
110.0,128.0,22.0,17.0
110.0,128.0,22.0,17.0
111.0,128.0,22.0,17.0
108.0,127.0,22.0,17.0
111.0,127.0,21.0,18.0
111.0,127.0,21.0,18.0
109.0,127.0,21.0,18.0
109.0,126.0,21.0,18.0
109.0,127.0,21.0,18.0
109.0,126.0,21.0,18.0
110.0,126.0,21.0,18.0
109.0,126.0,22.0,17.0
110.0,127.0,21.0,18.0
110.0,126.0,21.0,18.0
109.0,126.0,21.0,17.0
110.0,126.0,21.0,17.0
110.0,126.0,21.0,17.0
110.0,126.0,21.0,18.0
110.0,126.0,21.0,17.0
109.0,127.0,21.0,18.0
109.0,126.0,21.0,18.0
110.0,126.0,21.0,18.0
110.0,127.0,21.0,17.0
110.0,127.0,21.0,17.0
109.0,127.0,21.0,17.0
110.0,127.0,21.0,17.0
110.0,127.0,21.0,17.0
109.0,127.0,22.0,17.0
109.0,127.0,22.0,17.0
109.0,127.0,21.0,17.0
109.0,127.0,21.0,17.0
109.0,126.0,21.0,17.0
109.0,127.0,21.0,17.0
109.0,127.0,22.0,17.0
108.0,126.0,21.0,17.0
108.0,127.0,21.0,17.0
109.0,126.0,21.0,17.0
109.0,127.0,21.0,17.0
109.0,126.0,21.0,17.0
109.0,126.0,21.0,17.0
107.0,126.0,21.0,17.0
108.0,126.0,21.0,16.0
109.0,126.0,21.0,16.0
109.0,126.0,21.0,17.0
109.0,126.0,21.0,17.0
109.0,127.0,21.0,17.0
109.0,127.0,21.0,17.0
110.0,127.0,21.0,17.0
110.0,127.0,21.0,17.0
110.0,127.0,21.0,17.0
111.0,127.0,21.0,17.0
111.0,127.0,20.0,17.0
111.0,127.0,20.0,17.0
110.0,127.0,20.0,17.0
111.0,127.0,20.0,17.0
111.0,127.0,20.0,17.0
110.0,127.0,20.0,17.0
110.0,127.0,20.0,17.0
110.0,128.0,20.0,17.0
110.0,127.0,20.0,17.0
110.0,127.0,20.0,17.0
110.0,127.0,20.0,17.0
110.0,127.0,20.0,17.0
110.0,127.0,20.0,17.0
110.0,127.0,20.0,16.0
109.0,127.0,20.0,16.0
110.0,127.0,21.0,16.0
108.0,127.0,21.0,16.0
109.0,127.0,21.0,16.0
110.0,127.0,21.0,16.0
110.0,127.0,20.0,16.0
110.0,127.0,21.0,16.0
111.0,127.0,21.0,16.0
111.0,128.0,21.0,16.0
110.0,128.0,20.0,16.0
111.0,129.0,21.0,16.0
111.0,128.0,20.0,16.0
111.0,129.0,21.0,16.0
110.0,129.0,21.0,16.0
111.0,129.0,20.0,16.0
111.0,129.0,20.0,16.0
112.0,128.0,20.0,16.0
112.0,128.0,20.0,16.0
111.0,128.0,20.0,16.0
112.0,128.0,20.0,16.0
112.0,127.0,20.0,16.0
113.0,127.0,20.0,16.0
112.0,127.0,20.0,16.0
113.0,127.0,20.0,16.0
113.0,127.0,20.0,16.0
113.0,126.0,20.0,16.0
113.0,127.0,20.0,16.0
114.0,127.0,19.0,16.0
114.0,127.0,19.0,16.0
113.0,127.0,19.0,16.0
113.0,127.0,20.0,15.0
114.0,127.0,19.0,15.0
114.0,128.0,19.0,16.0
115.0,128.0,19.0,15.0
115.0,128.0,19.0,16.0
115.0,128.0,19.0,16.0
115.0,128.0,19.0,16.0
115.0,128.0,19.0,15.0
116.0,130.0,19.0,16.0
116.0,129.0,19.0,15.0
115.0,129.0,19.0,15.0
115.0,129.0,19.0,15.0
116.0,130.0,19.0,15.0
118.0,130.0,19.0,15.0
117.0,130.0,19.0,15.0
117.0,129.0,19.0,16.0
117.0,129.0,19.0,16.0
117.0,129.0,19.0,15.0
116.0,129.0,19.0,15.0
117.0,128.0,19.0,15.0
117.0,128.0,19.0,15.0
118.0,128.0,19.0,15.0
118.0,128.0,19.0,15.0
119.0,127.0,19.0,15.0
118.0,127.0,18.0,15.0
118.0,127.0,18.0,15.0
119.0,126.0,18.0,15.0
120.0,126.0,18.0,15.0
119.0,128.0,18.0,15.0
120.0,128.0,18.0,14.0
123.0,129.0,18.0,14.0
121.0,129.0,18.0,14.0
122.0,129.0,18.0,14.0
122.0,129.0,18.0,14.0
125.0,130.0,18.0,14.0
123.0,130.0,18.0,14.0
123.0,129.0,18.0,14.0
126.0,129.0,18.0,14.0
126.0,131.0,18.0,14.0
131.0,130.0,18.0,14.0
131.0,129.0,18.0,14.0
133.0,131.0,18.0,14.0
132.0,129.0,18.0,14.0
133.0,129.0,19.0,14.0
133.0,129.0,19.0,14.0
134.0,129.0,19.0,14.0
134.0,128.0,19.0,14.0
136.0,127.0,19.0,15.0
135.0,127.0,19.0,14.0
135.0,127.0,19.0,14.0
136.0,127.0,19.0,14.0
136.0,127.0,19.0,15.0
137.0,127.0,19.0,15.0
136.0,126.0,19.0,15.0
138.0,126.0,19.0,15.0
138.0,126.0,19.0,15.0
139.0,126.0,19.0,15.0
140.0,126.0,19.0,15.0
141.0,126.0,19.0,15.0
143.0,126.0,19.0,15.0
143.0,126.0,19.0,15.0
145.0,126.0,19.0,15.0
144.0,126.0,19.0,15.0
143.0,127.0,19.0,15.0
145.0,126.0,18.0,15.0
147.0,126.0,19.0,15.0
147.0,126.0,19.0,15.0
147.0,125.0,19.0,15.0
150.0,125.0,19.0,14.0
150.0,123.0,19.0,15.0
151.0,124.0,19.0,14.0
153.0,123.0,19.0,14.0
153.0,122.0,19.0,14.0
154.0,122.0,19.0,14.0
151.0,122.0,19.0,14.0
151.0,122.0,18.0,15.0
154.0,122.0,18.0,14.0
152.0,122.0,18.0,14.0
156.0,124.0,18.0,14.0
156.0,123.0,18.0,14.0
153.0,123.0,18.0,15.0
153.0,123.0,18.0,14.0
152.0,124.0,18.0,14.0
152.0,124.0,17.0,15.0
151.0,124.0,17.0,15.0
151.0,124.0,17.0,15.0
152.0,124.0,17.0,15.0
154.0,124.0,17.0,15.0
150.0,123.0,17.0,14.0
150.0,123.0,17.0,14.0
153.0,124.0,17.0,14.0
153.0,123.0,17.0,14.0
154.0,123.0,17.0,14.0
154.0,123.0,17.0,14.0
152.0,123.0,17.0,13.0
152.0,124.0,17.0,13.0
152.0,124.0,17.0,13.0
152.0,124.0,17.0,13.0
150.0,124.0,16.0,13.0
150.0,124.0,16.0,14.0
152.0,126.0,17.0,13.0
152.0,126.0,17.0,13.0
152.0,127.0,17.0,13.0
152.0,127.0,17.0,13.0
152.0,128.0,17.0,13.0
156.0,129.0,16.0,13.0
155.0,129.0,16.0,13.0
155.0,130.0,16.0,13.0
156.0,130.0,16.0,13.0
156.0,131.0,16.0,13.0
152.0,131.0,16.0,13.0
152.0,131.0,16.0,13.0
152.0,131.0,16.0,13.0
150.0,130.0,16.0,13.0
156.0,129.0,16.0,13.0
156.0,128.0,15.0,13.0
155.0,128.0,15.0,13.0
155.0,126.0,15.0,13.0
155.0,125.0,15.0,13.0
153.0,125.0,15.0,13.0
153.0,125.0,15.0,13.0
154.0,125.0,14.0,13.0
154.0,125.0,14.0,13.0
152.0,124.0,14.0,13.0
152.0,124.0,14.0,14.0
154.0,123.0,14.0,13.0
152.0,125.0,14.0,13.0
150.0,125.0,14.0,13.0
149.0,126.0,14.0,13.0
149.0,127.0,14.0,13.0
149.0,128.0,14.0,13.0
148.0,130.0,14.0,13.0
146.0,130.0,14.0,12.0
145.0,130.0,14.0,12.0
143.0,131.0,14.0,12.0
144.0,131.0,14.0,12.0
143.0,131.0,14.0,13.0
143.0,131.0,13.0,13.0
142.0,133.0,13.0,13.0
140.0,132.0,13.0,13.0
140.0,131.0,13.0,13.0
137.0,133.0,13.0,13.0
137.0,132.0,13.0,13.0
136.0,133.0,13.0,13.0
134.0,133.0,13.0,13.0
134.0,135.0,13.0,13.0
132.0,136.0,14.0,12.0
132.0,137.0,14.0,12.0
130.0,138.0,14.0,12.0
129.0,137.0,14.0,12.0
127.0,137.0,14.0,12.0
128.0,138.0,14.0,12.0
125.0,136.0,14.0,12.0
123.0,136.0,14.0,12.0
122.0,136.0,14.0,12.0
122.0,137.0,14.0,12.0
120.0,136.0,14.0,11.0
118.0,137.0,14.0,12.0
117.0,136.0,14.0,11.0
116.0,136.0,14.0,12.0
116.0,135.0,14.0,12.0
115.0,136.0,14.0,12.0
114.0,136.0,14.0,12.0
114.0,136.0,14.0,12.0
111.0,136.0,14.0,12.0
112.0,137.0,14.0,11.0
109.0,132.0,14.0,12.0
107.0,132.0,13.0,12.0
107.0,132.0,13.0,13.0
105.0,132.0,13.0,13.0
104.0,131.0,13.0,13.0
103.0,132.0,13.0,13.0
102.0,133.0,12.0,13.0
102.0,132.0,12.0,13.0
100.0,132.0,12.0,13.0
98.0,133.0,12.0,13.0
97.0,133.0,12.0,13.0
95.0,132.0,12.0,13.0
94.0,131.0,12.0,13.0
93.0,132.0,12.0,13.0
91.0,133.0,12.0,13.0
91.0,134.0,12.0,13.0
89.0,133.0,12.0,13.0
88.0,133.0,12.0,13.0
87.0,132.0,12.0,13.0
86.0,133.0,12.0,13.0
