310.0,102.0,39.0,50.0
310.0,101.0,39.0,50.0
308.0,100.0,39.0,50.0
306.0,99.0,39.0,50.0
305.0,98.0,39.0,50.0
305.0,96.0,39.0,50.0
302.0,95.0,39.0,50.0
302.0,94.0,39.0,51.0
298.0,93.0,40.0,51.0
298.0,92.0,40.0,51.0
297.0,91.0,40.0,51.0
296.0,89.0,40.0,51.0
295.0,89.0,41.0,51.0
294.0,89.0,40.0,51.0
293.0,87.0,40.0,51.0
292.0,86.0,40.0,51.0
292.0,86.0,40.0,52.0
290.0,85.0,40.0,51.0
289.0,83.0,40.0,52.0
289.0,83.0,40.0,52.0
288.0,82.0,40.0,51.0
288.0,83.0,40.0,51.0
286.0,83.0,41.0,51.0
284.0,83.0,41.0,51.0
283.0,83.0,41.0,51.0
283.0,83.0,41.0,51.0
280.0,82.0,41.0,51.0
279.0,81.0,41.0,51.0
279.0,82.0,41.0,51.0
276.0,82.0,41.0,51.0
276.0,81.0,41.0,51.0
273.0,82.0,41.0,51.0
270.0,80.0,42.0,51.0
269.0,80.0,42.0,51.0
267.0,81.0,42.0,51.0
266.0,80.0,42.0,51.0
265.0,80.0,42.0,52.0
262.0,81.0,42.0,51.0
260.0,80.0,43.0,51.0
261.0,81.0,43.0,51.0
258.0,82.0,43.0,51.0
256.0,83.0,43.0,52.0
255.0,83.0,43.0,52.0
252.0,83.0,43.0,52.0
253.0,84.0,43.0,52.0
250.0,84.0,43.0,52.0
249.0,83.0,43.0,52.0
249.0,83.0,44.0,52.0
248.0,84.0,43.0,52.0
248.0,83.0,43.0,52.0
248.0,82.0,44.0,52.0
249.0,82.0,44.0,52.0
250.0,80.0,44.0,52.0
251.0,79.0,44.0,51.0
252.0,77.0,44.0,51.0
256.0,75.0,43.0,51.0
257.0,72.0,43.0,52.0
263.0,69.0,43.0,52.0
265.0,64.0,42.0,52.0
267.0,63.0,42.0,53.0
271.0,60.0,43.0,52.0
273.0,58.0,43.0,52.0
278.0,55.0,44.0,52.0
283.0,53.0,43.0,52.0
285.0,53.0,44.0,51.0
289.0,52.0,43.0,52.0
291.0,52.0,43.0,51.0
294.0,50.0,43.0,52.0
297.0,48.0,43.0,51.0
299.0,49.0,43.0,51.0
303.0,45.0,43.0,52.0
307.0,45.0,42.0,51.0
307.0,43.0,42.0,51.0
311.0,42.0,42.0,51.0
313.0,42.0,43.0,50.0
313.0,41.0,43.0,50.0
316.0,40.0,42.0,50.0
315.0,38.0,43.0,49.0
318.0,37.0,43.0,50.0
319.0,36.0,43.0,50.0
320.0,34.0,43.0,49.0
319.0,33.0,43.0,50.0
320.0,32.0,43.0,50.0
320.0,29.0,42.0,50.0
322.0,28.0,43.0,50.0
320.0,28.0,43.0,49.0
319.0,28.0,43.0,49.0
319.0,27.0,42.0,49.0
319.0,27.0,42.0,49.0
320.0,28.0,42.0,49.0
318.0,28.0,42.0,49.0
318.0,29.0,42.0,49.0
316.0,29.0,42.0,48.0
317.0,29.0,42.0,48.0
316.0,30.0,42.0,48.0
315.0,30.0,42.0,48.0
315.0,31.0,42.0,47.0
314.0,32.0,42.0,47.0
313.0,32.0,42.0,47.0
314.0,34.0,41.0,48.0
313.0,34.0,42.0,48.0
313.0,35.0,42.0,48.0
313.0,36.0,42.0,48.0
312.0,36.0,42.0,48.0
311.0,35.0,41.0,49.0
311.0,36.0,41.0,50.0
311.0,35.0,41.0,50.0
309.0,40.0,41.0,50.0
309.0,38.0,42.0,49.0
309.0,38.0,42.0,49.0
310.0,36.0,41.0,50.0
311.0,36.0,41.0,50.0
311.0,37.0,42.0,50.0
311.0,35.0,42.0,50.0
312.0,36.0,42.0,51.0
314.0,37.0,42.0,51.0
316.0,36.0,42.0,52.0
319.0,34.0,42.0,52.0
322.0,35.0,42.0,52.0
322.0,35.0,43.0,52.0
324.0,35.0,42.0,53.0
324.0,35.0,42.0,53.0
326.0,35.0,42.0,53.0
327.0,38.0,42.0,53.0
328.0,38.0,42.0,53.0
329.0,41.0,42.0,54.0
329.0,42.0,42.0,54.0
330.0,43.0,42.0,54.0
328.0,45.0,42.0,54.0
328.0,44.0,42.0,54.0
329.0,46.0,43.0,54.0
329.0,47.0,43.0,53.0
328.0,47.0,44.0,53.0
328.0,48.0,44.0,53.0
327.0,48.0,44.0,54.0
326.0,48.0,44.0,54.0
323.0,47.0,44.0,54.0
321.0,47.0,45.0,55.0
319.0,47.0,46.0,55.0
314.0,47.0,46.0,55.0
313.0,46.0,46.0,56.0
312.0,46.0,47.0,56.0
311.0,46.0,48.0,56.0
307.0,45.0,48.0,56.0
306.0,45.0,48.0,57.0
303.0,46.0,48.0,58.0
302.0,44.0,49.0,58.0
299.0,44.0,49.0,58.0
298.0,44.0,49.0,59.0
299.0,43.0,49.0,60.0
294.0,41.0,50.0,60.0
295.0,40.0,49.0,61.0
293.0,40.0,49.0,61.0
294.0,39.0,50.0,61.0
294.0,39.0,51.0,60.0
292.0,40.0,52.0,59.0
293.0,41.0,52.0,60.0
290.0,39.0,52.0,60.0
289.0,39.0,52.0,60.0
288.0,40.0,52.0,60.0
288.0,40.0,52.0,61.0
285.0,38.0,51.0,61.0
283.0,37.0,51.0,61.0
284.0,37.0,51.0,62.0
283.0,38.0,51.0,61.0
282.0,38.0,51.0,61.0
281.0,37.0,51.0,61.0
280.0,37.0,51.0,61.0
278.0,36.0,51.0,61.0
278.0,35.0,51.0,61.0
278.0,37.0,51.0,60.0
277.0,38.0,50.0,61.0
278.0,38.0,51.0,60.0
276.0,41.0,52.0,59.0
277.0,41.0,51.0,60.0
277.0,42.0,51.0,59.0
279.0,42.0,50.0,59.0
278.0,41.0,50.0,59.0
279.0,43.0,50.0,58.0
282.0,42.0,49.0,58.0
283.0,42.0,49.0,58.0
284.0,43.0,48.0,58.0
286.0,43.0,48.0,57.0
287.0,45.0,48.0,57.0
289.0,44.0,47.0,57.0
290.0,44.0,47.0,57.0
292.0,45.0,47.0,57.0
293.0,45.0,47.0,56.0
295.0,46.0,47.0,56.0
299.0,45.0,47.0,55.0
300.0,46.0,47.0,55.0
302.0,47.0,46.0,56.0
305.0,46.0,45.0,57.0
306.0,47.0,45.0,57.0
308.0,47.0,45.0,57.0
311.0,49.0,45.0,57.0
312.0,49.0,45.0,57.0
312.0,50.0,44.0,57.0
314.0,51.0,45.0,56.0
317.0,53.0,46.0,55.0
318.0,55.0,46.0,54.0
320.0,56.0,46.0,54.0
321.0,56.0,46.0,54.0
324.0,57.0,46.0,54.0
326.0,58.0,45.0,54.0
325.0,58.0,45.0,54.0
326.0,60.0,46.0,53.0
326.0,60.0,46.0,53.0
325.0,61.0,45.0,53.0
327.0,62.0,45.0,54.0
327.0,63.0,45.0,53.0
327.0,65.0,46.0,52.0
329.0,65.0,44.0,53.0
330.0,65.0,44.0,53.0
329.0,68.0,43.0,53.0
330.0,68.0,43.0,54.0
331.0,67.0,43.0,53.0
333.0,67.0,42.0,54.0
331.0,68.0,42.0,54.0
331.0,68.0,42.0,55.0
331.0,69.0,42.0,55.0
330.0,69.0,42.0,55.0
330.0,69.0,42.0,54.0
331.0,69.0,42.0,54.0
329.0,69.0,43.0,53.0
330.0,69.0,42.0,54.0
330.0,68.0,42.0,54.0
329.0,68.0,42.0,53.0
331.0,69.0,43.0,53.0
328.0,68.0,42.0,53.0
330.0,68.0,42.0,53.0
329.0,68.0,42.0,53.0
327.0,69.0,42.0,53.0
327.0,69.0,41.0,54.0
327.0,70.0,41.0,54.0
325.0,70.0,41.0,54.0
324.0,70.0,41.0,55.0
323.0,70.0,40.0,55.0
324.0,70.0,40.0,55.0
323.0,71.0,41.0,54.0
323.0,72.0,41.0,54.0
322.0,73.0,41.0,54.0
321.0,73.0,41.0,54.0
320.0,73.0,41.0,54.0
318.0,72.0,41.0,54.0
318.0,73.0,41.0,55.0
315.0,73.0,42.0,54.0
314.0,74.0,41.0,54.0
312.0,75.0,42.0,54.0
310.0,75.0,42.0,54.0
307.0,75.0,43.0,54.0
307.0,76.0,43.0,53.0
304.0,76.0,44.0,52.0
302.0,76.0,43.0,52.0
300.0,76.0,44.0,51.0
300.0,77.0,43.0,52.0
297.0,79.0,43.0,51.0
296.0,78.0,43.0,52.0
294.0,79.0,43.0,51.0
294.0,80.0,43.0,51.0
293.0,79.0,42.0,52.0
292.0,80.0,42.0,52.0
292.0,80.0,42.0,52.0
291.0,81.0,42.0,52.0
290.0,82.0,42.0,51.0
290.0,83.0,43.0,50.0
290.0,85.0,43.0,50.0
289.0,86.0,42.0,51.0
288.0,88.0,42.0,51.0
288.0,89.0,42.0,51.0
288.0,91.0,42.0,51.0
288.0,95.0,42.0,51.0
288.0,97.0,43.0,51.0
288.0,99.0,42.0,52.0
287.0,102.0,43.0,52.0
287.0,105.0,42.0,54.0
287.0,110.0,43.0,54.0
287.0,110.0,43.0,55.0
286.0,112.0,43.0,55.0
287.0,113.0,43.0,55.0
285.0,118.0,43.0,56.0
285.0,118.0,45.0,54.0
285.0,119.0,46.0,53.0
285.0,116.0,46.0,53.0
287.0,123.0,47.0,52.0
287.0,119.0,48.0,51.0
285.0,122.0,49.0,50.0
288.0,117.0,50.0,50.0
294.0,111.0,49.0,50.0
299.0,106.0,48.0,51.0
300.0,101.0,47.0,52.0
301.0,97.0,46.0,52.0
301.0,91.0,44.0,54.0
298.0,89.0,44.0,54.0
297.0,86.0,45.0,54.0
293.0,82.0,46.0,54.0
292.0,78.0,46.0,54.0
289.0,72.0,47.0,55.0
288.0,66.0,47.0,55.0
289.0,63.0,47.0,56.0
289.0,59.0,47.0,56.0
289.0,56.0,47.0,57.0
288.0,54.0,48.0,57.0
286.0,48.0,48.0,57.0
284.0,45.0,48.0,58.0
282.0,41.0,49.0,59.0
280.0,37.0,49.0,60.0
278.0,35.0,49.0,61.0
276.0,32.0,50.0,61.0
274.0,28.0,50.0,61.0
273.0,25.0,51.0,61.0
272.0,23.0,50.0,62.0
272.0,18.0,51.0,61.0
271.0,17.0,52.0,60.0
271.0,16.0,52.0,60.0
271.0,14.0,52.0,59.0
269.0,14.0,52.0,59.0
268.0,14.0,52.0,59.0
271.0,14.0,52.0,59.0
268.0,12.0,52.0,59.0
267.0,11.0,51.0,59.0
266.0,12.0,52.0,59.0
265.0,11.0,51.0,58.0
265.0,12.0,51.0,58.0
266.0,12.0,51.0,58.0
265.0,14.0,51.0,57.0
266.0,13.0,51.0,57.0
266.0,15.0,51.0,57.0
266.0,14.0,51.0,57.0
266.0,16.0,50.0,57.0
267.0,16.0,50.0,57.0
266.0,17.0,50.0,56.0
267.0,18.0,51.0,55.0
268.0,19.0,50.0,55.0
269.0,20.0,50.0,55.0
270.0,22.0,50.0,55.0
271.0,24.0,50.0,55.0
270.0,25.0,50.0,55.0
272.0,27.0,50.0,55.0
272.0,29.0,50.0,56.0
272.0,31.0,50.0,55.0
272.0,32.0,51.0,55.0
272.0,36.0,51.0,55.0
271.0,38.0,51.0,55.0
271.0,39.0,51.0,55.0
271.0,41.0,51.0,55.0
272.0,42.0,51.0,56.0
272.0,44.0,51.0,56.0
273.0,46.0,51.0,56.0
273.0,49.0,51.0,56.0
273.0,51.0,51.0,56.0
274.0,52.0,51.0,56.0
273.0,53.0,51.0,56.0
274.0,55.0,51.0,56.0
274.0,57.0,51.0,56.0
277.0,58.0,50.0,55.0
278.0,60.0,50.0,55.0
280.0,62.0,50.0,55.0
274.0,68.0,50.0,54.0
276.0,68.0,49.0,54.0
278.0,69.0,49.0,54.0
272.0,73.0,49.0,54.0
