99.0,237.0,27.0,82.0
102.0,239.0,28.0,79.0
103.0,242.0,29.0,78.0
107.0,241.0,29.0,78.0
108.0,244.0,29.0,78.0
112.0,242.0,29.0,78.0
111.0,244.0,29.0,78.0
112.0,244.0,30.0,77.0
114.0,243.0,30.0,77.0
116.0,241.0,29.0,77.0
116.0,240.0,29.0,77.0
117.0,240.0,29.0,76.0
118.0,238.0,30.0,76.0
118.0,237.0,30.0,75.0
118.0,234.0,30.0,74.0
119.0,233.0,30.0,74.0
122.0,230.0,31.0,74.0
121.0,232.0,31.0,74.0
121.0,231.0,31.0,74.0
124.0,229.0,32.0,73.0
123.0,229.0,33.0,72.0
123.0,228.0,33.0,73.0
124.0,227.0,33.0,73.0
129.0,226.0,33.0,73.0
130.0,226.0,33.0,74.0
132.0,226.0,33.0,74.0
133.0,227.0,33.0,74.0
134.0,226.0,33.0,75.0
136.0,225.0,33.0,75.0
137.0,225.0,32.0,76.0
139.0,225.0,32.0,76.0
141.0,225.0,32.0,75.0
144.0,223.0,32.0,75.0
143.0,226.0,32.0,75.0
144.0,226.0,32.0,75.0
144.0,225.0,32.0,75.0
141.0,223.0,32.0,75.0
138.0,226.0,33.0,74.0
136.0,226.0,33.0,75.0
136.0,224.0,33.0,75.0
133.0,224.0,33.0,75.0
132.0,223.0,32.0,76.0
130.0,223.0,32.0,75.0
129.0,223.0,32.0,75.0
127.0,223.0,32.0,75.0
125.0,226.0,32.0,75.0
124.0,228.0,32.0,74.0
125.0,227.0,32.0,74.0
127.0,227.0,32.0,74.0
126.0,228.0,32.0,74.0
123.0,230.0,32.0,74.0
122.0,230.0,32.0,73.0
124.0,231.0,32.0,74.0
125.0,232.0,33.0,73.0
126.0,231.0,33.0,72.0
126.0,230.0,32.0,73.0
128.0,229.0,32.0,73.0
130.0,229.0,32.0,74.0
131.0,230.0,32.0,74.0
132.0,232.0,32.0,74.0
133.0,231.0,32.0,73.0
133.0,229.0,32.0,74.0
135.0,230.0,32.0,74.0
136.0,229.0,32.0,74.0
137.0,228.0,32.0,73.0
140.0,228.0,32.0,73.0
142.0,229.0,32.0,73.0
143.0,231.0,32.0,73.0
147.0,229.0,32.0,73.0
149.0,229.0,32.0,73.0
150.0,232.0,32.0,73.0
151.0,231.0,32.0,73.0
151.0,234.0,32.0,73.0
153.0,233.0,32.0,72.0
156.0,234.0,32.0,72.0
156.0,233.0,32.0,71.0
156.0,232.0,32.0,71.0
156.0,228.0,32.0,72.0
156.0,230.0,32.0,72.0
159.0,229.0,32.0,71.0
158.0,229.0,33.0,71.0
159.0,229.0,33.0,71.0
161.0,229.0,32.0,72.0
162.0,230.0,32.0,72.0
164.0,232.0,31.0,72.0
165.0,232.0,31.0,73.0
167.0,233.0,31.0,72.0
168.0,232.0,31.0,73.0
170.0,229.0,30.0,73.0
170.0,229.0,30.0,73.0
171.0,229.0,30.0,74.0
173.0,230.0,30.0,73.0
177.0,227.0,30.0,73.0
178.0,230.0,30.0,73.0
180.0,230.0,30.0,73.0
182.0,234.0,30.0,73.0
184.0,233.0,30.0,73.0
185.0,233.0,30.0,73.0
186.0,232.0,30.0,73.0
191.0,230.0,30.0,73.0
192.0,228.0,30.0,73.0
194.0,228.0,30.0,73.0
196.0,228.0,30.0,73.0
196.0,227.0,30.0,73.0
197.0,229.0,30.0,73.0
196.0,228.0,30.0,73.0
195.0,228.0,30.0,73.0
194.0,228.0,30.0,74.0
195.0,229.0,29.0,74.0
195.0,228.0,29.0,73.0
193.0,229.0,29.0,74.0
192.0,232.0,29.0,74.0
192.0,231.0,29.0,73.0
191.0,233.0,30.0,73.0
191.0,234.0,30.0,73.0
190.0,235.0,30.0,73.0
190.0,237.0,30.0,73.0
188.0,237.0,30.0,73.0
188.0,240.0,30.0,73.0
189.0,240.0,30.0,73.0
190.0,239.0,30.0,73.0
191.0,241.0,29.0,73.0
195.0,240.0,30.0,73.0
195.0,240.0,29.0,74.0
197.0,241.0,29.0,74.0
199.0,241.0,29.0,73.0
200.0,240.0,30.0,73.0
206.0,238.0,30.0,73.0
205.0,236.0,30.0,72.0
199.0,237.0,30.0,72.0
201.0,233.0,30.0,73.0
203.0,231.0,29.0,74.0
204.0,231.0,29.0,74.0
203.0,230.0,29.0,75.0
203.0,229.0,29.0,75.0
205.0,226.0,29.0,75.0
206.0,228.0,29.0,75.0
209.0,229.0,29.0,75.0
211.0,231.0,29.0,74.0
212.0,230.0,29.0,73.0
213.0,231.0,29.0,73.0
215.0,230.0,29.0,72.0
218.0,230.0,29.0,72.0
219.0,229.0,30.0,71.0
221.0,230.0,30.0,72.0
226.0,229.0,29.0,72.0
227.0,230.0,29.0,73.0
230.0,229.0,29.0,73.0
232.0,230.0,29.0,73.0
235.0,231.0,29.0,73.0
238.0,230.0,28.0,73.0
241.0,229.0,28.0,74.0
243.0,230.0,28.0,74.0
250.0,228.0,28.0,74.0
251.0,229.0,27.0,74.0
252.0,229.0,27.0,74.0
254.0,230.0,28.0,74.0
255.0,230.0,28.0,73.0
257.0,233.0,28.0,73.0
260.0,231.0,29.0,72.0
262.0,232.0,29.0,72.0
263.0,231.0,29.0,71.0
264.0,232.0,29.0,71.0
266.0,230.0,29.0,72.0
266.0,231.0,29.0,72.0
268.0,230.0,29.0,72.0
269.0,231.0,29.0,72.0
271.0,231.0,29.0,72.0
271.0,230.0,29.0,71.0
272.0,231.0,29.0,71.0
272.0,231.0,29.0,71.0
273.0,229.0,29.0,71.0
274.0,229.0,29.0,71.0
275.0,229.0,29.0,72.0
276.0,228.0,28.0,72.0
277.0,228.0,29.0,72.0
279.0,228.0,28.0,72.0
282.0,228.0,28.0,73.0
283.0,231.0,29.0,72.0
285.0,231.0,28.0,72.0
284.0,231.0,28.0,72.0
286.0,233.0,28.0,72.0
287.0,235.0,28.0,72.0
287.0,234.0,28.0,72.0
287.0,233.0,28.0,72.0
287.0,235.0,28.0,72.0
288.0,239.0,28.0,72.0
290.0,237.0,28.0,72.0
290.0,236.0,28.0,72.0
291.0,236.0,27.0,72.0
290.0,236.0,28.0,71.0
288.0,238.0,28.0,71.0
288.0,234.0,29.0,72.0
287.0,234.0,29.0,71.0
287.0,234.0,29.0,71.0
286.0,234.0,29.0,71.0
287.0,234.0,29.0,71.0
287.0,235.0,29.0,71.0
288.0,237.0,29.0,71.0
288.0,235.0,29.0,71.0
288.0,236.0,29.0,72.0
288.0,236.0,29.0,72.0
287.0,234.0,29.0,72.0
288.0,233.0,29.0,73.0
288.0,234.0,29.0,72.0
289.0,233.0,29.0,73.0
289.0,232.0,30.0,73.0
290.0,234.0,30.0,73.0
292.0,234.0,30.0,73.0
293.0,232.0,29.0,73.0
293.0,232.0,29.0,73.0
294.0,233.0,29.0,74.0
295.0,233.0,30.0,72.0
295.0,234.0,30.0,72.0
294.0,231.0,30.0,73.0
296.0,231.0,31.0,72.0
297.0,231.0,31.0,71.0
298.0,231.0,31.0,71.0
298.0,231.0,31.0,72.0
297.0,232.0,31.0,72.0
300.0,233.0,30.0,73.0
301.0,231.0,29.0,74.0
302.0,229.0,28.0,75.0
302.0,228.0,28.0,75.0
303.0,227.0,28.0,75.0
303.0,225.0,29.0,75.0
302.0,225.0,28.0,75.0
303.0,222.0,28.0,76.0
304.0,221.0,29.0,76.0
305.0,222.0,29.0,75.0
305.0,224.0,29.0,76.0
305.0,226.0,30.0,76.0
299.0,230.0,30.0,75.0
300.0,231.0,30.0,75.0
299.0,228.0,30.0,76.0
297.0,228.0,30.0,75.0
298.0,225.0,30.0,75.0
297.0,223.0,30.0,75.0
296.0,222.0,30.0,76.0
296.0,221.0,30.0,75.0
296.0,221.0,30.0,75.0
298.0,223.0,30.0,76.0
299.0,222.0,30.0,76.0
299.0,224.0,30.0,76.0
298.0,220.0,31.0,76.0
301.0,220.0,31.0,75.0
304.0,221.0,30.0,75.0
306.0,222.0,30.0,76.0
306.0,221.0,30.0,76.0
306.0,221.0,30.0,75.0
307.0,221.0,30.0,75.0
308.0,221.0,30.0,74.0
309.0,220.0,30.0,74.0
310.0,222.0,30.0,75.0
312.0,224.0,30.0,74.0
311.0,224.0,31.0,74.0
311.0,222.0,30.0,74.0
312.0,223.0,30.0,75.0
313.0,221.0,30.0,74.0
314.0,222.0,31.0,74.0
316.0,222.0,31.0,73.0
317.0,220.0,31.0,74.0
316.0,221.0,31.0,73.0
317.0,221.0,30.0,74.0
320.0,221.0,30.0,75.0
320.0,220.0,30.0,75.0
322.0,220.0,30.0,75.0
326.0,218.0,30.0,75.0
325.0,216.0,30.0,76.0
326.0,217.0,30.0,77.0
328.0,217.0,30.0,76.0
329.0,220.0,31.0,76.0
329.0,219.0,31.0,75.0
328.0,221.0,31.0,75.0
328.0,219.0,32.0,75.0
327.0,220.0,32.0,75.0
325.0,218.0,31.0,75.0
324.0,218.0,31.0,75.0
324.0,218.0,31.0,76.0
323.0,217.0,31.0,75.0
323.0,218.0,31.0,74.0
324.0,219.0,31.0,74.0
325.0,220.0,31.0,74.0
327.0,221.0,31.0,74.0
327.0,221.0,31.0,75.0
326.0,220.0,31.0,75.0
325.0,218.0,31.0,75.0
324.0,217.0,31.0,76.0
323.0,217.0,31.0,76.0
322.0,219.0,32.0,76.0
322.0,219.0,31.0,76.0
321.0,218.0,31.0,77.0
315.0,217.0,31.0,77.0
316.0,215.0,31.0,77.0
324.0,219.0,31.0,77.0
326.0,219.0,31.0,77.0
329.0,219.0,31.0,77.0
330.0,219.0,31.0,77.0
330.0,218.0,30.0,78.0
330.0,216.0,30.0,78.0
330.0,215.0,30.0,78.0
329.0,217.0,31.0,78.0
328.0,217.0,31.0,78.0
328.0,217.0,30.0,78.0
329.0,215.0,30.0,78.0
330.0,215.0,31.0,78.0
332.0,215.0,31.0,78.0
334.0,216.0,31.0,78.0
336.0,214.0,31.0,78.0
338.0,213.0,31.0,77.0
340.0,211.0,31.0,78.0
341.0,210.0,32.0,77.0
340.0,209.0,32.0,78.0
339.0,209.0,32.0,78.0
340.0,211.0,32.0,77.0
341.0,210.0,32.0,78.0
342.0,209.0,33.0,77.0
342.0,209.0,33.0,77.0
343.0,209.0,33.0,76.0
344.0,208.0,31.0,77.0
344.0,208.0,31.0,78.0
343.0,208.0,30.0,78.0
342.0,208.0,31.0,77.0
341.0,209.0,30.0,77.0
340.0,208.0,30.0,78.0
341.0,210.0,29.0,79.0
342.0,212.0,28.0,79.0
342.0,211.0,29.0,78.0
341.0,212.0,30.0,77.0
340.0,212.0,29.0,78.0
340.0,211.0,29.0,78.0
340.0,210.0,29.0,79.0
338.0,210.0,29.0,79.0
334.0,214.0,28.0,80.0
335.0,209.0,28.0,80.0
336.0,212.0,29.0,80.0
336.0,217.0,28.0,81.0
341.0,216.0,29.0,80.0
335.0,214.0,28.0,81.0
341.0,215.0,29.0,81.0
341.0,216.0,29.0,80.0
342.0,215.0,29.0,80.0
343.0,216.0,29.0,80.0
348.0,217.0,31.0,78.0
348.0,215.0,32.0,77.0
348.0,218.0,32.0,76.0
348.0,219.0,32.0,76.0
348.0,226.0,31.0,77.0
353.0,223.0,31.0,78.0
351.0,232.0,32.0,77.0
356.0,225.0,33.0,76.0
355.0,224.0,33.0,76.0
362.0,218.0,33.0,76.0
363.0,218.0,34.0,75.0
364.0,215.0,33.0,75.0
365.0,215.0,34.0,74.0
366.0,219.0,34.0,73.0
367.0,219.0,35.0,73.0
373.0,216.0,34.0,74.0
373.0,212.0,33.0,75.0
374.0,212.0,33.0,75.0
376.0,210.0,32.0,75.0
378.0,209.0,32.0,75.0
379.0,210.0,31.0,76.0
381.0,209.0,31.0,75.0
383.0,210.0,31.0,75.0
384.0,209.0,31.0,74.0
384.0,208.0,31.0,74.0
385.0,210.0,31.0,74.0
385.0,208.0,31.0,73.0
386.0,210.0,31.0,73.0
387.0,210.0,31.0,73.0
389.0,211.0,31.0,72.0
389.0,212.0,32.0,71.0
389.0,212.0,32.0,71.0
389.0,212.0,32.0,71.0
390.0,212.0,32.0,71.0
390.0,213.0,33.0,71.0
391.0,211.0,33.0,70.0
391.0,210.0,32.0,71.0
392.0,211.0,32.0,71.0
391.0,210.0,32.0,70.0
391.0,210.0,34.0,69.0
391.0,212.0,33.0,69.0
392.0,212.0,32.0,70.0
392.0,213.0,32.0,70.0
394.0,214.0,32.0,69.0
395.0,214.0,32.0,69.0
397.0,214.0,31.0,69.0
399.0,212.0,30.0,70.0
401.0,211.0,30.0,70.0
402.0,209.0,29.0,70.0
402.0,207.0,29.0,71.0
404.0,206.0,29.0,71.0
404.0,211.0,29.0,71.0
405.0,210.0,28.0,72.0
405.0,214.0,28.0,72.0
412.0,207.0,28.0,73.0
413.0,208.0,28.0,73.0
414.0,207.0,28.0,73.0
416.0,207.0,28.0,73.0
418.0,205.0,28.0,72.0
418.0,202.0,28.0,73.0
418.0,202.0,28.0,73.0
419.0,201.0,28.0,73.0
418.0,200.0,29.0,72.0
418.0,200.0,29.0,72.0
419.0,201.0,29.0,71.0
420.0,201.0,29.0,72.0
422.0,201.0,29.0,72.0
423.0,201.0,28.0,72.0
424.0,200.0,28.0,72.0
425.0,199.0,28.0,72.0
427.0,201.0,28.0,72.0
427.0,201.0,28.0,71.0
428.0,200.0,28.0,71.0
429.0,200.0,28.0,71.0
428.0,199.0,28.0,70.0
425.0,199.0,28.0,70.0
425.0,197.0,28.0,69.0
424.0,196.0,28.0,69.0
419.0,193.0,28.0,70.0
417.0,189.0,27.0,71.0
416.0,188.0,27.0,71.0
414.0,187.0,27.0,71.0
413.0,187.0,27.0,71.0
412.0,188.0,27.0,71.0
413.0,188.0,27.0,71.0
414.0,190.0,26.0,71.0
415.0,192.0,26.0,71.0
415.0,193.0,26.0,70.0
414.0,193.0,27.0,70.0
415.0,193.0,27.0,69.0
416.0,193.0,28.0,69.0
417.0,193.0,27.0,69.0
417.0,195.0,28.0,68.0
418.0,196.0,28.0,68.0
418.0,197.0,28.0,68.0
418.0,201.0,28.0,68.0
422.0,200.0,28.0,69.0
420.0,199.0,29.0,68.0
418.0,201.0,28.0,69.0
417.0,202.0,28.0,70.0
417.0,202.0,28.0,70.0
418.0,203.0,29.0,69.0
418.0,203.0,30.0,69.0
419.0,202.0,30.0,69.0
420.0,202.0,30.0,69.0
421.0,202.0,30.0,69.0
422.0,202.0,29.0,70.0
424.0,197.0,29.0,70.0
426.0,198.0,29.0,70.0
426.0,199.0,30.0,70.0
427.0,200.0,29.0,71.0
426.0,200.0,30.0,70.0
426.0,201.0,30.0,71.0
428.0,202.0,30.0,70.0
429.0,203.0,30.0,69.0
430.0,203.0,30.0,69.0
429.0,204.0,30.0,69.0
429.0,200.0,30.0,70.0
429.0,200.0,31.0,69.0
427.0,196.0,31.0,69.0
425.0,197.0,31.0,69.0
424.0,198.0,32.0,68.0
424.0,198.0,32.0,68.0
423.0,199.0,32.0,68.0
421.0,198.0,32.0,68.0
420.0,199.0,32.0,69.0
419.0,197.0,32.0,69.0
418.0,196.0,32.0,69.0
417.0,195.0,32.0,70.0
415.0,193.0,31.0,70.0
415.0,193.0,32.0,70.0
414.0,194.0,32.0,70.0
415.0,195.0,32.0,70.0
416.0,196.0,31.0,71.0
419.0,199.0,31.0,70.0
421.0,201.0,32.0,70.0
423.0,203.0,31.0,70.0
424.0,202.0,32.0,69.0
426.0,202.0,31.0,69.0
431.0,200.0,32.0,69.0
431.0,200.0,32.0,69.0
433.0,200.0,32.0,69.0
435.0,200.0,32.0,68.0
437.0,200.0,32.0,68.0
437.0,199.0,32.0,68.0
437.0,199.0,32.0,68.0
435.0,199.0,32.0,68.0
432.0,196.0,31.0,69.0
427.0,192.0,31.0,69.0
423.0,191.0,31.0,70.0
422.0,188.0,30.0,70.0
421.0,188.0,30.0,70.0
421.0,188.0,30.0,69.0
416.0,191.0,30.0,69.0
412.0,191.0,30.0,69.0
412.0,194.0,30.0,68.0
411.0,197.0,30.0,68.0
409.0,199.0,31.0,67.0
404.0,200.0,30.0,67.0
404.0,200.0,30.0,67.0
405.0,197.0,30.0,67.0
402.0,199.0,29.0,67.0
404.0,201.0,29.0,67.0
404.0,202.0,29.0,67.0
406.0,200.0,28.0,68.0
406.0,204.0,28.0,68.0
406.0,204.0,27.0,69.0
407.0,201.0,27.0,69.0
406.0,203.0,27.0,69.0
406.0,203.0,27.0,69.0
405.0,203.0,27.0,69.0
404.0,202.0,28.0,70.0
405.0,201.0,28.0,69.0
402.0,204.0,28.0,69.0
404.0,203.0,28.0,68.0
406.0,207.0,29.0,68.0
408.0,205.0,28.0,68.0
410.0,208.0,29.0,67.0
411.0,208.0,29.0,67.0
410.0,208.0,28.0,67.0
410.0,207.0,28.0,68.0
411.0,206.0,28.0,68.0
412.0,207.0,28.0,67.0
411.0,205.0,28.0,67.0
412.0,202.0,28.0,67.0
412.0,201.0,28.0,67.0
413.0,203.0,27.0,68.0
413.0,201.0,27.0,68.0
409.0,198.0,27.0,68.0
409.0,196.0,27.0,68.0
411.0,197.0,27.0,68.0
412.0,197.0,27.0,67.0
407.0,195.0,27.0,68.0
407.0,194.0,27.0,68.0
402.0,198.0,26.0,68.0
398.0,203.0,26.0,69.0
394.0,205.0,26.0,69.0
390.0,205.0,26.0,69.0
386.0,206.0,26.0,70.0
382.0,204.0,27.0,70.0
383.0,202.0,26.0,71.0
384.0,202.0,26.0,72.0
385.0,203.0,26.0,72.0
380.0,201.0,26.0,73.0
382.0,203.0,26.0,73.0
384.0,201.0,26.0,73.0
384.0,204.0,27.0,73.0
385.0,203.0,27.0,73.0
386.0,202.0,27.0,73.0
387.0,206.0,27.0,73.0
388.0,209.0,27.0,73.0
388.0,219.0,28.0,72.0
376.0,228.0,29.0,70.0
376.0,223.0,30.0,70.0
383.0,226.0,30.0,69.0
384.0,228.0,31.0,68.0
384.0,225.0,31.0,69.0
384.0,227.0,31.0,68.0
384.0,229.0,32.0,67.0
385.0,231.0,32.0,67.0
385.0,234.0,32.0,67.0
386.0,231.0,32.0,67.0
387.0,234.0,32.0,66.0
387.0,230.0,32.0,67.0
388.0,233.0,32.0,66.0
389.0,228.0,32.0,67.0
390.0,232.0,32.0,67.0
396.0,234.0,32.0,66.0
391.0,229.0,32.0,66.0
398.0,232.0,32.0,67.0
398.0,235.0,32.0,67.0
398.0,231.0,32.0,67.0
398.0,228.0,31.0,67.0
398.0,230.0,32.0,67.0
399.0,233.0,32.0,66.0
399.0,229.0,32.0,67.0
399.0,232.0,32.0,67.0
400.0,235.0,32.0,66.0
406.0,232.0,32.0,66.0
406.0,234.0,32.0,66.0
407.0,230.0,32.0,66.0
407.0,233.0,32.0,66.0
414.0,230.0,32.0,66.0
414.0,232.0,32.0,66.0
415.0,228.0,31.0,66.0
416.0,231.0,32.0,66.0
416.0,233.0,32.0,66.0
416.0,234.0,32.0,66.0
417.0,231.0,32.0,66.0
417.0,233.0,32.0,66.0
418.0,230.0,32.0,66.0
419.0,232.0,32.0,65.0
420.0,229.0,32.0,65.0
420.0,231.0,32.0,65.0
421.0,228.0,31.0,66.0
422.0,229.0,31.0,66.0
422.0,232.0,32.0,66.0
422.0,229.0,32.0,66.0
423.0,226.0,31.0,66.0
423.0,230.0,31.0,66.0
424.0,227.0,31.0,66.0
424.0,230.0,32.0,65.0
425.0,227.0,31.0,66.0
425.0,230.0,31.0,66.0
425.0,227.0,31.0,66.0
426.0,229.0,31.0,66.0
427.0,226.0,31.0,66.0
427.0,229.0,31.0,66.0
427.0,231.0,31.0,66.0
388.0,192.0,30.0,68.0
390.0,192.0,29.0,68.0
391.0,192.0,29.0,68.0
392.0,192.0,28.0,69.0
392.0,192.0,28.0,70.0
393.0,192.0,28.0,70.0
393.0,192.0,27.0,71.0
394.0,190.0,27.0,71.0
394.0,191.0,27.0,71.0
394.0,192.0,27.0,72.0
395.0,192.0,27.0,72.0
394.0,193.0,27.0,72.0
395.0,193.0,27.0,72.0
396.0,190.0,27.0,72.0
396.0,190.0,27.0,72.0
396.0,190.0,27.0,72.0
390.0,195.0,28.0,72.0
392.0,195.0,28.0,72.0
399.0,189.0,28.0,72.0
400.0,190.0,28.0,72.0
401.0,190.0,28.0,73.0
395.0,196.0,28.0,73.0
396.0,194.0,28.0,73.0
396.0,195.0,28.0,73.0
392.0,195.0,28.0,73.0
393.0,195.0,28.0,73.0
394.0,195.0,28.0,73.0
390.0,195.0,27.0,74.0
391.0,196.0,27.0,74.0
387.0,197.0,27.0,74.0
389.0,196.0,27.0,74.0
391.0,196.0,27.0,74.0
391.0,202.0,27.0,73.0
391.0,201.0,27.0,73.0
391.0,205.0,28.0,73.0
392.0,199.0,28.0,73.0
393.0,200.0,27.0,74.0
394.0,201.0,27.0,74.0
395.0,202.0,28.0,74.0
392.0,202.0,27.0,74.0
394.0,196.0,27.0,75.0
394.0,201.0,28.0,74.0
394.0,201.0,28.0,75.0
395.0,201.0,28.0,75.0
395.0,200.0,28.0,74.0
396.0,201.0,28.0,75.0
392.0,200.0,28.0,75.0
393.0,199.0,28.0,75.0
394.0,199.0,28.0,74.0
395.0,198.0,28.0,74.0
395.0,197.0,29.0,74.0
395.0,196.0,29.0,74.0
390.0,196.0,29.0,74.0
392.0,195.0,29.0,73.0
394.0,195.0,29.0,74.0
