58.0,100.0,28.0,23.0
59.0,100.0,27.0,23.0
61.0,100.0,28.0,22.0
62.0,101.0,28.0,22.0
62.0,100.0,28.0,22.0
64.0,101.0,28.0,22.0
65.0,101.0,28.0,22.0
66.0,102.0,29.0,23.0
67.0,102.0,29.0,23.0
68.0,103.0,29.0,23.0
69.0,103.0,29.0,23.0
70.0,103.0,29.0,23.0
69.0,104.0,30.0,23.0
68.0,104.0,30.0,23.0
67.0,104.0,29.0,24.0
67.0,104.0,29.0,24.0
65.0,104.0,29.0,24.0
66.0,104.0,29.0,24.0
65.0,106.0,29.0,24.0
65.0,105.0,29.0,24.0
65.0,106.0,29.0,24.0
65.0,107.0,29.0,24.0
65.0,107.0,29.0,24.0
66.0,108.0,29.0,23.0
69.0,108.0,29.0,24.0
68.0,107.0,29.0,24.0
72.0,108.0,29.0,24.0
76.0,108.0,29.0,23.0
80.0,108.0,29.0,23.0
84.0,108.0,29.0,23.0
88.0,108.0,28.0,23.0
90.0,109.0,28.0,23.0
92.0,110.0,28.0,23.0
90.0,109.0,28.0,23.0
93.0,110.0,29.0,22.0
94.0,110.0,29.0,23.0
95.0,110.0,28.0,23.0
95.0,110.0,28.0,22.0
96.0,110.0,28.0,22.0
97.0,111.0,28.0,22.0
98.0,111.0,28.0,22.0
98.0,111.0,28.0,23.0
100.0,112.0,28.0,22.0
101.0,112.0,29.0,22.0
102.0,112.0,29.0,22.0
104.0,112.0,29.0,22.0
105.0,111.0,28.0,22.0
106.0,110.0,28.0,22.0
109.0,108.0,28.0,22.0
109.0,107.0,28.0,22.0
110.0,105.0,27.0,22.0
111.0,103.0,27.0,22.0
112.0,100.0,27.0,22.0
113.0,99.0,27.0,22.0
114.0,97.0,28.0,21.0
115.0,98.0,28.0,21.0
116.0,97.0,28.0,21.0
118.0,98.0,28.0,21.0
120.0,98.0,27.0,22.0
122.0,98.0,27.0,22.0
122.0,98.0,27.0,22.0
123.0,98.0,27.0,22.0
124.0,98.0,27.0,22.0
125.0,99.0,27.0,22.0
126.0,98.0,28.0,22.0
127.0,99.0,27.0,22.0
128.0,99.0,28.0,22.0
129.0,98.0,28.0,22.0
131.0,99.0,28.0,22.0
132.0,99.0,28.0,22.0
134.0,99.0,28.0,22.0
133.0,99.0,28.0,22.0
134.0,100.0,28.0,22.0
135.0,99.0,28.0,22.0
137.0,100.0,28.0,22.0
139.0,100.0,28.0,21.0
140.0,100.0,28.0,22.0
141.0,100.0,29.0,22.0
142.0,99.0,29.0,22.0
142.0,100.0,28.0,22.0
143.0,100.0,28.0,22.0
144.0,101.0,28.0,22.0
146.0,101.0,29.0,22.0
145.0,101.0,29.0,22.0
146.0,101.0,29.0,22.0
145.0,101.0,29.0,22.0
145.0,101.0,29.0,22.0
152.0,102.0,29.0,23.0
152.0,102.0,29.0,23.0
155.0,102.0,29.0,23.0
155.0,102.0,29.0,23.0
158.0,102.0,29.0,23.0
161.0,103.0,29.0,23.0
161.0,103.0,29.0,23.0
162.0,103.0,28.0,23.0
163.0,103.0,28.0,23.0
166.0,103.0,28.0,23.0
167.0,103.0,28.0,23.0
168.0,103.0,28.0,23.0
168.0,103.0,28.0,23.0
168.0,104.0,28.0,23.0
170.0,104.0,28.0,23.0
171.0,104.0,28.0,23.0
172.0,104.0,27.0,24.0
172.0,104.0,27.0,24.0
173.0,105.0,27.0,24.0
174.0,105.0,27.0,24.0
175.0,106.0,27.0,24.0
176.0,107.0,27.0,24.0
177.0,106.0,27.0,24.0
177.0,106.0,27.0,24.0
179.0,107.0,27.0,23.0
178.0,107.0,27.0,24.0
179.0,108.0,27.0,23.0
180.0,109.0,28.0,23.0
180.0,109.0,28.0,23.0
181.0,109.0,28.0,23.0
181.0,110.0,27.0,22.0
182.0,111.0,28.0,22.0
183.0,111.0,27.0,23.0
184.0,111.0,27.0,23.0
184.0,111.0,26.0,23.0
185.0,112.0,26.0,23.0
186.0,112.0,26.0,24.0
187.0,112.0,26.0,23.0
188.0,113.0,26.0,23.0
188.0,112.0,25.0,23.0
189.0,113.0,25.0,23.0
188.0,113.0,25.0,23.0
188.0,113.0,24.0,23.0
188.0,113.0,24.0,23.0
188.0,114.0,23.0,23.0
188.0,115.0,23.0,23.0
188.0,116.0,23.0,23.0
187.0,117.0,23.0,23.0
187.0,118.0,23.0,23.0
187.0,119.0,24.0,22.0
187.0,120.0,24.0,22.0
187.0,120.0,23.0,22.0
187.0,120.0,23.0,23.0
186.0,121.0,23.0,23.0
185.0,121.0,23.0,23.0
183.0,121.0,24.0,23.0
184.0,121.0,24.0,22.0
182.0,123.0,24.0,22.0
180.0,123.0,25.0,22.0
179.0,124.0,25.0,22.0
177.0,124.0,25.0,22.0
176.0,124.0,25.0,22.0
176.0,125.0,25.0,22.0
175.0,126.0,25.0,22.0
173.0,126.0,25.0,23.0
172.0,125.0,25.0,23.0
169.0,126.0,25.0,23.0
170.0,126.0,25.0,23.0
168.0,127.0,25.0,23.0
165.0,127.0,25.0,23.0
164.0,126.0,25.0,23.0
162.0,125.0,26.0,23.0
161.0,124.0,26.0,23.0
160.0,124.0,26.0,23.0
159.0,120.0,26.0,23.0
157.0,118.0,26.0,23.0
156.0,116.0,27.0,24.0
154.0,112.0,26.0,24.0
155.0,110.0,26.0,24.0
153.0,109.0,26.0,25.0
151.0,108.0,26.0,25.0
148.0,105.0,26.0,25.0
143.0,104.0,26.0,25.0
142.0,104.0,27.0,24.0
141.0,103.0,27.0,24.0
140.0,101.0,27.0,24.0
139.0,100.0,27.0,24.0
138.0,100.0,26.0,25.0
138.0,99.0,26.0,25.0
137.0,98.0,26.0,25.0
136.0,98.0,26.0,25.0
135.0,97.0,26.0,25.0
135.0,98.0,25.0,26.0
132.0,97.0,26.0,25.0
130.0,98.0,26.0,25.0
127.0,97.0,27.0,25.0
127.0,96.0,27.0,25.0
125.0,96.0,27.0,25.0
124.0,96.0,27.0,25.0
123.0,95.0,27.0,25.0
123.0,95.0,27.0,25.0
122.0,95.0,27.0,25.0
120.0,94.0,27.0,25.0
121.0,94.0,26.0,25.0
120.0,94.0,27.0,25.0
120.0,94.0,27.0,24.0
116.0,94.0,27.0,24.0
112.0,93.0,27.0,24.0
112.0,93.0,27.0,24.0
109.0,92.0,27.0,25.0
109.0,93.0,27.0,24.0
108.0,93.0,28.0,24.0
107.0,93.0,28.0,23.0
105.0,92.0,27.0,24.0
104.0,91.0,27.0,24.0
105.0,91.0,27.0,24.0
103.0,91.0,26.0,24.0
103.0,90.0,27.0,24.0
103.0,90.0,27.0,23.0
100.0,90.0,27.0,24.0
101.0,90.0,26.0,24.0
99.0,89.0,26.0,24.0
99.0,88.0,26.0,24.0
97.0,88.0,26.0,24.0
98.0,87.0,26.0,23.0
98.0,88.0,27.0,23.0
103.0,90.0,27.0,23.0
103.0,89.0,27.0,23.0
102.0,89.0,27.0,23.0
102.0,89.0,27.0,23.0
101.0,89.0,27.0,23.0
100.0,88.0,27.0,23.0
98.0,88.0,27.0,23.0
97.0,88.0,27.0,22.0
96.0,89.0,27.0,22.0
95.0,87.0,27.0,22.0
91.0,86.0,27.0,22.0
90.0,85.0,26.0,22.0
88.0,83.0,26.0,22.0
89.0,83.0,26.0,22.0
88.0,82.0,26.0,22.0
89.0,82.0,25.0,22.0
88.0,81.0,25.0,22.0
87.0,81.0,25.0,22.0
87.0,81.0,25.0,22.0
87.0,80.0,25.0,22.0
86.0,79.0,24.0,22.0
85.0,79.0,24.0,21.0
84.0,78.0,25.0,21.0
83.0,78.0,25.0,21.0
83.0,78.0,25.0,21.0
83.0,78.0,25.0,21.0
82.0,77.0,25.0,21.0
81.0,77.0,25.0,21.0
80.0,76.0,25.0,21.0
79.0,76.0,25.0,21.0
78.0,76.0,25.0,21.0
77.0,76.0,25.0,21.0
75.0,74.0,25.0,21.0
75.0,72.0,25.0,21.0
75.0,73.0,24.0,21.0
75.0,72.0,24.0,21.0
74.0,71.0,23.0,21.0
74.0,71.0,23.0,21.0
74.0,70.0,23.0,21.0
74.0,70.0,22.0,21.0
74.0,68.0,22.0,21.0
74.0,69.0,22.0,21.0
74.0,67.0,22.0,21.0
73.0,68.0,22.0,21.0
73.0,67.0,22.0,21.0
73.0,67.0,22.0,20.0
73.0,66.0,21.0,21.0
72.0,66.0,21.0,21.0
72.0,66.0,21.0,21.0
73.0,65.0,20.0,21.0
72.0,65.0,20.0,20.0
72.0,64.0,20.0,20.0
72.0,64.0,20.0,20.0
71.0,65.0,20.0,20.0
70.0,64.0,20.0,20.0
70.0,63.0,20.0,20.0
70.0,63.0,20.0,20.0
70.0,62.0,20.0,20.0
70.0,62.0,20.0,20.0
70.0,61.0,19.0,20.0
69.0,61.0,19.0,20.0
70.0,61.0,19.0,20.0
70.0,60.0,19.0,20.0
70.0,59.0,19.0,20.0
71.0,57.0,19.0,20.0
70.0,58.0,19.0,19.0
70.0,58.0,19.0,20.0
70.0,58.0,19.0,20.0
70.0,57.0,19.0,20.0
70.0,57.0,19.0,20.0
70.0,57.0,19.0,19.0
70.0,56.0,19.0,19.0
70.0,56.0,18.0,19.0
69.0,55.0,18.0,19.0
69.0,55.0,18.0,19.0
68.0,55.0,18.0,19.0
68.0,54.0,18.0,19.0
69.0,56.0,18.0,19.0
68.0,56.0,18.0,19.0
68.0,55.0,18.0,18.0
68.0,54.0,18.0,18.0
68.0,53.0,18.0,18.0
67.0,53.0,18.0,18.0
68.0,52.0,18.0,18.0
68.0,50.0,18.0,18.0
69.0,50.0,18.0,18.0
69.0,51.0,18.0,18.0
69.0,50.0,18.0,18.0
69.0,50.0,17.0,18.0
68.0,49.0,17.0,18.0
68.0,49.0,17.0,18.0
69.0,49.0,18.0,17.0
68.0,48.0,17.0,17.0
68.0,47.0,17.0,17.0
68.0,47.0,17.0,17.0
67.0,47.0,17.0,17.0
67.0,47.0,18.0,17.0
67.0,47.0,18.0,16.0
66.0,47.0,18.0,16.0
65.0,46.0,18.0,16.0
64.0,46.0,18.0,16.0
64.0,46.0,18.0,16.0
63.0,46.0,18.0,16.0
63.0,46.0,18.0,16.0
63.0,45.0,18.0,16.0
62.0,45.0,18.0,16.0
63.0,44.0,18.0,16.0
62.0,43.0,17.0,16.0
62.0,43.0,17.0,16.0
62.0,43.0,17.0,15.0
62.0,44.0,17.0,15.0
62.0,43.0,17.0,15.0
61.0,43.0,17.0,15.0
61.0,44.0,17.0,15.0
61.0,43.0,17.0,15.0
60.0,42.0,18.0,15.0
59.0,42.0,18.0,15.0
58.0,42.0,18.0,15.0
58.0,42.0,18.0,14.0
57.0,41.0,18.0,14.0
56.0,41.0,18.0,14.0
56.0,42.0,18.0,14.0
55.0,42.0,19.0,14.0
54.0,42.0,19.0,14.0
54.0,42.0,19.0,14.0
54.0,41.0,18.0,14.0
51.0,42.0,18.0,14.0
51.0,42.0,18.0,14.0
50.0,42.0,18.0,14.0
50.0,42.0,18.0,14.0
50.0,41.0,18.0,14.0
50.0,41.0,18.0,14.0
49.0,41.0,18.0,14.0
49.0,41.0,18.0,14.0
48.0,41.0,17.0,14.0
47.0,41.0,17.0,14.0
47.0,41.0,17.0,14.0
46.0,41.0,17.0,14.0
45.0,41.0,18.0,14.0
44.0,41.0,18.0,14.0
43.0,41.0,18.0,14.0
43.0,41.0,18.0,14.0
42.0,41.0,18.0,14.0
41.0,42.0,18.0,14.0
41.0,42.0,18.0,14.0
40.0,43.0,18.0,14.0
40.0,43.0,18.0,14.0
39.0,43.0,17.0,14.0
39.0,43.0,17.0,14.0
39.0,44.0,17.0,14.0
38.0,44.0,17.0,14.0
38.0,44.0,17.0,14.0
37.0,44.0,17.0,14.0
36.0,45.0,17.0,14.0
36.0,45.0,17.0,14.0
35.0,45.0,17.0,14.0
34.0,46.0,17.0,13.0
33.0,45.0,17.0,14.0
33.0,46.0,17.0,14.0
31.0,47.0,17.0,14.0
31.0,47.0,16.0,14.0
30.0,48.0,16.0,14.0
30.0,49.0,15.0,15.0
29.0,49.0,15.0,15.0
29.0,50.0,15.0,15.0
28.0,50.0,15.0,15.0
28.0,50.0,15.0,15.0
27.0,50.0,15.0,15.0
27.0,51.0,15.0,15.0
27.0,51.0,15.0,15.0
27.0,52.0,15.0,15.0
27.0,53.0,15.0,15.0
27.0,52.0,15.0,15.0
27.0,52.0,15.0,15.0
27.0,53.0,15.0,15.0
27.0,53.0,15.0,15.0
27.0,55.0,15.0,15.0
26.0,56.0,15.0,15.0
26.0,55.0,15.0,15.0
26.0,56.0,15.0,15.0
25.0,56.0,15.0,16.0
26.0,56.0,15.0,15.0
26.0,56.0,15.0,15.0
26.0,57.0,15.0,15.0
25.0,57.0,15.0,15.0
26.0,57.0,15.0,15.0
25.0,59.0,15.0,15.0
25.0,58.0,16.0,15.0
26.0,59.0,15.0,15.0
26.0,59.0,15.0,15.0
27.0,61.0,16.0,15.0
27.0,61.0,16.0,15.0
26.0,61.0,16.0,15.0
28.0,61.0,16.0,15.0
27.0,61.0,16.0,15.0
29.0,61.0,16.0,15.0
28.0,62.0,16.0,15.0
28.0,62.0,16.0,15.0
30.0,63.0,16.0,15.0
29.0,63.0,16.0,15.0
30.0,64.0,16.0,15.0
30.0,64.0,16.0,15.0
30.0,65.0,16.0,15.0
30.0,64.0,16.0,15.0
31.0,65.0,16.0,14.0
31.0,65.0,16.0,14.0
31.0,66.0,16.0,14.0
33.0,67.0,16.0,14.0
31.0,67.0,16.0,14.0
31.0,67.0,16.0,14.0
33.0,68.0,16.0,14.0
33.0,68.0,16.0,14.0
33.0,68.0,16.0,14.0
34.0,68.0,15.0,15.0
33.0,68.0,15.0,15.0
34.0,68.0,15.0,15.0
35.0,69.0,15.0,15.0
36.0,69.0,15.0,15.0
36.0,69.0,15.0,15.0
37.0,70.0,15.0,15.0
38.0,70.0,15.0,15.0
38.0,71.0,15.0,15.0
39.0,71.0,15.0,15.0
39.0,72.0,15.0,14.0
40.0,73.0,15.0,15.0
41.0,73.0,15.0,14.0
42.0,73.0,15.0,14.0
42.0,74.0,15.0,15.0
42.0,75.0,15.0,14.0
43.0,75.0,15.0,14.0
45.0,76.0,15.0,14.0
45.0,77.0,15.0,14.0
45.0,77.0,15.0,14.0
45.0,76.0,15.0,14.0
46.0,77.0,15.0,14.0
47.0,78.0,15.0,14.0
47.0,78.0,14.0,14.0
48.0,78.0,15.0,14.0
50.0,79.0,15.0,14.0
50.0,79.0,14.0,14.0
50.0,79.0,14.0,14.0
52.0,81.0,15.0,15.0
54.0,82.0,15.0,15.0
56.0,83.0,15.0,15.0
54.0,81.0,15.0,15.0
55.0,81.0,15.0,15.0
56.0,81.0,15.0,15.0
56.0,82.0,15.0,15.0
59.0,82.0,15.0,15.0
57.0,82.0,15.0,15.0
58.0,83.0,15.0,15.0
59.0,83.0,15.0,15.0
59.0,83.0,15.0,15.0
58.0,83.0,15.0,15.0
61.0,85.0,15.0,15.0
61.0,85.0,15.0,15.0
61.0,85.0,15.0,15.0
63.0,85.0,15.0,15.0
63.0,86.0,15.0,15.0
64.0,86.0,15.0,15.0
65.0,87.0,15.0,15.0
69.0,87.0,15.0,15.0
71.0,88.0,15.0,15.0
71.0,88.0,15.0,15.0
73.0,90.0,15.0,16.0
73.0,89.0,15.0,16.0
75.0,91.0,15.0,16.0
73.0,90.0,16.0,15.0
75.0,90.0,16.0,15.0
76.0,91.0,16.0,15.0
77.0,91.0,16.0,15.0
77.0,92.0,16.0,15.0
78.0,92.0,15.0,16.0
83.0,92.0,16.0,16.0
83.0,93.0,16.0,15.0
85.0,93.0,16.0,15.0
86.0,94.0,16.0,15.0
88.0,95.0,16.0,15.0
90.0,96.0,16.0,15.0
91.0,96.0,16.0,15.0
92.0,97.0,16.0,15.0
92.0,96.0,16.0,15.0
94.0,97.0,16.0,16.0
95.0,97.0,16.0,16.0
95.0,97.0,16.0,16.0
96.0,98.0,16.0,16.0
98.0,98.0,16.0,16.0
98.0,98.0,16.0,16.0
98.0,98.0,16.0,16.0
98.0,99.0,16.0,16.0
99.0,98.0,16.0,16.0
100.0,99.0,16.0,16.0
100.0,100.0,16.0,16.0
103.0,98.0,16.0,16.0
104.0,98.0,17.0,16.0
105.0,98.0,17.0,16.0
108.0,99.0,17.0,16.0
106.0,99.0,17.0,16.0
106.0,99.0,17.0,16.0
104.0,99.0,17.0,16.0
104.0,99.0,17.0,16.0
107.0,100.0,17.0,16.0
110.0,99.0,17.0,15.0
110.0,99.0,17.0,15.0
110.0,100.0,17.0,15.0
113.0,100.0,17.0,16.0
115.0,99.0,17.0,16.0
115.0,100.0,17.0,16.0
116.0,100.0,17.0,16.0
118.0,99.0,17.0,16.0
120.0,100.0,17.0,16.0
122.0,101.0,17.0,16.0
122.0,103.0,17.0,16.0
124.0,103.0,17.0,16.0
124.0,101.0,17.0,16.0
120.0,110.0,17.0,16.0
119.0,109.0,17.0,16.0
124.0,111.0,17.0,16.0
127.0,108.0,17.0,16.0
130.0,108.0,17.0,16.0
128.0,107.0,17.0,16.0
128.0,107.0,17.0,16.0
129.0,108.0,17.0,16.0
130.0,108.0,17.0,16.0
131.0,109.0,17.0,16.0
134.0,107.0,17.0,16.0
135.0,106.0,17.0,16.0
139.0,108.0,17.0,16.0
142.0,110.0,17.0,16.0
144.0,110.0,17.0,16.0
146.0,112.0,18.0,15.0
147.0,111.0,18.0,15.0
145.0,110.0,18.0,15.0
146.0,111.0,17.0,15.0
146.0,110.0,17.0,15.0
149.0,110.0,17.0,15.0
151.0,112.0,17.0,15.0
152.0,112.0,17.0,15.0
155.0,111.0,17.0,15.0
158.0,110.0,17.0,15.0
159.0,109.0,16.0,16.0
160.0,107.0,16.0,16.0
160.0,106.0,16.0,16.0
161.0,106.0,16.0,16.0
163.0,106.0,17.0,15.0
161.0,106.0,17.0,15.0
162.0,105.0,17.0,15.0
161.0,105.0,16.0,15.0
165.0,105.0,17.0,15.0
171.0,104.0,17.0,15.0
177.0,104.0,17.0,15.0
178.0,104.0,17.0,15.0
178.0,104.0,17.0,15.0
179.0,105.0,17.0,15.0
179.0,105.0,16.0,15.0
180.0,104.0,16.0,15.0
182.0,104.0,16.0,15.0
183.0,104.0,16.0,15.0
183.0,103.0,16.0,15.0
182.0,103.0,16.0,16.0
182.0,102.0,16.0,16.0
188.0,93.0,16.0,16.0
188.0,89.0,16.0,16.0
187.0,89.0,17.0,16.0
187.0,88.0,17.0,16.0
188.0,88.0,17.0,16.0
189.0,87.0,17.0,16.0
188.0,85.0,17.0,16.0
189.0,85.0,17.0,16.0
188.0,85.0,17.0,16.0
189.0,85.0,17.0,17.0
190.0,85.0,17.0,17.0
189.0,83.0,17.0,16.0
190.0,83.0,17.0,16.0
188.0,83.0,17.0,16.0
188.0,82.0,18.0,16.0
187.0,82.0,18.0,16.0
187.0,82.0,18.0,16.0
187.0,82.0,17.0,16.0
186.0,82.0,18.0,16.0
183.0,81.0,18.0,16.0
183.0,81.0,18.0,16.0
183.0,82.0,18.0,16.0
182.0,82.0,19.0,15.0
182.0,84.0,19.0,15.0
179.0,83.0,19.0,16.0
178.0,81.0,19.0,16.0
177.0,81.0,19.0,16.0
176.0,81.0,19.0,16.0
174.0,81.0,19.0,16.0
175.0,81.0,19.0,16.0
175.0,82.0,19.0,16.0
174.0,82.0,19.0,16.0
174.0,81.0,19.0,16.0
173.0,80.0,19.0,16.0
170.0,81.0,19.0,16.0
168.0,80.0,18.0,17.0
166.0,80.0,18.0,17.0
164.0,77.0,18.0,17.0
164.0,79.0,18.0,17.0
163.0,78.0,18.0,17.0
164.0,78.0,18.0,17.0
163.0,78.0,18.0,17.0
165.0,80.0,18.0,17.0
167.0,79.0,17.0,17.0
166.0,81.0,17.0,18.0
164.0,81.0,17.0,18.0
160.0,80.0,17.0,17.0
153.0,79.0,18.0,17.0
150.0,77.0,19.0,16.0
149.0,76.0,19.0,16.0
147.0,76.0,19.0,15.0
144.0,75.0,19.0,16.0
143.0,75.0,19.0,16.0
143.0,74.0,19.0,16.0
141.0,74.0,19.0,16.0
142.0,74.0,19.0,16.0
140.0,73.0,19.0,16.0
138.0,73.0,19.0,16.0
137.0,72.0,19.0,16.0
136.0,73.0,19.0,16.0
136.0,73.0,19.0,16.0
135.0,73.0,19.0,16.0
134.0,73.0,19.0,16.0
133.0,73.0,19.0,16.0
130.0,71.0,20.0,16.0
129.0,72.0,20.0,16.0
127.0,72.0,20.0,16.0
126.0,71.0,20.0,16.0
123.0,69.0,20.0,16.0
121.0,69.0,20.0,16.0
121.0,68.0,20.0,16.0
121.0,68.0,20.0,16.0
119.0,68.0,20.0,16.0
117.0,68.0,20.0,16.0
117.0,68.0,20.0,16.0
116.0,68.0,19.0,16.0
116.0,67.0,20.0,16.0
115.0,67.0,20.0,16.0
113.0,66.0,19.0,16.0
114.0,66.0,19.0,16.0
112.0,65.0,19.0,16.0
112.0,65.0,19.0,16.0
111.0,65.0,19.0,16.0
110.0,67.0,19.0,16.0
108.0,64.0,19.0,16.0
107.0,64.0,20.0,16.0
107.0,63.0,20.0,16.0
105.0,63.0,20.0,16.0
103.0,63.0,20.0,16.0
103.0,63.0,20.0,16.0
102.0,63.0,20.0,16.0
100.0,62.0,20.0,16.0
99.0,62.0,20.0,16.0
99.0,62.0,20.0,16.0
98.0,61.0,20.0,17.0
98.0,61.0,20.0,17.0
96.0,62.0,20.0,17.0
95.0,61.0,20.0,17.0
95.0,61.0,20.0,17.0
94.0,60.0,20.0,17.0
92.0,59.0,20.0,16.0
91.0,57.0,20.0,16.0
89.0,58.0,20.0,16.0
90.0,58.0,20.0,16.0
89.0,58.0,20.0,16.0
90.0,57.0,19.0,16.0
89.0,57.0,19.0,16.0
89.0,57.0,20.0,16.0
89.0,57.0,20.0,16.0
87.0,57.0,20.0,16.0
87.0,57.0,20.0,16.0
86.0,57.0,20.0,16.0
85.0,57.0,20.0,16.0
84.0,57.0,20.0,16.0
84.0,56.0,20.0,16.0
81.0,56.0,20.0,16.0
81.0,55.0,20.0,16.0
80.0,55.0,20.0,17.0
78.0,54.0,19.0,17.0
78.0,53.0,19.0,17.0
78.0,53.0,19.0,17.0
77.0,52.0,19.0,17.0
77.0,51.0,19.0,17.0
76.0,51.0,19.0,17.0
76.0,50.0,19.0,17.0
76.0,49.0,19.0,17.0
75.0,49.0,19.0,17.0
75.0,49.0,19.0,17.0
74.0,49.0,19.0,17.0
74.0,49.0,19.0,17.0
73.0,48.0,19.0,17.0
73.0,48.0,19.0,17.0
71.0,47.0,19.0,17.0
71.0,47.0,20.0,16.0
70.0,47.0,20.0,16.0
70.0,47.0,20.0,16.0
69.0,47.0,20.0,16.0
69.0,47.0,20.0,16.0
68.0,46.0,20.0,16.0
67.0,46.0,20.0,16.0
66.0,46.0,20.0,16.0
65.0,46.0,20.0,16.0
64.0,46.0,20.0,16.0
63.0,45.0,20.0,16.0
63.0,44.0,20.0,16.0
63.0,44.0,20.0,16.0
62.0,44.0,19.0,16.0
62.0,43.0,19.0,16.0
62.0,43.0,19.0,16.0
60.0,42.0,19.0,16.0
60.0,44.0,19.0,16.0
60.0,43.0,19.0,16.0
59.0,42.0,20.0,15.0
57.0,42.0,20.0,15.0
57.0,42.0,20.0,15.0
57.0,42.0,20.0,15.0
57.0,42.0,20.0,15.0
57.0,42.0,20.0,15.0
56.0,42.0,20.0,15.0
55.0,42.0,20.0,15.0
54.0,43.0,20.0,14.0
52.0,41.0,20.0,15.0
51.0,42.0,20.0,15.0
51.0,42.0,19.0,15.0
50.0,42.0,19.0,15.0
50.0,42.0,19.0,15.0
49.0,42.0,19.0,15.0
48.0,41.0,19.0,14.0
48.0,41.0,19.0,14.0
48.0,41.0,19.0,14.0
48.0,40.0,19.0,14.0
46.0,40.0,19.0,14.0
45.0,39.0,19.0,14.0
45.0,39.0,19.0,14.0
44.0,39.0,19.0,14.0
44.0,39.0,19.0,14.0
43.0,40.0,19.0,14.0
43.0,40.0,19.0,14.0
43.0,40.0,19.0,14.0
42.0,40.0,19.0,14.0
42.0,41.0,19.0,14.0
41.0,40.0,19.0,14.0
39.0,41.0,19.0,14.0
39.0,40.0,19.0,14.0
38.0,40.0,19.0,14.0
37.0,40.0,18.0,14.0
37.0,40.0,18.0,14.0
34.0,39.0,18.0,15.0
33.0,39.0,18.0,15.0
30.0,39.0,18.0,15.0
30.0,40.0,18.0,15.0
29.0,39.0,17.0,15.0
30.0,39.0,17.0,15.0
29.0,40.0,17.0,16.0
30.0,39.0,17.0,16.0
30.0,39.0,17.0,15.0
29.0,38.0,17.0,16.0
30.0,38.0,17.0,16.0
30.0,38.0,17.0,16.0
31.0,38.0,17.0,15.0
29.0,38.0,17.0,16.0
29.0,38.0,16.0,16.0
28.0,40.0,17.0,16.0
28.0,41.0,16.0,15.0
29.0,43.0,16.0,15.0
29.0,44.0,16.0,16.0
28.0,44.0,16.0,16.0
28.0,45.0,16.0,16.0
28.0,45.0,16.0,16.0
28.0,45.0,15.0,16.0
28.0,46.0,15.0,16.0
28.0,46.0,15.0,16.0
27.0,47.0,15.0,15.0
27.0,47.0,16.0,15.0
27.0,49.0,16.0,15.0
27.0,49.0,16.0,15.0
27.0,50.0,15.0,15.0
27.0,50.0,15.0,15.0
27.0,50.0,15.0,15.0
27.0,51.0,15.0,15.0
28.0,51.0,15.0,15.0
28.0,51.0,15.0,15.0
28.0,51.0,15.0,15.0
28.0,52.0,15.0,15.0
29.0,52.0,15.0,15.0
29.0,52.0,15.0,15.0
29.0,53.0,15.0,15.0
29.0,54.0,15.0,15.0
29.0,53.0,15.0,15.0
29.0,55.0,15.0,15.0
29.0,54.0,15.0,15.0
28.0,55.0,15.0,15.0
29.0,55.0,15.0,15.0
28.0,56.0,15.0,15.0
29.0,56.0,15.0,15.0
29.0,56.0,15.0,15.0
29.0,58.0,15.0,15.0
30.0,59.0,15.0,15.0
30.0,59.0,15.0,15.0
30.0,59.0,15.0,15.0
30.0,59.0,15.0,15.0
30.0,59.0,15.0,15.0
31.0,61.0,15.0,15.0
31.0,62.0,15.0,15.0
31.0,62.0,15.0,15.0
32.0,62.0,15.0,15.0
32.0,63.0,15.0,15.0
32.0,63.0,15.0,15.0
32.0,65.0,15.0,15.0
33.0,65.0,15.0,15.0
32.0,65.0,15.0,15.0
33.0,65.0,15.0,15.0
32.0,67.0,15.0,15.0
32.0,67.0,15.0,15.0
32.0,67.0,16.0,15.0
32.0,69.0,16.0,15.0
32.0,69.0,16.0,15.0
32.0,69.0,16.0,15.0
32.0,69.0,16.0,15.0
34.0,70.0,16.0,15.0
34.0,70.0,15.0,15.0
34.0,71.0,15.0,15.0
36.0,72.0,15.0,15.0
35.0,72.0,15.0,16.0
37.0,74.0,15.0,16.0
37.0,75.0,15.0,16.0
37.0,75.0,16.0,16.0
37.0,75.0,16.0,15.0
37.0,75.0,16.0,16.0
37.0,75.0,16.0,16.0
37.0,76.0,16.0,16.0
36.0,77.0,16.0,15.0
37.0,78.0,16.0,15.0
37.0,80.0,16.0,15.0
37.0,81.0,16.0,15.0
37.0,82.0,16.0,15.0
38.0,83.0,16.0,15.0
37.0,83.0,16.0,15.0
37.0,83.0,16.0,15.0
37.0,83.0,16.0,15.0
39.0,84.0,16.0,15.0
39.0,84.0,16.0,15.0
39.0,86.0,16.0,15.0
39.0,86.0,16.0,15.0
39.0,87.0,16.0,16.0
39.0,87.0,16.0,16.0
41.0,88.0,16.0,16.0
41.0,89.0,16.0,16.0
41.0,91.0,16.0,16.0
41.0,90.0,16.0,16.0
43.0,90.0,16.0,16.0
42.0,92.0,16.0,16.0
42.0,93.0,16.0,16.0
42.0,92.0,16.0,16.0
43.0,94.0,17.0,16.0
42.0,95.0,17.0,16.0
44.0,96.0,16.0,16.0
43.0,96.0,17.0,16.0
43.0,97.0,17.0,15.0
44.0,99.0,17.0,16.0
43.0,99.0,17.0,15.0
43.0,99.0,17.0,15.0
45.0,99.0,17.0,15.0
45.0,100.0,17.0,15.0
44.0,100.0,17.0,15.0
47.0,102.0,17.0,16.0
47.0,102.0,17.0,16.0
48.0,103.0,17.0,16.0
50.0,105.0,17.0,16.0
49.0,105.0,17.0,16.0
51.0,107.0,16.0,16.0
52.0,107.0,16.0,17.0
51.0,107.0,17.0,17.0
53.0,108.0,17.0,16.0
53.0,109.0,17.0,16.0
53.0,110.0,17.0,17.0
54.0,112.0,17.0,16.0
54.0,112.0,17.0,16.0
55.0,114.0,17.0,16.0
56.0,114.0,17.0,16.0
57.0,116.0,17.0,16.0
57.0,116.0,17.0,16.0
57.0,116.0,17.0,16.0
59.0,118.0,16.0,16.0
59.0,118.0,16.0,17.0
60.0,117.0,16.0,16.0
62.0,120.0,16.0,16.0
62.0,122.0,16.0,16.0
63.0,122.0,16.0,16.0
63.0,124.0,16.0,16.0
63.0,123.0,16.0,16.0
65.0,126.0,16.0,16.0
65.0,125.0,16.0,17.0
67.0,127.0,16.0,17.0
67.0,129.0,16.0,17.0
67.0,129.0,16.0,17.0
68.0,129.0,17.0,16.0
68.0,131.0,17.0,16.0
69.0,131.0,17.0,16.0
69.0,131.0,17.0,16.0
70.0,133.0,17.0,16.0
71.0,136.0,17.0,16.0
72.0,139.0,17.0,16.0
73.0,139.0,17.0,16.0
73.0,139.0,17.0,16.0
73.0,141.0,17.0,16.0
74.0,142.0,17.0,16.0
75.0,143.0,17.0,15.0
76.0,145.0,16.0,15.0
76.0,145.0,16.0,16.0
77.0,146.0,16.0,16.0
78.0,146.0,16.0,16.0
80.0,148.0,15.0,16.0
80.0,150.0,15.0,17.0
81.0,153.0,15.0,17.0
81.0,152.0,15.0,17.0
82.0,152.0,15.0,17.0
82.0,152.0,15.0,17.0
84.0,154.0,15.0,17.0
85.0,156.0,16.0,17.0
85.0,155.0,16.0,17.0
86.0,155.0,16.0,17.0
87.0,157.0,16.0,17.0
89.0,157.0,16.0,17.0
90.0,159.0,16.0,16.0
90.0,159.0,16.0,16.0
92.0,161.0,16.0,16.0
93.0,163.0,16.0,16.0
94.0,163.0,16.0,16.0
96.0,165.0,16.0,16.0
97.0,165.0,16.0,16.0
97.0,165.0,16.0,17.0
99.0,167.0,16.0,17.0
100.0,169.0,16.0,17.0
102.0,171.0,16.0,17.0
102.0,171.0,16.0,17.0
104.0,173.0,16.0,17.0
108.0,175.0,16.0,17.0
109.0,175.0,17.0,17.0
109.0,175.0,17.0,16.0
111.0,177.0,17.0,16.0
113.0,177.0,17.0,16.0
114.0,179.0,17.0,16.0
117.0,182.0,17.0,16.0
117.0,181.0,17.0,16.0
120.0,184.0,17.0,16.0
122.0,184.0,17.0,16.0
124.0,185.0,17.0,16.0
127.0,187.0,17.0,16.0
127.0,188.0,17.0,16.0
129.0,189.0,17.0,16.0
131.0,189.0,16.0,16.0
132.0,191.0,16.0,17.0
134.0,193.0,16.0,17.0
136.0,194.0,16.0,17.0
138.0,196.0,17.0,17.0
139.0,196.0,17.0,16.0
141.0,196.0,17.0,16.0
143.0,198.0,17.0,16.0
142.0,198.0,17.0,16.0
145.0,202.0,17.0,16.0
149.0,203.0,17.0,16.0
151.0,205.0,17.0,16.0
153.0,205.0,17.0,16.0
155.0,207.0,17.0,16.0
156.0,216.0,17.0,16.0
155.0,216.0,17.0,16.0
155.0,215.0,17.0,16.0
155.0,215.0,17.0,17.0
154.0,214.0,17.0,17.0
153.0,213.0,17.0,17.0
153.0,215.0,17.0,17.0
153.0,215.0,17.0,17.0
153.0,216.0,17.0,17.0
153.0,216.0,17.0,17.0
154.0,217.0,17.0,16.0
154.0,217.0,17.0,16.0
154.0,217.0,17.0,16.0
154.0,216.0,17.0,16.0
153.0,216.0,17.0,16.0
154.0,216.0,17.0,16.0
155.0,218.0,17.0,16.0
155.0,217.0,17.0,16.0
153.0,217.0,17.0,16.0
155.0,217.0,17.0,16.0
155.0,218.0,17.0,16.0
