146.0,54.0,68.0,101.0
147.0,56.0,68.0,100.0
147.0,56.0,69.0,100.0
148.0,57.0,69.0,100.0
150.0,54.0,69.0,100.0
152.0,53.0,70.0,99.0
153.0,55.0,69.0,100.0
156.0,54.0,69.0,100.0
158.0,54.0,69.0,100.0
160.0,54.0,69.0,100.0
161.0,55.0,68.0,100.0
162.0,56.0,67.0,102.0
163.0,57.0,67.0,102.0
163.0,57.0,66.0,102.0
165.0,57.0,67.0,101.0
170.0,59.0,66.0,101.0
172.0,61.0,66.0,101.0
173.0,61.0,66.0,101.0
178.0,62.0,66.0,100.0
181.0,62.0,67.0,99.0
182.0,56.0,67.0,99.0
183.0,54.0,68.0,98.0
186.0,53.0,67.0,99.0
186.0,54.0,67.0,98.0
189.0,59.0,66.0,98.0
190.0,62.0,67.0,97.0
191.0,65.0,66.0,97.0
188.0,66.0,66.0,97.0
187.0,66.0,67.0,96.0
185.0,69.0,66.0,96.0
181.0,69.0,66.0,96.0
176.0,65.0,67.0,96.0
174.0,64.0,67.0,95.0
171.0,63.0,66.0,96.0
166.0,61.0,66.0,96.0
161.0,62.0,66.0,97.0
158.0,60.0,66.0,97.0
153.0,58.0,66.0,96.0
150.0,59.0,67.0,96.0
148.0,58.0,68.0,95.0
147.0,57.0,67.0,95.0
147.0,61.0,67.0,94.0
147.0,58.0,67.0,95.0
146.0,63.0,67.0,94.0
145.0,62.0,66.0,95.0
142.0,64.0,66.0,94.0
139.0,65.0,65.0,95.0
139.0,65.0,65.0,94.0
139.0,67.0,64.0,95.0
140.0,64.0,64.0,95.0
138.0,62.0,63.0,96.0
138.0,60.0,62.0,95.0
141.0,62.0,62.0,96.0
141.0,61.0,62.0,95.0
143.0,63.0,61.0,95.0
144.0,66.0,61.0,95.0
144.0,70.0,60.0,94.0
144.0,72.0,60.0,94.0
144.0,74.0,60.0,93.0
144.0,73.0,60.0,93.0
144.0,73.0,60.0,92.0
148.0,71.0,60.0,91.0
152.0,69.0,60.0,90.0
155.0,64.0,60.0,90.0
158.0,62.0,60.0,89.0
160.0,59.0,60.0,89.0
163.0,57.0,60.0,88.0
166.0,59.0,60.0,88.0
169.0,61.0,60.0,88.0
172.0,64.0,60.0,87.0
173.0,65.0,60.0,87.0
177.0,66.0,60.0,87.0
178.0,67.0,59.0,87.0
178.0,68.0,59.0,87.0
180.0,67.0,59.0,87.0
182.0,66.0,59.0,86.0
181.0,64.0,59.0,86.0
179.0,63.0,60.0,86.0
180.0,62.0,60.0,86.0
178.0,63.0,59.0,86.0
175.0,65.0,60.0,86.0
174.0,67.0,59.0,86.0
173.0,68.0,59.0,86.0
171.0,66.0,59.0,86.0
170.0,65.0,59.0,86.0
169.0,66.0,59.0,86.0
167.0,65.0,59.0,86.0
167.0,62.0,60.0,86.0
165.0,63.0,60.0,86.0
161.0,61.0,61.0,85.0
160.0,59.0,61.0,86.0
156.0,59.0,62.0,86.0
152.0,57.0,62.0,86.0
150.0,55.0,61.0,87.0
152.0,59.0,60.0,87.0
153.0,65.0,60.0,86.0
151.0,66.0,61.0,85.0
152.0,71.0,61.0,85.0
149.0,69.0,61.0,84.0
148.0,71.0,62.0,84.0
149.0,72.0,62.0,84.0
150.0,72.0,62.0,84.0
150.0,70.0,63.0,84.0
151.0,68.0,63.0,84.0
154.0,69.0,63.0,84.0
153.0,68.0,63.0,84.0
157.0,69.0,62.0,84.0
160.0,69.0,62.0,84.0
165.0,71.0,62.0,84.0
165.0,70.0,62.0,84.0
169.0,71.0,63.0,84.0
170.0,71.0,63.0,84.0
169.0,70.0,63.0,85.0
170.0,70.0,63.0,85.0
174.0,69.0,63.0,86.0
177.0,67.0,61.0,87.0
181.0,68.0,61.0,86.0
183.0,68.0,61.0,85.0
182.0,67.0,61.0,85.0
183.0,66.0,60.0,87.0
185.0,65.0,60.0,86.0
186.0,67.0,61.0,85.0
186.0,73.0,60.0,85.0
187.0,74.0,60.0,85.0
189.0,75.0,60.0,85.0
189.0,76.0,60.0,84.0
189.0,75.0,60.0,84.0
186.0,74.0,61.0,83.0
182.0,71.0,61.0,84.0
178.0,70.0,62.0,83.0
176.0,64.0,63.0,84.0
175.0,61.0,63.0,84.0
173.0,59.0,63.0,85.0
171.0,63.0,63.0,84.0
168.0,62.0,63.0,84.0
162.0,65.0,63.0,84.0
158.0,64.0,63.0,85.0
156.0,65.0,64.0,85.0
153.0,64.0,63.0,86.0
154.0,63.0,63.0,86.0
154.0,61.0,63.0,87.0
154.0,63.0,63.0,86.0
155.0,64.0,64.0,86.0
156.0,67.0,64.0,86.0
158.0,64.0,63.0,86.0
160.0,64.0,61.0,87.0
162.0,66.0,62.0,86.0
163.0,70.0,62.0,85.0
165.0,67.0,62.0,85.0
167.0,69.0,63.0,83.0
169.0,70.0,64.0,83.0
172.0,70.0,63.0,83.0
176.0,67.0,63.0,83.0
177.0,67.0,63.0,83.0
177.0,64.0,62.0,84.0
180.0,65.0,61.0,85.0
181.0,69.0,61.0,84.0
180.0,71.0,61.0,84.0
180.0,70.0,61.0,84.0
181.0,72.0,61.0,84.0
180.0,73.0,62.0,84.0
179.0,76.0,63.0,83.0
176.0,77.0,63.0,83.0
176.0,77.0,63.0,84.0
176.0,76.0,63.0,84.0
174.0,76.0,63.0,84.0
174.0,73.0,63.0,84.0
176.0,67.0,63.0,85.0
175.0,66.0,62.0,85.0
173.0,66.0,62.0,86.0
171.0,66.0,62.0,86.0
167.0,67.0,63.0,86.0
166.0,66.0,63.0,87.0
164.0,66.0,63.0,86.0
162.0,70.0,63.0,85.0
157.0,71.0,63.0,85.0
152.0,69.0,63.0,85.0
149.0,67.0,63.0,85.0
148.0,66.0,63.0,86.0
146.0,68.0,63.0,86.0
147.0,66.0,62.0,86.0
148.0,71.0,63.0,85.0
150.0,69.0,62.0,85.0
154.0,72.0,62.0,84.0
155.0,74.0,63.0,84.0
158.0,78.0,62.0,83.0
160.0,81.0,63.0,83.0
162.0,81.0,62.0,83.0
164.0,83.0,63.0,83.0
167.0,82.0,62.0,83.0
171.0,81.0,62.0,82.0
176.0,84.0,62.0,81.0
179.0,79.0,62.0,81.0
185.0,76.0,62.0,80.0
185.0,75.0,61.0,80.0
187.0,75.0,61.0,80.0
190.0,71.0,62.0,80.0
196.0,73.0,62.0,80.0
201.0,73.0,61.0,80.0
204.0,76.0,60.0,81.0
208.0,79.0,59.0,81.0
212.0,80.0,59.0,80.0
212.0,80.0,59.0,80.0
214.0,80.0,59.0,80.0
214.0,80.0,59.0,80.0
216.0,77.0,59.0,80.0
213.0,77.0,59.0,79.0
210.0,76.0,59.0,79.0
210.0,75.0,59.0,79.0
211.0,76.0,60.0,79.0
209.0,77.0,60.0,78.0
207.0,78.0,60.0,78.0
206.0,77.0,60.0,78.0
205.0,78.0,60.0,79.0
204.0,73.0,59.0,80.0
204.0,71.0,59.0,80.0
203.0,72.0,58.0,81.0
201.0,76.0,59.0,80.0
199.0,79.0,59.0,80.0
199.0,80.0,59.0,80.0
198.0,79.0,60.0,80.0
195.0,78.0,60.0,79.0
195.0,74.0,61.0,79.0
195.0,72.0,60.0,79.0
196.0,72.0,59.0,79.0
199.0,74.0,58.0,80.0
202.0,76.0,58.0,80.0
204.0,78.0,57.0,80.0
205.0,79.0,57.0,80.0
202.0,78.0,57.0,79.0
207.0,80.0,58.0,78.0
206.0,78.0,59.0,78.0
208.0,75.0,58.0,78.0
210.0,77.0,59.0,78.0
212.0,77.0,59.0,79.0
218.0,77.0,60.0,77.0
224.0,75.0,59.0,77.0
228.0,78.0,59.0,77.0
230.0,82.0,59.0,76.0
235.0,88.0,60.0,75.0
233.0,89.0,60.0,76.0
233.0,89.0,59.0,77.0
234.0,91.0,58.0,77.0
235.0,88.0,59.0,77.0
237.0,89.0,59.0,76.0
239.0,89.0,59.0,75.0
238.0,89.0,59.0,75.0
238.0,89.0,59.0,75.0
237.0,90.0,60.0,75.0
232.0,88.0,61.0,74.0
236.0,88.0,60.0,74.0
232.0,90.0,60.0,74.0
234.0,90.0,59.0,76.0
227.0,91.0,59.0,76.0
226.0,89.0,59.0,76.0
224.0,90.0,59.0,76.0
221.0,88.0,60.0,77.0
216.0,82.0,60.0,77.0
219.0,76.0,60.0,78.0
219.0,70.0,60.0,78.0
225.0,67.0,60.0,78.0
228.0,70.0,60.0,77.0
232.0,73.0,59.0,78.0
237.0,80.0,59.0,78.0
239.0,84.0,59.0,77.0
241.0,85.0,58.0,77.0
246.0,87.0,58.0,76.0
252.0,87.0,58.0,76.0
255.0,83.0,59.0,75.0
255.0,79.0,59.0,74.0
261.0,74.0,59.0,75.0
264.0,71.0,58.0,75.0
267.0,67.0,58.0,74.0
267.0,63.0,58.0,75.0
266.0,64.0,57.0,75.0
264.0,66.0,58.0,74.0
262.0,68.0,57.0,75.0
262.0,70.0,58.0,75.0
259.0,70.0,58.0,74.0
261.0,68.0,57.0,76.0
260.0,66.0,57.0,76.0
260.0,67.0,58.0,75.0
262.0,66.0,58.0,76.0
260.0,65.0,58.0,77.0
262.0,65.0,57.0,77.0
262.0,66.0,58.0,77.0
261.0,66.0,58.0,77.0
263.0,64.0,59.0,77.0
262.0,64.0,59.0,76.0
260.0,65.0,60.0,75.0
258.0,65.0,60.0,75.0
258.0,66.0,60.0,74.0
259.0,65.0,61.0,72.0
260.0,69.0,60.0,72.0
260.0,67.0,60.0,73.0
259.0,67.0,59.0,74.0
257.0,68.0,59.0,74.0
253.0,70.0,59.0,75.0
248.0,71.0,59.0,75.0
240.0,74.0,59.0,75.0
238.0,72.0,59.0,76.0
227.0,71.0,60.0,75.0
224.0,70.0,60.0,75.0
218.0,70.0,60.0,75.0
215.0,70.0,60.0,75.0
214.0,69.0,60.0,75.0
211.0,71.0,60.0,75.0
208.0,75.0,61.0,74.0
205.0,76.0,60.0,74.0
202.0,77.0,61.0,73.0
196.0,77.0,61.0,74.0
190.0,76.0,60.0,74.0
188.0,73.0,60.0,74.0
184.0,71.0,61.0,75.0
177.0,67.0,61.0,75.0
164.0,64.0,60.0,76.0
154.0,63.0,60.0,77.0
148.0,61.0,60.0,77.0
144.0,59.0,61.0,76.0
140.0,59.0,61.0,76.0
138.0,61.0,60.0,77.0
135.0,60.0,60.0,77.0
132.0,60.0,60.0,77.0
132.0,61.0,60.0,76.0
133.0,65.0,60.0,76.0
129.0,66.0,60.0,76.0
130.0,67.0,60.0,75.0
133.0,66.0,60.0,75.0
136.0,66.0,60.0,75.0
139.0,67.0,60.0,74.0
138.0,71.0,60.0,74.0
140.0,69.0,59.0,75.0
143.0,69.0,59.0,75.0
146.0,71.0,59.0,75.0
152.0,72.0,59.0,75.0
158.0,75.0,59.0,75.0
162.0,76.0,58.0,76.0
166.0,77.0,58.0,76.0
168.0,74.0,58.0,75.0
171.0,67.0,58.0,76.0
169.0,63.0,58.0,76.0
169.0,59.0,59.0,75.0
169.0,55.0,58.0,76.0
167.0,54.0,58.0,76.0
169.0,58.0,59.0,76.0
169.0,60.0,58.0,76.0
171.0,72.0,58.0,76.0
174.0,81.0,58.0,77.0
184.0,88.0,58.0,77.0
190.0,95.0,58.0,77.0
196.0,103.0,58.0,76.0
197.0,109.0,59.0,75.0
202.0,111.0,59.0,76.0
206.0,111.0,59.0,76.0
208.0,108.0,60.0,76.0
211.0,108.0,60.0,77.0
210.0,108.0,60.0,77.0
205.0,106.0,60.0,77.0
205.0,101.0,61.0,76.0
204.0,97.0,61.0,76.0
199.0,89.0,61.0,75.0
192.0,84.0,61.0,76.0
186.0,76.0,60.0,78.0
178.0,74.0,61.0,78.0
179.0,73.0,60.0,79.0
176.0,72.0,60.0,79.0
170.0,74.0,60.0,79.0
170.0,74.0,60.0,79.0
169.0,79.0,60.0,78.0
168.0,82.0,60.0,78.0
167.0,82.0,60.0,78.0
165.0,81.0,59.0,78.0
164.0,81.0,59.0,79.0
163.0,78.0,60.0,78.0
164.0,77.0,60.0,77.0
164.0,74.0,60.0,77.0
164.0,71.0,60.0,78.0
165.0,69.0,60.0,77.0
165.0,67.0,59.0,78.0
166.0,66.0,60.0,77.0
169.0,66.0,60.0,77.0
177.0,70.0,59.0,76.0
182.0,74.0,58.0,77.0
188.0,77.0,58.0,77.0
196.0,82.0,57.0,77.0
201.0,84.0,58.0,76.0
205.0,82.0,58.0,75.0
209.0,81.0,58.0,74.0
210.0,77.0,58.0,75.0
212.0,76.0,58.0,75.0
211.0,74.0,58.0,75.0
209.0,71.0,58.0,76.0
208.0,69.0,58.0,75.0
208.0,68.0,58.0,76.0
207.0,72.0,58.0,76.0
206.0,73.0,57.0,76.0
205.0,75.0,58.0,76.0
204.0,76.0,58.0,76.0
201.0,78.0,58.0,75.0
199.0,77.0,58.0,76.0
195.0,78.0,59.0,75.0
189.0,75.0,59.0,75.0
189.0,72.0,60.0,74.0
190.0,69.0,59.0,75.0
189.0,69.0,59.0,76.0
189.0,67.0,58.0,76.0
188.0,66.0,58.0,76.0
189.0,68.0,58.0,75.0
189.0,70.0,59.0,74.0
191.0,74.0,59.0,74.0
192.0,82.0,60.0,72.0
191.0,82.0,59.0,72.0
190.0,82.0,58.0,71.0
189.0,80.0,57.0,71.0
193.0,79.0,56.0,72.0
194.0,77.0,55.0,72.0
195.0,73.0,55.0,73.0
197.0,69.0,55.0,72.0
199.0,72.0,55.0,72.0
206.0,76.0,56.0,70.0
213.0,82.0,56.0,70.0
213.0,86.0,56.0,69.0
215.0,89.0,57.0,68.0
217.0,89.0,55.0,69.0
223.0,89.0,55.0,69.0
221.0,89.0,55.0,69.0
219.0,89.0,55.0,68.0
212.0,88.0,54.0,69.0
204.0,87.0,54.0,69.0
200.0,85.0,54.0,69.0
198.0,80.0,54.0,69.0
191.0,78.0,55.0,68.0
189.0,77.0,54.0,68.0
188.0,76.0,53.0,70.0
190.0,78.0,52.0,70.0
194.0,79.0,52.0,71.0
199.0,81.0,52.0,70.0
203.0,83.0,52.0,70.0
208.0,84.0,51.0,71.0
210.0,84.0,52.0,71.0
210.0,82.0,52.0,71.0
203.0,81.0,52.0,70.0
195.0,80.0,54.0,68.0
194.0,77.0,55.0,68.0
186.0,75.0,54.0,68.0
184.0,74.0,53.0,69.0
180.0,74.0,53.0,69.0
176.0,79.0,52.0,71.0
172.0,82.0,52.0,70.0
169.0,80.0,53.0,70.0
169.0,78.0,53.0,70.0
168.0,77.0,54.0,70.0
166.0,73.0,53.0,71.0
168.0,68.0,53.0,71.0
167.0,63.0,53.0,71.0
169.0,61.0,52.0,71.0
173.0,62.0,52.0,70.0
177.0,64.0,52.0,71.0
178.0,68.0,52.0,71.0
178.0,71.0,51.0,71.0
177.0,71.0,52.0,71.0
172.0,73.0,53.0,70.0
163.0,75.0,53.0,70.0
155.0,70.0,54.0,70.0
149.0,66.0,54.0,71.0
144.0,64.0,55.0,71.0
137.0,57.0,55.0,71.0
132.0,49.0,55.0,72.0
129.0,46.0,56.0,72.0
130.0,46.0,56.0,73.0
130.0,46.0,55.0,73.0
132.0,48.0,56.0,73.0
133.0,51.0,57.0,73.0
135.0,53.0,56.0,73.0
141.0,53.0,56.0,74.0
146.0,55.0,55.0,74.0
150.0,55.0,55.0,75.0
152.0,54.0,55.0,75.0
156.0,55.0,55.0,74.0
155.0,55.0,55.0,73.0
156.0,56.0,55.0,73.0
154.0,54.0,55.0,72.0
157.0,59.0,56.0,71.0
157.0,64.0,57.0,69.0
161.0,67.0,57.0,69.0
161.0,69.0,56.0,69.0
162.0,71.0,56.0,68.0
166.0,70.0,56.0,68.0
169.0,71.0,56.0,67.0
170.0,68.0,56.0,67.0
172.0,64.0,56.0,66.0
173.0,59.0,55.0,67.0
172.0,57.0,54.0,68.0
171.0,58.0,54.0,67.0
169.0,60.0,55.0,67.0
164.0,66.0,55.0,66.0
166.0,66.0,54.0,66.0
167.0,67.0,54.0,67.0
167.0,66.0,54.0,66.0
163.0,66.0,54.0,66.0
166.0,62.0,54.0,66.0
175.0,58.0,53.0,67.0
177.0,55.0,53.0,67.0
182.0,59.0,54.0,67.0
185.0,60.0,54.0,66.0
193.0,64.0,54.0,66.0
193.0,69.0,54.0,67.0
192.0,67.0,54.0,67.0
190.0,60.0,54.0,67.0
184.0,63.0,54.0,67.0
183.0,61.0,54.0,68.0
186.0,61.0,55.0,67.0
187.0,61.0,54.0,68.0
185.0,60.0,55.0,67.0
190.0,60.0,55.0,67.0
196.0,61.0,55.0,67.0
196.0,63.0,55.0,66.0
196.0,66.0,55.0,66.0
196.0,71.0,56.0,66.0
188.0,78.0,56.0,66.0
175.0,80.0,55.0,67.0
163.0,79.0,55.0,68.0
156.0,74.0,55.0,68.0
148.0,70.0,56.0,68.0
142.0,64.0,56.0,70.0
136.0,60.0,56.0,70.0
136.0,54.0,56.0,71.0
137.0,54.0,56.0,71.0
139.0,62.0,56.0,70.0
140.0,67.0,57.0,70.0
144.0,71.0,56.0,70.0
144.0,76.0,56.0,70.0
143.0,82.0,57.0,70.0
145.0,82.0,57.0,69.0
146.0,78.0,56.0,69.0
148.0,72.0,55.0,71.0
152.0,69.0,55.0,71.0
154.0,69.0,55.0,71.0
155.0,67.0,55.0,71.0
154.0,69.0,55.0,71.0
155.0,73.0,56.0,71.0
154.0,77.0,56.0,70.0
152.0,80.0,56.0,70.0
151.0,84.0,57.0,69.0
150.0,87.0,57.0,70.0
145.0,84.0,56.0,71.0
142.0,81.0,56.0,71.0
140.0,78.0,57.0,71.0
137.0,72.0,57.0,72.0
135.0,64.0,56.0,74.0
135.0,60.0,56.0,74.0
135.0,59.0,57.0,74.0
136.0,60.0,57.0,73.0
137.0,62.0,58.0,73.0
137.0,65.0,58.0,73.0
137.0,70.0,57.0,73.0
136.0,74.0,58.0,73.0
136.0,77.0,58.0,72.0
134.0,77.0,58.0,73.0
134.0,78.0,57.0,73.0
136.0,77.0,57.0,74.0
139.0,76.0,56.0,75.0
144.0,73.0,55.0,75.0
150.0,70.0,55.0,75.0
157.0,67.0,55.0,75.0
163.0,66.0,55.0,75.0
169.0,67.0,55.0,74.0
175.0,73.0,55.0,74.0
178.0,75.0,54.0,75.0
