130.0,132.0,31.0,115.0
131.0,129.0,31.0,114.0
131.0,128.0,32.0,114.0
130.0,129.0,32.0,114.0
130.0,128.0,32.0,114.0
129.0,127.0,32.0,115.0
128.0,126.0,32.0,116.0
129.0,125.0,32.0,116.0
128.0,123.0,33.0,116.0
128.0,122.0,33.0,116.0
127.0,122.0,34.0,116.0
126.0,123.0,34.0,115.0
126.0,122.0,34.0,115.0
125.0,123.0,34.0,115.0
125.0,123.0,34.0,115.0
125.0,121.0,34.0,116.0
124.0,118.0,33.0,117.0
123.0,118.0,34.0,116.0
123.0,118.0,34.0,116.0
123.0,117.0,34.0,117.0
122.0,116.0,34.0,117.0
123.0,115.0,34.0,118.0
124.0,117.0,34.0,117.0
123.0,117.0,34.0,116.0
122.0,116.0,34.0,117.0
122.0,117.0,34.0,117.0
122.0,116.0,34.0,117.0
122.0,114.0,34.0,117.0
122.0,114.0,35.0,116.0
121.0,113.0,35.0,116.0
121.0,113.0,35.0,116.0
120.0,112.0,35.0,115.0
120.0,112.0,35.0,114.0
120.0,112.0,35.0,114.0
119.0,113.0,36.0,113.0
120.0,112.0,35.0,114.0
119.0,111.0,35.0,114.0
119.0,110.0,34.0,115.0
119.0,110.0,35.0,114.0
119.0,109.0,34.0,114.0
119.0,107.0,34.0,114.0
120.0,107.0,34.0,114.0
120.0,107.0,34.0,114.0
121.0,108.0,34.0,115.0
121.0,106.0,34.0,114.0
121.0,108.0,33.0,114.0
120.0,107.0,33.0,115.0
121.0,107.0,33.0,115.0
120.0,107.0,34.0,113.0
120.0,106.0,34.0,113.0
121.0,106.0,34.0,113.0
120.0,105.0,34.0,112.0
120.0,106.0,34.0,111.0
119.0,105.0,34.0,110.0
119.0,105.0,34.0,110.0
119.0,105.0,34.0,109.0
119.0,105.0,34.0,110.0
118.0,104.0,34.0,109.0
118.0,104.0,33.0,110.0
118.0,103.0,33.0,110.0
118.0,101.0,33.0,110.0
118.0,100.0,32.0,110.0
118.0,100.0,32.0,110.0
119.0,99.0,32.0,111.0
119.0,100.0,32.0,111.0
119.0,99.0,32.0,111.0
120.0,99.0,32.0,111.0
120.0,100.0,32.0,110.0
119.0,100.0,32.0,110.0
119.0,100.0,32.0,110.0
119.0,99.0,32.0,109.0
119.0,99.0,32.0,109.0
119.0,97.0,32.0,109.0
119.0,98.0,32.0,109.0
118.0,97.0,33.0,107.0
118.0,97.0,32.0,107.0
118.0,98.0,32.0,107.0
117.0,97.0,32.0,106.0
118.0,97.0,32.0,107.0
118.0,96.0,31.0,107.0
118.0,96.0,31.0,107.0
117.0,95.0,32.0,106.0
117.0,94.0,31.0,106.0
116.0,94.0,31.0,106.0
117.0,93.0,31.0,107.0
117.0,92.0,30.0,107.0
117.0,92.0,30.0,107.0
118.0,91.0,30.0,107.0
119.0,93.0,30.0,106.0
117.0,94.0,31.0,105.0
119.0,94.0,30.0,105.0
118.0,93.0,30.0,105.0
118.0,92.0,30.0,106.0
118.0,92.0,30.0,106.0
118.0,91.0,30.0,105.0
118.0,89.0,30.0,106.0
118.0,90.0,30.0,105.0
117.0,89.0,30.0,105.0
117.0,89.0,30.0,104.0
117.0,90.0,30.0,104.0
116.0,90.0,30.0,104.0
116.0,89.0,30.0,104.0
117.0,89.0,30.0,104.0
116.0,87.0,30.0,103.0
117.0,87.0,30.0,103.0
116.0,86.0,30.0,103.0
116.0,88.0,29.0,103.0
117.0,88.0,29.0,103.0
117.0,86.0,30.0,102.0
117.0,89.0,30.0,102.0
117.0,87.0,29.0,102.0
118.0,87.0,29.0,103.0
117.0,87.0,29.0,102.0
117.0,87.0,29.0,102.0
117.0,86.0,29.0,103.0
116.0,86.0,29.0,101.0
117.0,86.0,29.0,101.0
116.0,85.0,29.0,102.0
115.0,84.0,29.0,100.0
116.0,85.0,29.0,100.0
115.0,84.0,29.0,101.0
114.0,84.0,29.0,100.0
115.0,85.0,29.0,100.0
114.0,83.0,29.0,100.0
114.0,83.0,29.0,101.0
114.0,82.0,29.0,101.0
113.0,80.0,29.0,101.0
113.0,82.0,29.0,100.0
113.0,81.0,29.0,100.0
113.0,81.0,29.0,100.0
113.0,82.0,29.0,100.0
113.0,81.0,29.0,99.0
114.0,82.0,29.0,99.0
113.0,81.0,28.0,100.0
113.0,81.0,28.0,100.0
113.0,80.0,28.0,100.0
113.0,80.0,29.0,99.0
112.0,79.0,29.0,99.0
112.0,78.0,29.0,99.0
112.0,78.0,28.0,99.0
111.0,77.0,28.0,99.0
111.0,79.0,29.0,97.0
110.0,79.0,29.0,97.0
110.0,80.0,29.0,96.0
110.0,80.0,29.0,97.0
108.0,79.0,29.0,96.0
109.0,77.0,29.0,96.0
108.0,78.0,29.0,96.0
108.0,76.0,29.0,96.0
108.0,78.0,29.0,95.0
107.0,77.0,29.0,94.0
107.0,77.0,28.0,94.0
108.0,77.0,29.0,93.0
108.0,77.0,28.0,94.0
108.0,76.0,28.0,94.0
108.0,77.0,28.0,93.0
108.0,76.0,27.0,94.0
108.0,76.0,27.0,94.0
107.0,75.0,27.0,93.0
107.0,75.0,27.0,93.0
108.0,75.0,27.0,93.0
108.0,74.0,27.0,93.0
108.0,73.0,27.0,93.0
107.0,74.0,27.0,93.0
106.0,75.0,27.0,93.0
106.0,75.0,27.0,92.0
106.0,76.0,27.0,92.0
105.0,74.0,28.0,91.0
104.0,74.0,27.0,92.0
105.0,73.0,27.0,92.0
104.0,73.0,28.0,91.0
104.0,71.0,27.0,91.0
103.0,72.0,27.0,91.0
104.0,71.0,27.0,92.0
104.0,73.0,27.0,92.0
104.0,72.0,27.0,92.0
105.0,72.0,27.0,91.0
104.0,72.0,26.0,92.0
104.0,73.0,27.0,91.0
104.0,72.0,27.0,91.0
103.0,72.0,27.0,90.0
103.0,72.0,27.0,90.0
103.0,70.0,27.0,90.0
103.0,70.0,27.0,90.0
103.0,71.0,27.0,90.0
103.0,72.0,28.0,89.0
102.0,71.0,28.0,88.0
101.0,71.0,27.0,89.0
101.0,71.0,27.0,89.0
101.0,70.0,27.0,89.0
100.0,70.0,27.0,89.0
99.0,70.0,28.0,88.0
99.0,69.0,28.0,87.0
99.0,69.0,28.0,87.0
99.0,69.0,27.0,88.0
100.0,71.0,26.0,89.0
99.0,72.0,26.0,89.0
99.0,75.0,27.0,89.0
98.0,79.0,27.0,89.0
98.0,82.0,27.0,90.0
98.0,86.0,27.0,90.0
98.0,88.0,27.0,92.0
99.0,85.0,27.0,93.0
100.0,87.0,27.0,94.0
101.0,89.0,27.0,94.0
101.0,86.0,27.0,94.0
102.0,88.0,27.0,94.0
103.0,89.0,27.0,95.0
105.0,89.0,26.0,97.0
106.0,89.0,26.0,97.0
107.0,90.0,26.0,98.0
108.0,96.0,26.0,100.0
110.0,95.0,26.0,100.0
111.0,99.0,27.0,101.0
111.0,98.0,27.0,101.0
111.0,96.0,28.0,102.0
112.0,97.0,28.0,102.0
114.0,102.0,29.0,102.0
114.0,97.0,29.0,102.0
114.0,103.0,29.0,103.0
114.0,102.0,29.0,104.0
114.0,101.0,29.0,105.0
115.0,101.0,29.0,106.0
114.0,100.0,30.0,105.0
114.0,98.0,30.0,106.0
114.0,98.0,30.0,107.0
115.0,98.0,30.0,108.0
115.0,97.0,30.0,109.0
115.0,97.0,30.0,109.0
115.0,98.0,30.0,109.0
115.0,97.0,31.0,109.0
115.0,99.0,31.0,109.0
117.0,99.0,31.0,109.0
118.0,102.0,30.0,110.0
118.0,103.0,31.0,110.0
118.0,104.0,31.0,111.0
120.0,105.0,31.0,111.0
120.0,106.0,31.0,112.0
120.0,107.0,31.0,113.0
120.0,108.0,32.0,113.0
120.0,109.0,32.0,114.0
120.0,109.0,32.0,114.0
121.0,110.0,32.0,114.0
121.0,110.0,32.0,115.0
121.0,112.0,33.0,115.0
122.0,112.0,33.0,116.0
122.0,113.0,32.0,117.0
121.0,113.0,33.0,117.0
122.0,113.0,34.0,117.0
122.0,114.0,34.0,116.0
122.0,113.0,34.0,117.0
122.0,109.0,34.0,117.0
122.0,106.0,34.0,117.0
122.0,105.0,35.0,116.0
123.0,105.0,35.0,115.0
123.0,107.0,35.0,115.0
125.0,105.0,34.0,115.0
127.0,107.0,35.0,114.0
128.0,109.0,34.0,113.0
129.0,109.0,34.0,114.0
130.0,110.0,33.0,115.0
131.0,109.0,33.0,115.0
132.0,109.0,33.0,115.0
132.0,109.0,33.0,115.0
132.0,109.0,33.0,116.0
133.0,109.0,33.0,115.0
133.0,109.0,33.0,115.0
133.0,108.0,34.0,114.0
134.0,106.0,34.0,113.0
134.0,106.0,34.0,112.0
134.0,106.0,34.0,112.0
135.0,105.0,34.0,111.0
136.0,107.0,32.0,114.0
137.0,108.0,32.0,115.0
137.0,110.0,32.0,116.0
137.0,111.0,32.0,116.0
136.0,112.0,32.0,117.0
136.0,115.0,33.0,117.0
136.0,116.0,33.0,118.0
137.0,117.0,33.0,119.0
137.0,110.0,33.0,119.0
138.0,113.0,32.0,121.0
138.0,116.0,32.0,122.0
139.0,117.0,32.0,122.0
138.0,122.0,32.0,123.0
138.0,123.0,33.0,123.0
138.0,125.0,34.0,122.0
138.0,127.0,34.0,123.0
139.0,108.0,34.0,122.0
140.0,109.0,34.0,122.0
142.0,109.0,33.0,123.0
142.0,127.0,33.0,124.0
142.0,124.0,34.0,124.0
142.0,121.0,33.0,125.0
142.0,119.0,34.0,124.0
143.0,112.0,34.0,125.0
143.0,113.0,34.0,125.0
143.0,113.0,35.0,126.0
143.0,112.0,35.0,125.0
143.0,112.0,35.0,126.0
142.0,112.0,35.0,125.0
143.0,112.0,35.0,126.0
142.0,105.0,34.0,128.0
141.0,108.0,34.0,128.0
140.0,105.0,35.0,127.0
140.0,107.0,35.0,127.0
139.0,108.0,36.0,126.0
138.0,104.0,37.0,125.0
139.0,105.0,37.0,126.0
138.0,104.0,37.0,126.0
137.0,104.0,38.0,125.0
137.0,102.0,38.0,125.0
137.0,102.0,38.0,125.0
137.0,100.0,38.0,125.0
139.0,101.0,37.0,127.0
139.0,99.0,37.0,127.0
138.0,101.0,37.0,127.0
139.0,98.0,37.0,127.0
140.0,101.0,36.0,127.0
141.0,97.0,36.0,127.0
142.0,99.0,36.0,127.0
143.0,100.0,36.0,127.0
143.0,98.0,36.0,128.0
144.0,98.0,36.0,128.0
144.0,97.0,36.0,129.0
146.0,92.0,35.0,129.0
147.0,93.0,35.0,130.0
147.0,93.0,35.0,130.0
147.0,94.0,36.0,130.0
147.0,94.0,35.0,130.0
146.0,93.0,36.0,130.0
147.0,93.0,36.0,130.0
146.0,95.0,37.0,129.0
146.0,93.0,37.0,129.0
146.0,92.0,37.0,129.0
145.0,91.0,37.0,129.0
146.0,90.0,37.0,129.0
145.0,89.0,37.0,129.0
145.0,89.0,38.0,128.0
144.0,88.0,37.0,129.0
145.0,88.0,37.0,129.0
144.0,88.0,37.0,128.0
145.0,88.0,37.0,128.0
145.0,87.0,37.0,128.0
144.0,88.0,37.0,128.0
144.0,87.0,37.0,128.0
143.0,88.0,37.0,127.0
142.0,86.0,38.0,126.0
142.0,85.0,38.0,127.0
142.0,84.0,37.0,127.0
142.0,84.0,38.0,126.0
142.0,83.0,37.0,127.0
141.0,85.0,37.0,127.0
140.0,84.0,37.0,128.0
139.0,83.0,36.0,128.0
138.0,84.0,36.0,128.0
137.0,82.0,36.0,129.0
135.0,83.0,37.0,127.0
132.0,85.0,38.0,125.0
130.0,84.0,37.0,126.0
128.0,82.0,37.0,126.0
127.0,81.0,37.0,126.0
125.0,80.0,37.0,126.0
122.0,79.0,36.0,127.0
119.0,79.0,37.0,126.0
117.0,79.0,37.0,126.0
114.0,80.0,38.0,124.0
111.0,80.0,38.0,123.0
108.0,81.0,39.0,122.0
106.0,83.0,39.0,122.0
104.0,84.0,39.0,122.0
103.0,84.0,39.0,121.0
95.0,85.0,38.0,123.0
95.0,79.0,36.0,126.0
94.0,83.0,35.0,127.0
93.0,79.0,35.0,127.0
91.0,82.0,35.0,127.0
88.0,81.0,36.0,125.0
86.0,89.0,38.0,123.0
77.0,87.0,38.0,122.0
76.0,87.0,39.0,121.0
74.0,87.0,39.0,120.0
64.0,87.0,39.0,120.0
62.0,87.0,39.0,121.0
60.0,86.0,39.0,121.0
58.0,85.0,38.0,121.0
57.0,83.0,38.0,121.0
55.0,82.0,38.0,121.0
53.0,81.0,38.0,121.0
52.0,83.0,38.0,121.0
52.0,84.0,38.0,121.0
52.0,86.0,38.0,121.0
53.0,87.0,38.0,121.0
54.0,87.0,38.0,121.0
55.0,87.0,38.0,121.0
55.0,85.0,38.0,121.0
56.0,83.0,38.0,121.0
57.0,80.0,38.0,121.0
57.0,76.0,38.0,121.0
57.0,73.0,38.0,121.0
58.0,67.0,38.0,121.0
58.0,60.0,38.0,121.0
58.0,51.0,38.0,121.0
59.0,42.0,38.0,121.0
60.0,34.0,38.0,121.0
62.0,27.0,38.0,121.0
63.0,23.0,38.0,121.0
65.0,20.0,38.0,121.0
67.0,17.0,38.0,121.0
69.0,16.0,38.0,121.0
70.0,14.0,38.0,121.0
72.0,12.0,38.0,121.0
72.0,11.0,38.0,121.0
73.0,9.0,38.0,121.0
73.0,7.0,39.0,121.0
73.0,7.0,39.0,121.0
73.0,7.0,39.0,121.0
72.0,7.0,39.0,121.0
72.0,7.0,39.0,121.0
72.0,6.0,39.0,121.0
71.0,4.0,39.0,120.0
71.0,3.0,39.0,120.0
71.0,1.0,39.0,120.0
70.0,1.0,39.0,120.0
70.0,1.0,39.0,120.0
71.0,1.0,39.0,120.0
71.0,1.0,39.0,120.0
71.0,2.0,39.0,120.0
70.0,1.0,39.0,120.0
70.0,1.0,39.0,119.0
70.0,1.0,39.0,119.0
70.0,1.0,39.0,119.0
60.0,1.0,39.0,119.0
61.0,1.0,40.0,119.0
61.0,1.0,40.0,118.0
62.0,1.0,40.0,117.0
71.0,1.0,40.0,117.0
71.0,1.0,40.0,117.0
70.0,3.0,40.0,117.0
70.0,2.0,40.0,117.0
61.0,1.0,41.0,116.0
61.0,1.0,41.0,115.0
62.0,1.0,42.0,114.0
70.0,1.0,41.0,114.0
70.0,1.0,41.0,114.0
69.0,1.0,41.0,114.0
69.0,1.0,41.0,114.0
68.0,1.0,40.0,114.0
68.0,1.0,40.0,114.0
68.0,1.0,40.0,114.0
68.0,1.0,40.0,114.0
68.0,1.0,40.0,114.0
68.0,1.0,40.0,114.0
68.0,1.0,40.0,114.0
69.0,1.0,40.0,113.0
69.0,1.0,39.0,113.0
69.0,1.0,39.0,113.0
69.0,1.0,39.0,113.0
69.0,1.0,39.0,113.0
69.0,1.0,39.0,112.0
69.0,1.0,39.0,112.0
69.0,1.0,39.0,112.0
68.0,1.0,39.0,112.0
68.0,1.0,39.0,112.0
68.0,1.0,39.0,112.0
68.0,1.0,39.0,112.0
69.0,1.0,39.0,112.0
69.0,1.0,38.0,111.0
68.0,1.0,38.0,111.0
68.0,1.0,38.0,111.0
69.0,1.0,38.0,111.0
69.0,1.0,38.0,110.0
68.0,1.0,38.0,110.0
68.0,1.0,38.0,110.0
67.0,1.0,38.0,110.0
59.0,1.0,38.0,109.0
60.0,1.0,39.0,108.0
69.0,1.0,38.0,109.0
69.0,1.0,38.0,109.0
69.0,1.0,37.0,109.0
70.0,2.0,37.0,109.0
70.0,1.0,37.0,108.0
69.0,1.0,37.0,108.0
69.0,1.0,37.0,108.0
69.0,1.0,37.0,108.0
69.0,1.0,37.0,108.0
60.0,1.0,37.0,107.0
61.0,1.0,38.0,106.0
69.0,1.0,37.0,106.0
60.0,1.0,38.0,105.0
61.0,1.0,38.0,105.0
61.0,1.0,38.0,105.0
61.0,1.0,38.0,104.0
69.0,1.0,39.0,103.0
70.0,3.0,38.0,104.0
77.0,4.0,38.0,104.0
76.0,4.0,38.0,104.0
75.0,3.0,38.0,104.0
75.0,4.0,38.0,104.0
66.0,1.0,38.0,103.0
