213.0,121.0,21.0,95.0
211.0,117.0,21.0,94.0
211.0,116.0,21.0,94.0
211.0,111.0,21.0,95.0
210.0,111.0,21.0,95.0
209.0,113.0,22.0,95.0
208.0,110.0,22.0,95.0
208.0,111.0,22.0,96.0
208.0,107.0,22.0,96.0
205.0,110.0,21.0,98.0
207.0,105.0,21.0,99.0
209.0,103.0,21.0,100.0
213.0,105.0,21.0,102.0
219.0,104.0,21.0,103.0
218.0,104.0,21.0,105.0
218.0,103.0,21.0,106.0
217.0,102.0,21.0,106.0
216.0,101.0,21.0,108.0
214.0,100.0,22.0,107.0
213.0,103.0,23.0,106.0
213.0,102.0,23.0,107.0
213.0,101.0,23.0,107.0
213.0,98.0,23.0,108.0
214.0,95.0,23.0,110.0
216.0,95.0,23.0,111.0
218.0,93.0,23.0,112.0
218.0,94.0,24.0,112.0
218.0,93.0,25.0,111.0
218.0,91.0,25.0,112.0
217.0,90.0,25.0,112.0
217.0,89.0,26.0,113.0
217.0,87.0,25.0,115.0
217.0,89.0,25.0,116.0
219.0,85.0,23.0,120.0
220.0,81.0,23.0,121.0
220.0,83.0,24.0,121.0
220.0,84.0,25.0,121.0
219.0,84.0,26.0,121.0
219.0,85.0,27.0,120.0
219.0,85.0,28.0,120.0
219.0,86.0,27.0,120.0
219.0,88.0,27.0,121.0
219.0,89.0,27.0,121.0
225.0,91.0,27.0,122.0
223.0,95.0,27.0,122.0
217.0,96.0,28.0,122.0
217.0,99.0,28.0,121.0
222.0,99.0,29.0,119.0
220.0,103.0,29.0,118.0
218.0,105.0,30.0,116.0
217.0,103.0,30.0,115.0
208.0,103.0,30.0,115.0
202.0,100.0,30.0,113.0
201.0,97.0,30.0,113.0
193.0,97.0,30.0,113.0
193.0,95.0,28.0,115.0
194.0,95.0,28.0,114.0
194.0,93.0,27.0,116.0
194.0,96.0,27.0,117.0
195.0,96.0,27.0,117.0
196.0,96.0,28.0,115.0
202.0,97.0,28.0,113.0
201.0,99.0,28.0,113.0
202.0,99.0,27.0,114.0
203.0,99.0,27.0,113.0
202.0,99.0,27.0,114.0
200.0,100.0,27.0,113.0
201.0,100.0,27.0,115.0
202.0,100.0,26.0,116.0
204.0,100.0,26.0,115.0
207.0,99.0,26.0,115.0
218.0,97.0,27.0,114.0
219.0,96.0,29.0,112.0
222.0,94.0,29.0,111.0
222.0,94.0,29.0,110.0
220.0,93.0,29.0,111.0
211.0,94.0,28.0,112.0
203.0,93.0,28.0,112.0
195.0,92.0,27.0,114.0
189.0,92.0,27.0,114.0
190.0,84.0,28.0,113.0
192.0,77.0,28.0,114.0
193.0,72.0,29.0,113.0
200.0,69.0,29.0,114.0
199.0,66.0,30.0,113.0
199.0,65.0,30.0,112.0
200.0,63.0,31.0,112.0
201.0,63.0,31.0,111.0
202.0,64.0,29.0,113.0
203.0,69.0,28.0,115.0
202.0,74.0,27.0,117.0
202.0,80.0,26.0,118.0
203.0,84.0,26.0,119.0
202.0,86.0,27.0,118.0
202.0,92.0,29.0,116.0
203.0,97.0,29.0,114.0
206.0,100.0,30.0,113.0
206.0,105.0,31.0,112.0
205.0,112.0,31.0,110.0
204.0,116.0,33.0,107.0
203.0,116.0,31.0,109.0
203.0,119.0,29.0,110.0
203.0,120.0,28.0,111.0
203.0,122.0,27.0,113.0
204.0,122.0,26.0,114.0
204.0,121.0,26.0,114.0
204.0,121.0,26.0,114.0
202.0,121.0,27.0,114.0
202.0,123.0,28.0,113.0
202.0,126.0,28.0,114.0
201.0,115.0,30.0,112.0
202.0,114.0,30.0,112.0
201.0,112.0,30.0,112.0
202.0,109.0,29.0,113.0
202.0,108.0,29.0,114.0
202.0,108.0,29.0,115.0
210.0,109.0,29.0,114.0
210.0,109.0,29.0,115.0
210.0,107.0,28.0,116.0
209.0,106.0,28.0,116.0
209.0,107.0,28.0,117.0
208.0,108.0,28.0,116.0
209.0,107.0,28.0,117.0
210.0,108.0,28.0,116.0
211.0,108.0,28.0,116.0
220.0,107.0,28.0,116.0
220.0,108.0,29.0,115.0
219.0,107.0,29.0,115.0
218.0,106.0,29.0,115.0
218.0,106.0,29.0,114.0
219.0,113.0,29.0,114.0
218.0,110.0,29.0,114.0
218.0,109.0,29.0,114.0
217.0,113.0,29.0,113.0
209.0,120.0,29.0,113.0
216.0,113.0,29.0,114.0
216.0,119.0,29.0,114.0
224.0,114.0,28.0,116.0
224.0,114.0,28.0,116.0
224.0,115.0,28.0,116.0
224.0,112.0,29.0,116.0
224.0,112.0,29.0,115.0
225.0,112.0,30.0,115.0
226.0,109.0,29.0,116.0
227.0,109.0,30.0,116.0
229.0,108.0,29.0,117.0
230.0,108.0,29.0,118.0
230.0,107.0,29.0,118.0
231.0,107.0,29.0,119.0
232.0,106.0,29.0,119.0
231.0,109.0,29.0,119.0
231.0,109.0,28.0,120.0
231.0,106.0,27.0,123.0
231.0,103.0,28.0,122.0
232.0,102.0,27.0,125.0
231.0,100.0,28.0,125.0
231.0,99.0,29.0,124.0
230.0,99.0,31.0,121.0
229.0,95.0,32.0,120.0
229.0,97.0,32.0,121.0
228.0,96.0,32.0,120.0
228.0,94.0,32.0,119.0
229.0,93.0,32.0,119.0
230.0,93.0,32.0,118.0
231.0,90.0,30.0,121.0
231.0,89.0,30.0,120.0
232.0,93.0,30.0,120.0
233.0,92.0,32.0,118.0
233.0,92.0,33.0,118.0
228.0,92.0,33.0,117.0
230.0,95.0,33.0,115.0
230.0,95.0,33.0,115.0
229.0,96.0,31.0,116.0
226.0,95.0,31.0,116.0
226.0,93.0,29.0,117.0
225.0,91.0,28.0,119.0
223.0,90.0,28.0,120.0
222.0,88.0,28.0,119.0
216.0,93.0,29.0,118.0
216.0,94.0,31.0,115.0
216.0,93.0,31.0,114.0
215.0,92.0,31.0,113.0
215.0,90.0,31.0,113.0
214.0,92.0,30.0,114.0
214.0,90.0,30.0,114.0
213.0,89.0,28.0,115.0
213.0,91.0,27.0,117.0
213.0,92.0,28.0,116.0
213.0,92.0,28.0,116.0
218.0,94.0,28.0,116.0
212.0,93.0,28.0,115.0
212.0,95.0,29.0,114.0
212.0,97.0,29.0,114.0
214.0,99.0,28.0,116.0
214.0,100.0,29.0,114.0
214.0,99.0,29.0,114.0
214.0,99.0,29.0,114.0
212.0,95.0,29.0,114.0
212.0,97.0,30.0,112.0
213.0,93.0,28.0,114.0
215.0,97.0,28.0,114.0
214.0,95.0,29.0,112.0
213.0,98.0,29.0,111.0
211.0,101.0,30.0,109.0
211.0,101.0,30.0,108.0
210.0,101.0,30.0,108.0
209.0,102.0,29.0,107.0
207.0,101.0,29.0,106.0
207.0,101.0,29.0,106.0
207.0,105.0,27.0,110.0
207.0,105.0,26.0,112.0
206.0,100.0,26.0,113.0
206.0,98.0,27.0,111.0
206.0,104.0,27.0,110.0
206.0,120.0,27.0,111.0
205.0,118.0,26.0,113.0
205.0,122.0,26.0,114.0
204.0,123.0,26.0,114.0
203.0,124.0,26.0,114.0
203.0,123.0,27.0,114.0
204.0,123.0,26.0,114.0
204.0,124.0,27.0,113.0
204.0,124.0,27.0,113.0
205.0,127.0,27.0,114.0
205.0,129.0,27.0,114.0
205.0,130.0,27.0,114.0
206.0,130.0,27.0,112.0
207.0,132.0,28.0,111.0
207.0,130.0,29.0,110.0
207.0,129.0,29.0,109.0
207.0,128.0,28.0,110.0
207.0,127.0,28.0,110.0
206.0,126.0,28.0,110.0
205.0,123.0,28.0,109.0
197.0,126.0,28.0,110.0
197.0,125.0,27.0,111.0
197.0,124.0,27.0,111.0
196.0,126.0,28.0,111.0
189.0,127.0,28.0,110.0
190.0,126.0,29.0,109.0
191.0,128.0,29.0,108.0
192.0,127.0,28.0,109.0
192.0,127.0,28.0,110.0
193.0,128.0,27.0,110.0
194.0,126.0,26.0,111.0
196.0,124.0,25.0,112.0
203.0,125.0,25.0,113.0
204.0,126.0,26.0,112.0
207.0,124.0,25.0,113.0
210.0,124.0,26.0,111.0
211.0,123.0,27.0,111.0
212.0,122.0,27.0,110.0
212.0,123.0,27.0,110.0
214.0,122.0,27.0,110.0
213.0,120.0,27.0,110.0
212.0,117.0,27.0,109.0
213.0,117.0,27.0,109.0
213.0,116.0,27.0,110.0
214.0,116.0,27.0,109.0
214.0,116.0,27.0,108.0
218.0,113.0,27.0,108.0
216.0,116.0,27.0,107.0
209.0,114.0,28.0,105.0
209.0,116.0,29.0,104.0
208.0,117.0,29.0,103.0
208.0,116.0,28.0,105.0
207.0,118.0,27.0,106.0
213.0,116.0,27.0,105.0
211.0,115.0,27.0,105.0
210.0,116.0,27.0,105.0
196.0,118.0,27.0,105.0
199.0,118.0,27.0,106.0
201.0,117.0,26.0,106.0
206.0,116.0,26.0,107.0
205.0,118.0,27.0,106.0
203.0,117.0,28.0,106.0
200.0,114.0,29.0,105.0
192.0,117.0,29.0,104.0
192.0,114.0,29.0,105.0
191.0,114.0,29.0,105.0
189.0,112.0,28.0,104.0
183.0,112.0,28.0,105.0
184.0,110.0,27.0,106.0
184.0,111.0,26.0,107.0
182.0,106.0,26.0,108.0
180.0,108.0,28.0,105.0
180.0,107.0,27.0,107.0
180.0,106.0,27.0,109.0
180.0,105.0,27.0,109.0
171.0,100.0,28.0,107.0
170.0,99.0,28.0,107.0
168.0,93.0,29.0,105.0
167.0,90.0,29.0,105.0
168.0,89.0,28.0,105.0
168.0,87.0,28.0,106.0
168.0,87.0,27.0,107.0
169.0,86.0,26.0,106.0
168.0,85.0,27.0,105.0
167.0,86.0,28.0,103.0
166.0,84.0,28.0,102.0
159.0,83.0,28.0,101.0
158.0,83.0,29.0,100.0
158.0,80.0,28.0,100.0
157.0,81.0,29.0,99.0
156.0,79.0,28.0,99.0
155.0,79.0,28.0,98.0
154.0,77.0,28.0,98.0
153.0,79.0,28.0,97.0
152.0,79.0,27.0,97.0
151.0,84.0,27.0,96.0
150.0,87.0,27.0,96.0
148.0,87.0,26.0,97.0
147.0,89.0,26.0,96.0
145.0,89.0,26.0,96.0
146.0,87.0,25.0,98.0
145.0,86.0,24.0,99.0
145.0,85.0,23.0,100.0
140.0,84.0,23.0,100.0
142.0,85.0,23.0,100.0
143.0,84.0,23.0,101.0
143.0,85.0,23.0,100.0
142.0,82.0,24.0,100.0
141.0,85.0,24.0,99.0
140.0,84.0,24.0,99.0
139.0,83.0,25.0,99.0
140.0,83.0,24.0,99.0
139.0,84.0,25.0,99.0
137.0,85.0,25.0,98.0
137.0,87.0,24.0,99.0
137.0,86.0,24.0,99.0
138.0,85.0,24.0,98.0
139.0,88.0,24.0,98.0
140.0,94.0,24.0,98.0
141.0,95.0,24.0,98.0
141.0,100.0,23.0,98.0
142.0,102.0,23.0,98.0
143.0,103.0,23.0,98.0
149.0,106.0,23.0,99.0
155.0,103.0,23.0,99.0
163.0,102.0,22.0,100.0
171.0,98.0,22.0,102.0
172.0,97.0,22.0,102.0
173.0,96.0,22.0,103.0
172.0,97.0,22.0,104.0
177.0,96.0,23.0,104.0
174.0,95.0,23.0,103.0
171.0,96.0,24.0,103.0
168.0,96.0,24.0,103.0
164.0,99.0,24.0,103.0
161.0,98.0,24.0,104.0
154.0,99.0,24.0,105.0
152.0,101.0,23.0,107.0
147.0,97.0,23.0,108.0
147.0,97.0,23.0,109.0
147.0,97.0,23.0,109.0
145.0,97.0,24.0,108.0
146.0,98.0,25.0,108.0
146.0,96.0,24.0,110.0
146.0,97.0,25.0,110.0
146.0,97.0,25.0,111.0
144.0,96.0,26.0,111.0
144.0,94.0,26.0,111.0
143.0,88.0,26.0,113.0
143.0,83.0,26.0,113.0
143.0,81.0,25.0,115.0
142.0,82.0,26.0,115.0
143.0,81.0,26.0,115.0
151.0,83.0,26.0,116.0
152.0,85.0,26.0,116.0
158.0,86.0,26.0,117.0
158.0,92.0,28.0,116.0
158.0,96.0,28.0,116.0
157.0,102.0,28.0,115.0
158.0,103.0,29.0,114.0
159.0,105.0,29.0,115.0
160.0,108.0,29.0,114.0
160.0,110.0,28.0,114.0
161.0,110.0,28.0,113.0
161.0,113.0,29.0,112.0
161.0,115.0,29.0,112.0
161.0,116.0,29.0,113.0
160.0,118.0,29.0,113.0
159.0,118.0,28.0,115.0
157.0,118.0,27.0,116.0
156.0,116.0,27.0,117.0
154.0,107.0,29.0,116.0
152.0,100.0,31.0,113.0
152.0,94.0,31.0,112.0
153.0,89.0,30.0,112.0
154.0,87.0,30.0,111.0
154.0,83.0,30.0,111.0
155.0,79.0,30.0,110.0
157.0,77.0,31.0,108.0
159.0,75.0,31.0,108.0
166.0,74.0,31.0,107.0
166.0,74.0,31.0,106.0
167.0,76.0,31.0,104.0
167.0,78.0,30.0,104.0
167.0,81.0,30.0,105.0
165.0,86.0,30.0,105.0
164.0,89.0,29.0,105.0
161.0,94.0,29.0,105.0
159.0,97.0,29.0,104.0
156.0,102.0,29.0,104.0
147.0,105.0,28.0,105.0
145.0,110.0,28.0,105.0
143.0,111.0,27.0,105.0
141.0,113.0,27.0,106.0
140.0,117.0,26.0,106.0
140.0,114.0,25.0,108.0
141.0,114.0,25.0,109.0
147.0,110.0,25.0,109.0
147.0,110.0,25.0,110.0
147.0,108.0,24.0,111.0
148.0,105.0,25.0,110.0
153.0,101.0,25.0,110.0
153.0,98.0,25.0,110.0
158.0,95.0,26.0,110.0
156.0,96.0,26.0,108.0
162.0,93.0,26.0,108.0
161.0,89.0,26.0,108.0
158.0,91.0,26.0,107.0
158.0,90.0,27.0,106.0
159.0,88.0,27.0,105.0
160.0,86.0,25.0,107.0
161.0,86.0,25.0,107.0
161.0,86.0,25.0,107.0
160.0,85.0,26.0,106.0
160.0,85.0,25.0,106.0
153.0,86.0,25.0,107.0
155.0,88.0,25.0,107.0
154.0,87.0,25.0,107.0
149.0,85.0,26.0,107.0
149.0,87.0,26.0,106.0
147.0,86.0,27.0,104.0
145.0,83.0,26.0,106.0
144.0,83.0,24.0,108.0
142.0,82.0,25.0,108.0
142.0,83.0,26.0,106.0
143.0,81.0,26.0,106.0
143.0,76.0,26.0,106.0
144.0,71.0,26.0,106.0
146.0,71.0,26.0,106.0
146.0,73.0,26.0,105.0
146.0,70.0,26.0,105.0
147.0,71.0,26.0,105.0
148.0,69.0,26.0,105.0
150.0,69.0,26.0,105.0
153.0,67.0,25.0,107.0
162.0,69.0,25.0,108.0
163.0,69.0,24.0,108.0
164.0,76.0,24.0,109.0
165.0,83.0,25.0,108.0
165.0,86.0,26.0,108.0
165.0,90.0,26.0,107.0
165.0,89.0,26.0,108.0
166.0,91.0,25.0,109.0
166.0,92.0,25.0,110.0
166.0,92.0,25.0,110.0
166.0,93.0,25.0,110.0
167.0,95.0,25.0,111.0
167.0,97.0,26.0,110.0
166.0,98.0,26.0,110.0
165.0,102.0,28.0,108.0
164.0,104.0,28.0,108.0
163.0,105.0,28.0,108.0
163.0,105.0,27.0,109.0
162.0,106.0,27.0,109.0
161.0,107.0,27.0,110.0
153.0,111.0,28.0,109.0
153.0,111.0,27.0,110.0
152.0,110.0,27.0,111.0
152.0,112.0,26.0,113.0
151.0,112.0,26.0,113.0
151.0,113.0,27.0,113.0
152.0,113.0,27.0,113.0
152.0,111.0,27.0,113.0
152.0,105.0,27.0,113.0
153.0,106.0,27.0,113.0
152.0,105.0,29.0,111.0
152.0,106.0,28.0,111.0
152.0,104.0,29.0,109.0
151.0,102.0,29.0,110.0
151.0,101.0,29.0,109.0
151.0,98.0,29.0,109.0
151.0,96.0,28.0,109.0
151.0,94.0,28.0,110.0
156.0,92.0,28.0,109.0
157.0,90.0,28.0,109.0
162.0,87.0,29.0,108.0
161.0,88.0,29.0,107.0
162.0,83.0,29.0,107.0
163.0,83.0,29.0,107.0
163.0,83.0,29.0,106.0
163.0,82.0,29.0,106.0
163.0,82.0,28.0,107.0
168.0,79.0,28.0,107.0
165.0,79.0,27.0,107.0
164.0,80.0,27.0,108.0
169.0,81.0,27.0,108.0
166.0,82.0,27.0,106.0
166.0,80.0,27.0,107.0
166.0,81.0,27.0,107.0
166.0,79.0,27.0,107.0
167.0,80.0,27.0,107.0
166.0,77.0,28.0,106.0
166.0,76.0,27.0,106.0
166.0,76.0,27.0,107.0
165.0,77.0,26.0,107.0
164.0,76.0,26.0,107.0
162.0,76.0,27.0,106.0
161.0,78.0,27.0,106.0
158.0,78.0,27.0,105.0
155.0,79.0,28.0,104.0
154.0,81.0,29.0,102.0
152.0,81.0,28.0,102.0
150.0,81.0,27.0,102.0
147.0,79.0,27.0,102.0
145.0,78.0,27.0,103.0
138.0,76.0,27.0,103.0
142.0,73.0,26.0,104.0
140.0,74.0,25.0,105.0
138.0,74.0,25.0,105.0
137.0,74.0,25.0,105.0
131.0,71.0,25.0,105.0
132.0,74.0,25.0,106.0
132.0,74.0,25.0,106.0
127.0,70.0,26.0,106.0
129.0,73.0,26.0,105.0
129.0,74.0,26.0,104.0
129.0,75.0,26.0,103.0
130.0,75.0,25.0,105.0
131.0,78.0,25.0,105.0
132.0,85.0,24.0,105.0
137.0,86.0,25.0,105.0
137.0,96.0,25.0,104.0
138.0,100.0,26.0,103.0
142.0,104.0,25.0,104.0
152.0,107.0,24.0,105.0
152.0,108.0,25.0,104.0
153.0,109.0,25.0,103.0
153.0,109.0,25.0,102.0
153.0,105.0,25.0,102.0
152.0,99.0,25.0,102.0
151.0,98.0,25.0,102.0
151.0,95.0,25.0,101.0
151.0,88.0,25.0,101.0
151.0,87.0,25.0,101.0
150.0,84.0,26.0,99.0
150.0,83.0,26.0,98.0
149.0,81.0,26.0,98.0
149.0,81.0,27.0,97.0
148.0,79.0,26.0,97.0
147.0,78.0,26.0,97.0
138.0,81.0,26.0,97.0
136.0,78.0,25.0,99.0
128.0,73.0,25.0,99.0
123.0,68.0,24.0,101.0
117.0,62.0,24.0,103.0
119.0,56.0,24.0,103.0
136.0,47.0,25.0,104.0
154.0,44.0,24.0,105.0
179.0,38.0,25.0,105.0
212.0,34.0,24.0,107.0
245.0,29.0,24.0,108.0
237.0,29.0,24.0,109.0
229.0,31.0,26.0,108.0
239.0,31.0,25.0,110.0
255.0,30.0,25.0,111.0
255.0,34.0,26.0,112.0
255.0,35.0,26.0,113.0
254.0,37.0,26.0,114.0
244.0,37.0,27.0,114.0
242.0,52.0,27.0,115.0
242.0,53.0,27.0,116.0
243.0,60.0,27.0,118.0
242.0,74.0,27.0,118.0
231.0,88.0,28.0,119.0
212.0,93.0,27.0,121.0
203.0,98.0,26.0,124.0
195.0,99.0,27.0,125.0
193.0,101.0,27.0,126.0
185.0,98.0,28.0,127.0
183.0,97.0,28.0,128.0
183.0,93.0,27.0,130.0
185.0,90.0,28.0,131.0
186.0,86.0,29.0,132.0
189.0,82.0,29.0,133.0
199.0,78.0,29.0,135.0
199.0,80.0,29.0,136.0
199.0,81.0,30.0,137.0
198.0,81.0,31.0,137.0
197.0,86.0,30.0,140.0
195.0,91.0,31.0,141.0
186.0,97.0,31.0,141.0
187.0,99.0,32.0,141.0
185.0,101.0,34.0,139.0
