1
151.4654,72.1493,45.0927,60.0313
151.5064,71.859,45.0108,59.0474
151.6086,72.2522,44.8065,58.261
151.4628,71.8019,43.5656,59.1616
150.945,71.7826,43.0748,59.2002
150.3354,72.5124,44.2942,57.7406
148.4298,72.9156,48.1053,53.9017
146.8352,73.5662,51.2946,51.0829
145.8346,73.8652,53.2956,48.9616
147.3633,70.4609,53.2793,48.1679
147.8974,70.9528,55.2259,45.6766
151.0014,67.2171,56.5021,44.1669
153.9346,64.3496,55.1103,45.4273
158.4827,58.5007,53.4692,48.1791
160.3824,55.5991,51.1803,52.4718
166.9717,52.9664,48.8069,56.1935
169.4512,52.1763,46.9771,59.3384
175.8136,55.0167,45.3414,61.5783
185.7705,53.1027,47.7162,59.038
189.4277,50.0992,48.3586,57.0881
193.4983,56.6397,46.5032,58.1501
200.4941,66.6621,44.9769,59.9197
205.3573,71.4741,44.615,61.2209
207.2039,73.3779,44.0712,62.1375
213.6636,72.8122,43.7907,63.2688
219.1171,72.1805,44.0306,64.5323
220.2405,77.7421,45.015,63.1024
221.9294,80.4199,46.4671,60.9667
223.6292,79.9085,47.8704,58.7877
224.8367,85.9255,48.6352,57.8836
226.3857,91.4975,48.7137,57.8571
227.8407,93.2246,48.9819,57.5811
226.8339,98.625,49.4064,56.3145
224.6498,101.8918,49.0465,54.5092
220.0686,104.4761,48.9561,52.4248
216.8492,103.9925,49.3633,50.376
212.1635,86.0655,46.8791,52.1451
202.3285,85.6391,45.9582,52.998
194.7423,80.4847,44.9662,53.0203
179.0038,80.7425,47.3621,52.5047
173.4986,82.0873,49.4682,52.7831
168.7599,87.2958,49.8157,54.5394
151.6227,69.1896,51.4404,51.8829
147.4604,62.4362,52.0734,50.0065
134.5647,57.4034,53.5719,47.9256
127.2454,52.3538,54.6381,45.9606
117.3173,48.3045,53.5991,45.1041
110.8241,44.6694,51.9586,45.0608
102.4239,41.7474,50.0793,45.1571
95.576,41.6676,48.2695,45.3168
86.7283,39.7066,46.5856,45.086
82.7497,38.5699,45.0616,44.6506
77.517,39.1788,43.6127,44.7566
72.8467,40.5603,42.5301,44.5993
67.8123,40.8865,42.3312,43.947
62.9495,38.085,43.1669,41.93
58.6766,35.9161,42.9561,41.2639
52.7355,37.3648,42.4684,42.0777
44.2074,43.6025,43.3729,40.7842
39.6314,49.0939,43.8747,40.923
37.6849,53.8093,44.0304,41.4582
39.9504,56.7491,44.5265,41.8623
50.4767,53.9496,43.8082,42.3776
68.4952,59.0568,44.5442,42.3076
93.1759,74.3276,43.7591,45.0024
108.1012,64.6013,44.0174,44.8187
126.8975,75.7024,41.8002,47.5105
132.4056,66.8852,43.9617,45.3786
154.9955,70.8823,42.2829,46.6119
162.7578,70.6373,45.1164,44.4793
178.2016,72.0725,45.9552,44.2527
186.8297,72.8281,46.0066,44.0728
199.7271,79.6484,44.1384,46.3834
211.2245,82.3772,41.197,50.2841
214.3797,82.8109,38.9405,53.4706
214.1025,81.3667,38.131,54.995
209.4357,66.5876,37.8468,55.7001
212.5623,80.336,37.1138,57.1831
208.6137,68.0362,38.0592,56.7571
209.4826,68.6891,37.721,58.2504
209.0871,68.8698,38.5119,57.8888
192.4761,72.1082,43.2525,54.2602
193.7615,64.2927,46.4651,51.0955
168.5809,74.9617,47.6026,52.9214
157.1245,68.3524,49.5941,54.1849
146.2226,65.1872,51.304,54.3327
139.7759,58.648,53.1727,53.2365
132.8105,41.9799,52.8214,54.835
121.6038,45.2785,51.1341,57.878
114.7861,42.4941,50.1183,60.1911
108.4172,39.5884,49.674,62.7069
105.0089,37.8072,48.093,64.5898
105.0782,36.6246,47.9545,65.2722
105.9739,37.5973,47.8541,66.7088
112.8826,39.8552,47.727,67.3268
120.4547,35.2794,48.0505,66.1667
134.7743,37.2599,48.4173,63.9119
149.0544,68.0969,46.7008,65.9916
157.9134,65.9476,45.7979,66.9271
178.7847,54.86,47.7589,63.8886
195.1022,57.5596,50.1242,60.1561
192.482,73.0004,48.7754,62.2207
214.0999,73.964,45.3204,65.2659
216.0054,74.8551,43.1572,66.7794
220.1573,78.928,43.0287,65.1739
223.94,91.2729,43.5071,64.615
226.8794,98.1592,44.0609,62.0997
226.7546,99.3543,44.3106,59.7095
230.8059,101.8546,43.9415,57.8023
230.7755,103.5507,44.0021,55.9216
232.9254,105.91,44.153,54.1701
233.0958,108.7103,43.8123,52.946
233.1346,115.1249,45.1691,50.1583
238.0838,121.4171,49.3964,46.0493
235.0337,125.0982,52.6698,42.9274
225.1176,129.4571,51.3071,42.6873
223.0294,129.429,49.9302,42.7436
221.9051,126.8203,49.4426,42.4882
226.8997,121.9286,48.9494,41.4187
224.4909,114.7718,47.1089,42.416
220.4812,108.2494,45.8908,43.5841
216.5261,85.9574,44.5636,44.62
205.4548,83.8069,45.6571,43.6586
179.5774,93.2447,46.0406,44.5412
161.7939,86.374,45.5009,46.2471
157.7863,80.1075,45.3797,47.9317
157.514,73.3086,43.1628,50.4827
146.5621,71.6879,45.6652,48.1809
140.2203,64.4294,45.8456,50.1946
133.8839,62.0668,45.7039,53.4959
124.9479,58.3919,45.8974,56.4261
115.9386,53.6947,45.6544,58.2115
106.8342,55.718,43.7724,60.3468
100.3416,56.0827,44.3761,58.0697
93.9858,60.8631,46.4293,54.5995
91.9339,62.9459,47.5293,51.9358
92.1299,65.3104,50.0928,48.6845
96.9676,68.1923,50.6824,47.32
104.6247,71.411,48.4515,49.6048
114.1901,70.9434,46.7863,51.9955
125.0352,79.1768,45.6335,54.599
131.2745,83.0883,45.0688,57.2007
148.4772,73.419,45.6334,55.2533
161.8681,73.1046,44.3413,55.8822
189.4233,88.3619,44.3012,56.6235
215.6338,111.3624,47.3496,54.0985
226.9646,111.9645,47.3198,52.8943
227.5188,117.352,47.7009,51.0562
228.171,119.7446,47.8632,49.2043
228.4571,123.0379,47.291,48.3773
229.6736,124.7157,47.6936,46.4395
238.128,123.7446,51.6841,42.8085
238.0137,125.9775,54.7047,39.7388
239.2723,129.0114,56.3607,37.8442
241.6898,129.0527,55.678,37.7616
237.5499,131.3379,55.7227,37.3087
239.1104,130.5039,56.6983,36.2457
241.483,127.9219,56.0392,35.9617
234.8541,124.7297,57.1701,35.6089
214.7165,116.4093,55.3427,37.3101
204.3045,109.1055,51.6885,41.0385
189.1461,114.6006,50.5622,42.3519
188.9468,102.488,48.2179,46.0051
181.7784,80.541,48.61,45.2758
176.9729,69.2255,48.499,44.2963
167.8934,59.3851,47.4587,43.4067
168.3805,55.0129,46.4846,42.764
171.0228,50.2346,45.1469,41.7956
174.8924,46.5315,43.8046,41.5253
179.1401,44.5401,42.8353,41.7451
185.1033,44.2067,42.0943,41.1691
192.976,44.9874,41.0143,40.8297
203.801,49.2413,39.7627,40.7213
214.3494,54.2724,38.7034,40.0886
224.3128,58.9124,39.5141,38.8731
233.6633,63.6898,40.2843,37.3358
238.8486,70.8092,41.2396,36.6882
244.3938,75.8976,41.5172,35.6059
244.3255,77.4605,41.6539,34.7269
242.9937,77.9182,42.095,33.8116
247.1939,77.4658,41.4145,33.6135
243.1766,73.0192,40.7351,33.7925
237.9577,69.8632,40.3538,33.6132
233.3953,65.7447,39.8201,33.2648
228.7761,62.676,39.5244,33.0462
224.5464,62.0043,38.5224,33.3384
219.9171,59.2215,37.3733,33.7001
215.1469,58.3054,35.5937,34.5032
205.8153,52.7603,34.9791,34.4324
195.2419,51.3866,35.0426,34.1681
183.8426,50.6809,34.8248,34.5788
172.8706,50.0644,34.6829,34.8077
158.5346,49.0058,35.2044,34.9144
146.6484,47.1156,35.628,34.634
135.7829,47.3809,35.9967,34.1033
126.1465,46.4674,35.9955,33.9016
115.0614,45.6749,35.9204,33.4643
105.722,44.9139,35.5433,32.9804
95.6163,44.9554,34.9788,32.8973
87.5499,43.4235,34.4634,33.0233
78.0378,43.8354,34.02,33.1729
71.4624,44.9753,33.606,33.7999
67.5822,45.7378,33.5861,34.2199
63.1258,49.3684,33.6885,34.7901
60.2241,54.4461,34.5439,34.5308
61.0028,59.3652,34.9841,34.6804
63.1491,64.9713,35.7315,34.5564
71.5592,72.7506,35.1929,34.2617
79.9827,81.2102,34.4186,34.4199
85.3409,92.7748,35.6429,33.1821
92.1664,98.664,35.9097,33.3332
92.3766,119.9426,38.4913,31.8031
106.4176,123.276,39.8497,30.2122
108.8346,131.4141,41.0721,30.0863
99.2784,143.7581,41.7233,30.0133
99.4735,142.6835,42.3672,30.0942
98.6221,140.3449,43.0248,30.591
96.038,140.3423,45.0033,30.5962
95.7256,136.5813,46.721,30.4685
97.4907,134.856,47.6553,30.5707
100.7159,134.3451,49.1267,30.4608
104.3003,134.1712,50.0184,30.8086
107.9646,133.1309,49.7136,31.7186
112.7314,134.73,47.2699,34.4288
116.0369,128.5069,44.2317,37.3469
116.5587,130.7307,43.1883,38.8656
116.5286,130.5265,44.4504,38.072
116.0301,132.0394,44.239,39.8798
115.6789,130.8915,46.1759,39.7067
115.6052,126.4172,47.5848,41.0868
118.3512,120.4756,47.3144,45.1376
118.873,112.1452,47.6372,48.1327
121.6789,110.6568,47.703,51.1095
121.7666,109.0431,48.9951,51.4018
125.3984,108.2382,50.686,51.5192
124.4097,104.295,54.1842,50.281
126.0152,105.4441,57.1947,47.9828
128.2867,104.3871,58.9097,46.9679
131.4544,101.9062,57.2964,48.7815
137.5626,96.1995,54.5543,52.2998
144.1033,92.8244,51.0339,55.8629
149.2338,89.7495,48.7467,58.8233
153.563,88.0918,48.1111,60.534
155.0139,87.4111,48.4511,60.2746
155.5347,87.2452,49.0317,58.9842
156.5174,86.9828,48.678,59.509
153.4493,85.2468,49.9719,58.1386
148.2543,81.3674,49.0673,61.0568
142.7644,76.9193,48.5371,63.3759
135.8739,75.5528,48.9465,64.4376
128.736,73.6948,47.9731,64.7647
121.2392,72.3308,47.8145,64.1255
113.3914,71.5074,48.4692,62.4299
105.5956,71.8977,50.8143,58.3377
99.0049,73.6972,52.5855,54.7387
95.5796,75.1155,54.6316,51.9021
93.9561,76.1784,56.2904,49.7764
93.4385,76.7555,57.3257,48.6222
93.8347,78.0569,58.1102,47.5964
94.4478,79.0409,58.4561,47.2005
96.0853,79.9537,58.3229,46.9458
99.1288,79.8472,56.9303,48.7235
101.064,80.14,56.2047,49.7103
102.3467,78.6534,55.2168,51.1063
103.5586,78.0744,54.3776,52.2642
105.1867,77.2375,54.3017,52.3479
