1
1101.8073,617.8031,41.0448,54.1151
1100.5853,608.5598,41.281,54.2244
1066.8952,608.1726,41.6637,55.8098
1064.6959,621.6497,44.5351,52.8793
2
0
0
0
0
1
882.549,608.7824,58.823,43.555
870.2508,604.1014,56.3465,47.6996
856.6387,592.8787,55.3147,50.053
846.0835,581.2491,55.2311,51.5616
840.2558,576.7418,54.1584,52.1618
829.8744,569.8309,52.0081,53.4622
822.0751,570.7881,53.5676,52.6018
814.2744,565.7885,53.5558,53.1592
804.528,564.5163,52.8601,52.0379
799.0727,561.6151,52.277,52.5062
792.6261,558.6279,53.2421,53.0195
784.656,558.5594,55.9075,51.2579
782.0944,561.0788,59.6314,48.9003
783.8582,562.3068,64.5039,45.3572
785.8067,564.5662,68.7913,40.3841
787.5457,565.6816,70.7143,38.7462
784.6012,563.0505,64.1698,43.7434
793.197,545.1345,60.33,45.531
796.4212,531.3077,56.9522,46.5876
794.7868,522.3633,53.8587,49.8231
795.679,512.6228,51.1383,55.4768
797.5308,497.8503,49.1819,57.1339
797.26,491.2162,47.661,57.2281
792.6722,489.1567,46.5003,56.3703
784.4661,488.2667,46.7926,54.8539
776.3129,486.0808,46.7424,52.7119
767.6683,487.0229,46.7751,49.5193
758.1015,486.5307,47.5168,46.208
743.9638,485.3472,47.7331,43.6782
731.9874,478.7079,47.5934,41.5229
716.6922,472.0045,46.6841,41.1313
698.6038,472.7261,48.7995,37.246
676.1383,468.4754,49.4283,34.7638
654.9621,467.9707,49.7543,33.0372
631.1837,462.958,48.287,32.4292
611.645,458.5472,47.7255,31.949
587.5441,454.0241,47.4677,31.7689
559.2125,454.2638,46.5967,30.79
531.4116,453.2517,46.185,29.936
504.6058,448.9525,46.0664,29.6166
473.3264,448.1725,46.7746,29.3292
441.9917,443.9326,47.4211,29.8345
406.2459,443.6582,46.9368,29.8997
374.2223,443.4632,46.0277,29.5756
334.202,442.9455,45.638,29.7366
298.5617,443.1189,45.4033,29.5699
255.5283,443.0333,45.0553,29.8741
210.8208,441.9475,42.6652,32.1306
174.9213,439.7635,41.3559,34.5617
2
0
0
