1
162.3951,64.2516,51.2772,174.4555
160.0831,59.8631,53.9324,176.6361
162.8965,59.0771,59.1636,175.8756
163.3148,58.7617,62.0528,175.4105
162.7723,59.3956,63.7468,174.7186
162.3039,60.3001,63.8927,172.7664
162.9566,60.7962,64.6649,171.0773
161.6971,58.8297,61.6958,173.1657
162.7525,60.2648,60.133,172.7085
160.3626,58.9007,57.4723,172.1837
159.9625,60.5723,55.1537,172.0659
157.0504,59.4495,53.923,170.856
156.9234,60.1883,52.8147,170.5247
153.9817,58.9501,51.8989,168.9875
153.7662,58.8212,51.7387,168.4167
149.3199,58.5715,51.0167,166.3689
149.4705,58.2921,50.361,166.2459
148.087,55.9103,50.023,167.1101
148.1591,54.9988,49.8859,167.9651
146.0326,55.0682,50.448,167.62
145.1263,55.3834,50.5715,167.4655
146.3447,57.0933,51.4224,165.987
146.6748,58.0815,51.8562,165.2464
147.9928,59.3132,53.5636,164.0647
148.2167,59.3012,55.5965,163.6368
148.04,60.3688,57.3415,162.5679
147.4744,60.2514,58.816,161.7367
143.7093,63.2929,56.3748,158.9593
145.9835,65.1611,54.5518,157.0599
144.1913,65.6817,52.276,154.9302
145.6543,64.6299,50.9963,155.0206
144.9017,66.4536,50.6042,153.8707
144.579,66.0119,50.2126,152.7262
141.3357,67.3076,51.6211,150.578
141.0111,67.8013,52.446,150.1311
138.0667,67.8721,55.0642,149.0263
137.4065,68.2943,56.6651,148.3336
132.631,69.28,58.4422,146.553
132.9147,68.3386,60.8467,145.7641
129.5942,70.6117,62.7407,143.1082
128.8325,71.118,64.0851,141.259
129.43,70.9428,65.0955,140.7295
129.1456,71.4279,65.8711,140.1913
131.6822,72.6866,64.4906,139.5348
131.5151,73.1122,63.456,139.3827
132.6578,75.7273,61.6818,139.614
133.404,75.8368,60.6422,140.046
138.1724,75.7086,57.198,141.7107
140.3672,75.272,55.3251,143.0809
142.8834,73.5659,55.2248,142.9528
143.4745,74.2523,55.3241,142.23
146.7389,73.8686,57.4048,142.206
143.9624,73.7753,60.008,141.8124
146.8535,72.9975,61.4685,143.4098
147.0629,71.8666,63.0016,145.5002
149.1267,73.5519,65.8421,145.8641
149.1868,73.9257,67.2087,147.4177
150.8252,71.7625,69.0976,148.9422
151.4152,71.6689,70.5152,150.9612
154.641,71.1068,72.1651,152.718
155.3947,71.8747,73.275,153.982
157.9254,70.7282,75.1524,156.1376
159.4342,70.2962,76.2626,157.1646
160.0266,70.0048,78.24,157.2101
159.6148,70.1413,79.7817,157.7629
161.3796,70.6024,80.5919,157.5277
162.8845,71.2455,80.567,157.9204
166.5724,70.4009,80.4078,159.061
168.5608,71.3633,80.5203,159.9912
170.2202,67.6355,82.2085,161.3106
172.5618,70.1268,81.8988,164.044
175.0788,68.5562,83.8151,166.4018
174.9081,68.3035,85.5657,168.1683
180.8899,67.7632,85.2888,168.3904
182.6552,67.6156,84.9943,169.0453
193.2324,66.8242,82.8482,170.1569
192.6273,66.2581,82.3218,171.301
202.4389,64.4916,80.5406,171.4531
204.5782,62.8795,78.8863,172.6848
209.9829,60.9031,76.5543,174.6017
210.8289,58.6892,75.8788,175.8171
213.8869,57.0133,75.6006,177.3443
213.6138,58.7127,74.9691,178.1577
214.4763,55.4479,71.8325,180.6567
215.8201,51.8897,70.0914,181.9573
217.2633,48.5839,68.044,184.0099
215.8332,47.3327,66.7116,184.8699
216.2997,47.6159,66.5018,184.085
216.8108,46.9259,66.4054,183.5262
217.1094,51.3085,65.6472,182.1203
216.6692,52.4668,65.0479,182.0495
212.0289,57.6864,67.6534,178.6118
211.1493,59.799,68.1481,177.1299
209.1618,66.7773,69.8755,172.9859
208.2967,67.7621,70.3219,171.23
202.946,72.7898,74.6305,167.1288
201.5244,76.4489,77.2501,163.094
196.3735,81.4221,79.5813,158.1466
191.1087,83.7802,82.5006,154.6999
183.1745,92.4133,88.6408,146.9641
177.3225,95.0291,93.1539,142.4735
187.5342,95.1415,93.3282,139.7109
184.3494,97.5309,91.8633,137.4993
181.5616,102.0253,91.2913,134.9503
182.9807,104.8045,91.4311,131.9992
183.4516,104.6683,91.175,129.397
183.5241,106.9312,90.5289,127.7674
185.4242,106.9651,90.2829,126.4376
187.1793,107.0571,89.1296,125.2701
186.5861,107.539,87.603,123.5377
188.9998,103.9228,85.8856,123.9849
191.626,102.8761,84.3435,125.5969
192.723,102.0361,85.4488,125.2082
195.926,101.1427,85.9006,123.7365
203.6054,95.9269,81.581,128.9948
207.9647,93.8619,83.0393,128.6158
207.6091,92.5468,84.3621,129.4803
207.0125,90.0024,83.83,129.1475
202.1057,90.1379,84.7408,128.1221
194.932,87.9779,84.771,129.4987
184.8024,86.6021,86.3179,126.0718
166.627,77.3243,85.1972,125.6359
161.9206,65.761,78.8974,131.9608
156.7251,53.4373,73.5303,137.1217
155.881,40.8353,71.3536,139.0087
153.8854,32.1618,72.0658,139.34
153.0897,28.804,72.2692,139.1114
151.9256,32.0607,71.6483,140.085
148.0512,28.7843,70.3455,140.1953
143.4774,25.2275,70.9897,140.8962
144.5573,21.5515,69.7323,142.7783
144.3909,17.591,70.0746,143.1702
145.5573,18.6187,70.0882,145.0436
148.0089,25.6356,66.6613,144.845
151.4143,25.604,65.3387,143.9719
157.5831,27.3057,64.1157,144.9681
164.8891,29.7629,60.0012,147.3696
171.1561,36.6728,60.7652,146.8499
176.2126,44.378,61.9212,146.0777
181.4406,54.3416,61.1582,142.8453
188.9674,67.2622,60.7679,139.9807
197.5939,73.7307,61.9812,139.1124
206.1945,78.7483,61.1874,140.3338
213.8653,78.3762,60.4582,140.7277
220.5815,83.3506,61.0364,139.5028
224.5205,83.179,62.5922,138.6644
227.4332,83.4145,65.0056,137.3599
230.7538,84.7111,66.0771,135.4747
234.7541,85.8584,65.4947,133.8825
239.9758,86.1359,66.5071,130.3209
243.5814,87.2914,67.569,128.482
247.2333,88.2477,68.7533,127.1877
246.8765,87.2237,69.1072,126.1679
244.8484,86.1405,68.5578,126.3068
242.4511,85.595,67.3335,127.1495
241.4346,84.0157,65.9354,128.477
240.6689,84.1369,64.38,129.7745
241.0021,84.2795,64.2132,130.0493
240.7419,85.0217,64.0252,130.5638
239.8992,85.1773,64.0466,131.6675
237.6138,83.7148,64.985,130.8244
236.6245,83.123,66.544,130.3816
233.2322,83.4857,68.3009,130.0892
230.2362,82.033,69.0189,130.9068
226.7305,80.6982,67.8922,133.2256
219.7511,75.9998,67.2421,136.0738
212.6306,73.7221,66.5296,139.3478
206.9035,71.0024,66.6689,143.9718
199.0644,68.6815,68.4276,148.0945
190.4393,66.7191,70.306,151.0621
183.8003,65.7918,70.5073,154.8342
181.3684,62.6733,69.2027,158.8142
180.1989,62.278,67.715,161.028
178.1063,64.5148,66.8839,161.959
177.7879,64.5072,65.3613,163.7725
176.0207,66.1089,66.3368,162.4611
173.6554,70.2476,66.3468,160.382
173.4444,72.4196,68.2422,159.6895
173.1307,74.5304,69.9262,158.4574
172.8497,78.9391,72.6852,155.726
170.6901,81.5567,75.3892,153.5283
169.3758,86.1395,77.242,152.1802
167.8432,90.0928,78.8317,150.6348
166.445,92.8548,79.4096,149.6878
166.3248,94.0499,80.056,148.5066
164.7571,95.1145,80.9175,147.3596
158.2739,97.5449,86.1999,143.2676
167.8407,96.7014,87.5391,142.1185
176.9903,95.3457,87.918,141.3631
183.8814,94.8497,88.5719,140.9009
174.5072,96.065,95.4535,134.088
166.1819,103.7414,100.6365,132.2439
171.202,104.3186,99.8307,133.1864
173.3777,100.0842,101.2648,132.3613
176.0134,99.6617,98.1871,135.2251
178.0608,96.9213,97.9212,134.3455
179.4829,95.9308,96.5893,134.6397
180.5498,95.423,96.4776,134.7489
179.9096,94.9116,95.5235,134.2364
179.1931,96.0741,95.7466,133.8714
178.87,96.9798,96.0586,133.3491
178.9488,96.0525,96.7197,133.8617
181.9326,95.4211,99.0209,134.5347
182.0716,97.0084,100.9284,134.9015
182.4017,95.3792,104.6779,135.6344
181.439,94.8475,107.3801,136.3083
181.5627,95.5642,112.2579,137.8269
179.8758,96.0607,118.2492,139.4699
180.4277,97.493,123.5105,140.8383
181.075,95.9155,127.0492,143.7262
182.1959,92.5933,130.0558,146.5781
180.3309,93.2977,132.8659,147.647
179.9052,90.7635,133.965,148.7115
182.8278,85.8871,132.9776,151.5484
185.7742,86.2666,131.9036,152.4757
190.7668,81.9119,129.0917,154.6278
193.7288,79.9536,126.6623,154.7529
196.9041,76.2462,120.7243,154.8653
197.1501,75.0219,115.4598,154.7818
198.1767,73.7119,110.1549,154.1166
198.1374,72.3372,106.6676,151.2068
197.9693,71.9352,104.204,148.2951
203.1422,64.0155,90.7941,157.9078
207.1113,61.6242,81.7237,161.5267
211.3283,62.8104,74.8508,162.5412
216.2866,62.8482,70.5984,162.6505
221.3983,67.0078,68.1865,160.5785
225.3434,67.7639,66.9954,159.8143
229.3717,70.2955,65.4687,159.7324
229.2484,67.3263,67.2136,158.8915
227.5348,65.9997,67.752,158.1252
224.9782,68.2343,68.3911,156.8575
225.0551,70.0903,68.8527,154.5931
225.1041,71.7954,69.8668,152.4267
225.7787,73.0751,71.872,150.1397
223.5948,74.1015,74.6764,147.8455
212.9846,74.9365,75.3745,145.6781
226.2688,79.9193,77.627,143.3454
227.1447,83.0265,80.8696,140.1432
224.5076,87.8583,83.8344,136.6762
223.5676,90.3293,84.9606,134.8144
220.7032,90.3311,85.6891,134.391
220.2371,91.8807,84.4135,134.6513
219.1065,91.8859,85.0189,135.9248
214.7673,90.8048,85.9062,137.5458
212.7595,89.7843,86.7164,140.2941
212.2209,88.6283,89.6415,141.9759
211.4173,91.6026,93.0678,142.3467
210.1332,92.985,94.907,142.6702
205.8098,93.0942,96.5097,143.528
205.4256,90.2376,96.1744,144.9295
202.3832,88.2016,95.466,146.3467
198.5505,87.3062,94.4678,147.7329
199.7601,84.4188,93.7316,148.0084
197.5215,83.4217,93.2008,147.9343
197.5339,85.1126,91.6733,148.1813
195.1873,81.5411,88.8034,150.3056
193.3029,79.3413,86.7334,151.6625
195.1579,74.9935,83.5617,154.5681
194.2017,72.9243,80.6043,157.3254
194.1159,69.1775,77.7637,159.5706
189.7973,65.277,77.2427,160.2412
187.7771,64.6087,76.5285,160.7367
185.9206,64.4636,75.7722,160.1836
186.3268,65.2226,74.2501,161.4938
188.9493,64.5683,72.6543,164.1542
189.0527,63.7004,72.6422,165.4436
189.797,61.6296,71.0201,167.2105
191.8584,60.938,71.3091,167.1183
193.5453,61.6219,71.2502,166.7781
192.2243,62.5877,74.7248,163.8677
194.1961,63.8134,74.6087,162.6907
194.6982,66.0838,72.3975,162.5306
193.9929,71.6667,72.5166,161.4703
194.8408,75.2663,73.553,159.5288
195.3153,76.8013,73.6325,159.5525
191.8588,80.0972,73.7189,158.1175
193.2747,82.8251,73.2399,155.102
193.7611,84.8996,74.6695,152.1554
196.1576,84.6947,77.0972,149.1574
197.6762,88.8156,77.429,148.1011
198.1177,89.6593,77.7878,145.8312
198.4038,90.8524,77.074,145.0338
197.8906,92.6162,75.615,145.2801
195.6162,89.265,77.0004,145.9609
197.1449,91.045,77.292,145.8254
196.7392,89.649,78.5597,146.4837
199.0412,87.5357,80.1503,147.0383
197.4268,86.8968,82.8054,147.4067
195.6747,85.5695,84.0097,146.7882
196.4293,84.6777,85.4895,146.3739
197.6347,86.9956,87.8495,144.0222
199.7319,87.8291,88.2734,143.6717
199.6571,84.2946,89.0513,146.304
200.8988,80.6545,89.6401,148.7668
201.4651,80.6862,89.9069,150.0279
202.5119,77.6329,88.3477,152.4886
200.4697,76.3655,87.188,154.6209
199.7524,73.4387,85.5131,155.7555
201.4774,70.4414,83.5201,156.9309
200.9088,68.1971,82.0993,158.652
204.2229,65.5731,76.9173,163.2279
206.7301,61.9332,73.7896,166.7573
206.9177,58.6207,71.7014,169.1155
209.3252,58.8453,68.9841,170.2951
208.5449,59.8049,67.8286,170.8616
208.0175,56.9099,67.0536,173.4184
208.9316,55.2127,66.77,173.3728
208.4504,56.2957,64.7076,172.6215
206.4101,55.7414,63.795,171.3647
206.3915,53.886,62.8574,171.0714
204.1826,53.9325,63.1947,171.1933
205.5097,53.1634,62.4508,171.4943
206.9505,52.8718,63.3252,170.6509
207.7973,51.1063,63.4826,171.4043
207.744,53.0908,64.8655,171.4916
208.6258,53.5437,65.4875,170.8955
209.8699,54.1239,65.1089,170.9419
207.8725,54.6025,66.0268,170.7329
209.9718,57.67,64.9214,172.3936
209.5615,59.088,65.1841,172.0892
209.995,60.1655,65.4714,172.5467
209.757,59.2804,65.6613,173.5646
205.0713,60.6042,67.5642,171.916
205.7463,62.4326,68.2813,171.1266
207.9227,62.7823,68.1605,170.7822
206.5116,65.1491,67.7207,171.2773
206.5342,65.5003,69.1012,170.7859
204.1914,66.4859,72.2369,169.2894
205.1386,69.7941,74.9262,168.7831
205.3252,72.4747,78.3953,168.0776
204.263,73.5102,81.4798,167.776
199.7436,74.0209,83.1187,168.1716
200.4094,73.136,83.3352,168.2844
199.7593,71.3462,83.7362,168.5079
199.5638,75.2254,83.8964,168.5115
198.6169,75.1439,84.6763,168.1271
200.2123,75.688,84.1133,166.9508
204.7711,77.128,82.9035,165.5998
206.4752,78.6517,82.8715,164.0942
210.0173,76.9073,83.9742,163.5876
213.0638,70.8949,84.952,165.8014
218.7336,68.9268,86.2484,167.8154
223.2058,67.1898,87.9813,169.9421
227.9232,63.4741,89.5398,172.7932
232.2345,59.1932,89.5621,175.3361
234.6527,55.0162,89.4737,177.3535
240.3071,53.0656,88.9625,178.5833
241.0837,53.5912,89.4418,178.7898
245.6852,54.5923,88.0275,179.8436
246.8432,55.86,86.4263,179.6649
247.891,52.796,84.665,181.9872
248.2871,51.1778,82.9455,183.489
248.8757,49.8639,82.2688,185.1923
252.581,48.2231,81.2738,186.735
257.1013,44.9852,80.0548,188.6868
264.2389,42.9778,80.7386,189.0788
264.4574,43.2675,80.072,191.8505
268.2433,38.2933,79.3851,195.101
269.7734,35.2758,79.0613,197.2811
269.2847,34.9129,80.118,199.3025
267.9575,34.4142,81.1456,200.3848
264.917,34.2406,81.9606,202.3988
260.6743,34.2135,81.9791,204.772
256.832,35.7132,82.2547,203.8355
253.2737,35.8476,81.3201,204.5713
247.6584,35.608,80.7734,204.9595
242.1,32.0401,81.3048,204.4722
235.3773,34.6548,82.0173,203.3026
229.7431,34.9929,82.3041,203.0959
224.2304,36.1543,83.1465,202.3828
218.5002,39.8026,86.0724,200.813
214.0561,42.0263,88.4413,199.1919
206.6423,45.9474,91.3146,197.1625
197.7679,47.7597,94.1632,195.6984
189.3344,48.576,96.5895,195.3943
180.9847,46.2099,97.0781,195.7129
174.7614,48.5701,99.0521,197.7482
170.1181,47.5931,98.8974,200.1941
164.0148,46.2695,100.7262,197.9143
161.0346,44.2529,102.9889,197.132
163.0263,46.4098,101.4872,197.6611
159.8546,46.4339,100.4587,196.6186
154.8909,48.1329,100.8216,193.3624
149.5248,52.3867,100.5673,189.0721
145.7867,53.0999,99.9247,187.4995
144.6555,55.046,104.324,181.6714
140.7653,54.7645,105.7212,178.287
141.1053,57.1701,106.8368,176.5817
140.9654,56.5669,105.161,177.0913
142.1002,55.2186,101.7193,178.4017
142.325,57.5663,100.4324,176.3031
141.8085,55.9493,95.6325,176.5214
144.5235,55.3941,91.2008,176.4383
149.2297,56.2507,87.1698,176.2261
151.7378,53.9085,83.6561,177.1601
153.5393,53.9743,79.3716,176.215
154.5842,57.2726,75.2087,174.0976
159.2198,60.5234,72.7602,170.6898
159.4926,60.1932,70.8881,169.1111
161.3183,59.2167,69.7369,167.1437
159.7377,61.0952,69.6349,164.3315
159.1967,59.347,68.8787,163.4886
157.0065,58.3015,69.8224,162.314
157.8939,56.5198,69.3542,163.6084
156.7058,54.9194,69.1526,164.3227
156.7421,50.8379,69.2225,166.534
156.4264,50.0553,70.2933,167.7368
155.1492,51.4434,71.6911,168.4086
154.5727,48.8527,71.6761,171.1202
155.1369,46.5207,72.3115,174.2615
154.3358,42.9835,73.1783,179.6897
151.7617,37.4793,75.7232,182.1583
153.9472,39.8411,76.9382,183.7399
155.8139,46.6628,77.7452,183.7807
153.1599,54.7802,76.9175,180.2188
155.9708,59.1962,74.788,178.5061
153.9277,63.3935,74.5718,175.5464
153.6632,72.0966,72.102,171.9767
156.6993,81.3481,72.2167,166.7651
158.546,83.9417,74.0,163.693
157.4277,91.2335,75.7794,159.2681
154.9082,92.1263,78.4482,156.4926
154.3591,95.4442,79.4658,154.2322
152.4493,96.4358,80.5487,151.7414
150.6279,97.4179,81.7549,149.9109
149.4684,97.8269,82.3139,149.1332
147.3873,97.7955,82.7629,149.3277
146.3895,98.3181,82.7052,149.4913
147.5131,97.6557,81.1448,149.1829
148.0448,99.145,80.8041,148.0705
147.5244,102.9557,79.6661,146.7844
149.636,100.6893,78.4547,146.2067
150.9434,101.3371,76.9426,146.5428
153.6762,102.2721,73.6469,146.0891
158.4936,100.1308,69.4774,147.2199
162.6508,94.3706,66.9202,150.1343
166.8031,90.8312,65.6592,150.8157
170.2808,87.8339,64.4155,151.1026
174.221,91.448,64.5279,147.935
180.2989,92.6583,64.3274,145.3845
188.8039,93.764,62.965,144.7284
190.8325,96.2428,62.9124,145.2015
190.0464,95.5646,64.054,144.87
188.7737,98.4345,66.7042,142.7817
191.3855,97.3538,67.5664,142.423
189.0546,95.5772,68.6426,141.886
190.9374,95.9676,69.1865,141.2212
194.4156,97.5801,69.1962,141.6536
196.3227,98.3197,69.3229,140.9856
199.8471,98.276,66.7179,140.5464
203.4,96.0883,62.9381,140.7362
211.214,96.035,59.6262,140.4528
216.9264,96.3017,58.15,139.8985
219.9081,96.8868,56.4848,139.7791
222.333,95.4163,55.8155,139.242
226.1953,92.7685,55.5925,140.4949
228.7482,90.1175,55.2537,141.6521
231.1812,86.6592,56.2407,142.0384
232.2848,83.0859,57.6869,141.5868
233.3238,81.3264,58.8978,141.5917
233.7647,80.3767,61.0245,141.606
232.8831,77.4837,60.8984,144.0888
231.349,76.7237,61.9725,144.2664
228.8651,77.4626,61.2656,144.1853
227.9983,77.1927,58.8536,144.9291
223.7583,75.8864,56.7744,144.8826
219.7508,77.149,56.2638,143.7138
216.2457,78.3846,56.2002,142.6194
212.2306,82.1187,55.8129,141.4461
207.8675,84.4068,55.9698,139.3197
203.871,88.8929,56.1464,136.2917
200.8028,92.5747,55.7187,133.3212
198.5568,95.7692,56.4449,129.7973
197.4963,97.9,56.4707,127.3578
197.8595,102.3244,55.6503,124.8574
196.5285,104.3096,56.233,121.3522
194.3495,106.696,56.5708,118.5384
193.2413,107.8783,57.6166,115.885
191.6458,109.5386,58.6181,113.3556
191.6928,108.8444,59.2287,112.5709
192.8166,109.1691,60.0648,110.9626
193.9491,107.9536,59.8254,110.6075
193.418,107.6041,59.9408,110.4586
192.0517,109.6681,60.294,110.0074
187.4881,109.6329,58.3594,108.9898
183.6759,110.8129,56.7661,109.3246
182.8251,109.2468,55.4486,109.9119
184.0219,111.4043,54.339,108.0715
186.1797,110.2451,53.4041,107.1922
187.5039,112.184,53.805,105.6197
186.2235,114.019,55.0303,106.0342
185.5273,111.8405,56.3179,107.0008
185.1473,112.3023,57.2642,107.654
184.3977,112.4603,57.6785,108.3602
183.9601,112.7753,57.4769,108.6259
184.9165,111.3526,57.2629,109.8029
184.2734,111.8483,57.8512,110.783
183.6405,112.9503,59.8124,109.7386
185.3518,114.5549,61.3653,108.0891
186.4743,118.8866,61.4573,106.2653
187.8082,121.2251,61.7342,103.9967
189.3797,121.4717,61.0668,102.6638
193.5453,123.729,60.4959,101.2845
194.6127,121.6845,61.943,100.6727
194.0506,124.0915,63.6682,99.4437
198.4729,122.6741,62.8382,100.3406
200.4462,122.4052,64.2656,99.9403
198.2156,119.3637,65.1634,100.4239
195.701,119.1195,65.7182,100.6299
195.5792,118.1081,66.2741,101.5424
192.7376,114.7079,67.452,103.0696
190.4044,111.9173,68.1125,104.1741
187.2868,109.4136,68.2172,105.3681
185.475,107.464,68.4137,106.3511
182.9375,105.7061,68.2729,107.2685
187.8418,101.4645,68.3174,107.6069
183.7819,100.0109,67.5249,108.3008
185.878,97.0892,68.9503,107.1639
179.9494,95.6395,69.7927,106.2639
185.6235,95.7127,72.1835,103.4976
184.2217,93.0347,73.5108,103.7336
190.7451,94.0169,76.0969,103.0831
186.3526,90.4291,75.7141,105.3956
182.4619,88.7601,74.5883,108.048
189.048,85.9269,73.5957,110.3705
191.0146,86.4162,72.5207,113.9755
192.5501,85.6564,71.3899,117.2249
196.6177,83.5271,70.5585,121.3085
199.8629,81.9986,71.6102,123.5015
201.9967,83.0392,72.8412,125.0883
205.7026,84.6169,72.7784,127.0884
208.1506,81.7224,73.9708,128.9503
218.8973,79.8803,75.3573,131.7405
220.8896,79.9015,76.4082,133.398
221.4939,79.3192,76.7801,134.3324
224.9422,79.1222,77.1033,134.0964
228.7735,78.5289,76.7838,135.1469
234.5117,78.1502,76.6001,136.4069
239.4899,75.4116,75.8241,136.8521
243.3356,72.3657,75.7817,137.0787
244.9574,70.9267,76.0394,136.8005
250.6225,71.263,77.0332,136.2053
253.9677,71.9528,76.4066,136.2524
257.233,70.4846,75.6872,136.8775
259.4024,69.9148,76.2244,136.3405
260.0862,69.3521,75.7861,135.6417
260.8579,68.7197,73.6418,135.2244
261.8198,70.5145,72.4973,134.692
265.1824,70.0338,69.7168,134.9557
266.6706,69.1249,68.1899,134.1988
268.5209,67.535,67.9489,133.4913
271.0214,63.4026,66.9613,136.4862
273.954,58.7772,65.092,141.1349
272.298,52.0098,65.5289,144.144
271.8703,53.2517,66.0447,145.1226
270.6926,50.79,65.1294,147.5412
269.5484,47.5528,64.5178,150.646
267.1841,39.0311,63.2066,155.9364
265.8975,37.8263,62.2381,159.8644
263.9294,37.821,61.5443,163.2396
261.0624,39.3221,62.1596,165.865
257.4146,41.8267,62.4254,166.8998
256.0451,45.9908,62.2677,167.3039
255.8286,52.6886,63.1201,165.8981
253.643,57.2681,64.4492,164.618
249.6439,58.1681,66.9492,163.6483
244.5395,56.4544,70.5921,162.6496
237.5356,52.6598,74.8786,162.6414
230.8586,52.3703,78.8143,162.0629
226.93,54.4912,81.674,163.9128
219.914,48.3344,83.7295,168.0675
214.0311,49.5484,83.9365,171.5796
206.8422,44.881,86.5241,175.4473
198.4471,40.8235,86.9917,180.6859
189.5592,40.6119,87.0597,187.6328
179.6063,36.7318,88.829,192.1087
168.8673,26.9536,89.5475,198.7221
158.1298,25.6395,90.5963,204.7254
143.5829,21.0572,88.3376,215.8919
132.858,10.5202,88.9409,220.3529
121.3809,12.8006,90.6341,225.8451
111.1178,14.5071,92.5203,229.6916
100.2822,15.3072,94.2087,232.2537
93.4323,13.5208,93.8038,237.0411
86.5654,12.0269,93.4833,244.7914
81.2974,13.2014,93.9151,248.9079
77.4271,12.8628,95.5915,251.2513
74.0436,23.7403,97.4397,254.9894
69.7983,22.9733,99.2645,254.46
68.0549,38.1378,106.5724,242.6827
58.8311,41.8917,111.7112,234.6105
56.2915,50.448,111.9576,228.9977
56.8723,49.6988,110.9022,228.1563
56.8289,55.4193,111.2749,224.9025
52.6272,60.5303,114.0718,220.0179
46.8684,66.1864,121.4499,210.5752
41.0443,74.61,125.482,204.2151
41.716,78.5488,127.1604,196.3149
52.7345,84.8812,126.6488,190.8438
49.1096,86.166,125.3054,186.353
57.4308,90.6663,122.4126,180.693
57.6338,92.5309,120.378,177.5304
55.8459,99.7035,120.3008,171.8945
56.6305,100.6163,119.3582,168.2979
59.8621,100.7877,119.7911,162.2005
58.3035,103.2214,118.9869,157.7618
61.2188,102.0674,121.5113,151.0063
64.5494,102.1812,122.5666,146.9856
70.0904,97.5043,122.0369,144.0678
73.0424,95.0949,120.3137,142.3347
79.7357,94.1264,116.1095,139.8153
82.697,95.0083,111.2395,138.3576
89.5222,90.0961,107.3262,135.6727
89.2886,91.9347,103.711,133.1403
88.9981,93.1689,101.8875,129.3367
90.3216,92.8413,99.815,126.6911
90.0954,93.3689,98.3275,125.2654
92.1837,93.89,97.2622,123.8887
93.5619,93.9443,97.0119,124.2922
93.9551,93.4335,96.0792,125.0026
94.789,93.2686,97.1952,123.6418
95.8027,92.6506,98.6162,122.8311
98.377,88.5513,99.145,123.0898
98.3846,88.0522,99.4868,122.46
102.9742,91.4296,96.6864,120.8868
105.293,90.6592,94.5113,120.2732
109.1839,91.6431,93.1503,118.2747
110.7053,91.9807,91.3103,117.2789
109.3612,90.1958,91.5708,116.5342
111.5142,93.0715,90.3365,115.6792
115.2122,92.6236,90.3845,116.415
115.37,93.3393,90.5439,116.3441
119.1206,92.4552,88.6316,116.7084
118.9297,92.576,87.6894,116.0328
128.5143,90.0832,84.6033,116.1468
130.5901,90.3879,82.3673,115.2265
134.5441,86.8992,81.0653,114.8189
136.7102,85.5727,79.66,113.9736
137.5242,86.2011,77.9207,115.1182
137.9608,85.5206,75.7565,115.3308
138.7841,84.7112,74.9747,115.3838
139.0161,85.7076,74.0041,115.619
144.2084,89.1603,74.8714,113.8893
144.0727,89.5612,75.7602,112.7416
150.1269,93.5297,76.3739,112.3508
152.2191,95.4382,76.7099,112.5119
150.6935,95.6691,79.1423,113.4032
149.8734,95.5078,80.9955,114.4858
149.745,94.855,84.2522,115.2743
148.3713,95.8041,87.7873,115.569
148.1483,96.1434,90.5951,116.6597
146.6197,95.7356,93.1089,117.9643
147.4379,92.4664,94.3912,119.7193
147.9896,91.8493,94.8434,121.427
150.1404,90.8376,95.8547,121.3784
150.0266,90.5329,96.3774,121.5675
149.4218,86.6213,93.5251,124.0249
151.3956,84.8068,91.5027,125.2028
157.5868,76.2141,87.1513,129.4791
