1
756.8564,243.9274,155.0158,96.4007
756.3611,244.9883,159.846,94.2789
755.4141,245.8505,165.6152,92.5545
755.9884,246.5135,168.3978,91.2284
754.8833,246.634,170.608,90.9875
755.9107,248.0984,172.5307,92.0361
756.2475,247.9977,175.8807,92.2375
757.9349,247.8844,176.5822,92.4641
760.5623,248.1209,179.5085,91.9911
761.5971,247.513,181.5639,93.2069
766.2653,247.2382,184.7562,93.7565
767.7199,246.8313,186.0795,94.5704
768.1568,246.2974,185.2057,95.6382
770.9071,245.9489,183.9768,96.3352
771.4622,245.5154,182.8665,97.2022
771.9453,242.7574,181.9002,98.4537
775.0244,242.3162,180.0138,99.3361
776.2508,239.8827,177.5611,99.9439
780.569,234.583,177.3918,102.0762
780.5439,233.1142,177.4421,105.0137
782.944,227.0808,176.9602,108.444
782.8292,226.1825,177.1896,110.2407
782.1747,223.6631,178.4987,110.8763
787.9406,221.3428,175.8333,111.0838
791.4182,220.8556,173.2751,112.0583
794.8433,218.2971,170.8002,112.8001
795.8557,215.7469,168.7752,113.5498
799.1753,215.5096,166.4689,114.0243
803.507,214.3791,162.1116,116.2854
807.4359,214.6403,158.5318,120.041
812.0859,212.5844,153.5173,124.1528
818.4918,212.5592,149.258,128.4795
822.3017,218.6689,145.9194,129.1028
826.2724,218.4887,142.2172,129.4633
830.1022,218.3032,138.7455,129.8342
831.3804,219.2931,136.1891,127.8545
832.0914,218.2513,134.767,125.8696
832.2464,217.1217,134.4571,124.1141
834.7904,217.7397,133.3511,122.878
835.7868,218.1461,131.3582,122.0652
838.6306,216.6311,129.5715,121.1943
839.6853,217.0724,127.4622,120.3116
844.7589,217.4883,124.9399,119.4798
845.5914,215.6637,123.2747,119.3691
846.6709,215.9014,121.1159,118.8937
848.2122,213.8502,118.0333,119.3053
851.9793,213.2713,114.1479,120.4631
853.306,212.6803,111.4946,121.6452
857.0466,211.7276,107.5959,123.5506
860.6893,210.8252,103.8606,125.3554
866.4888,210.2392,99.2981,126.5275
869.9091,206.6263,95.9203,126.8279
871.0311,202.4355,93.6762,124.9721
874.2683,200.9253,90.5494,124.645
875.3829,199.6711,88.3201,123.8619
878.1734,198.0768,85.9823,123.8074
881.0251,199.4193,83.4826,124.3263
883.985,197.9319,80.7333,124.1305
886.5869,197.8636,78.6514,124.2671
887.3533,197.784,77.1186,124.4263
888.2055,197.4419,75.4141,125.1105
890.4807,196.9931,73.9115,126.0082
889.0053,197.1333,73.8266,125.7278
889.2972,197.0516,73.2427,125.8912
891.0842,198.7331,72.6914,125.5508
891.6413,200.1486,71.5772,125.7283
893.8938,203.202,70.0644,125.6058
894.3358,201.9073,69.1803,125.2306
894.6842,200.2183,68.4835,125.6643
895.1043,200.4959,67.6433,125.1093
895.7661,201.8449,66.3199,125.3273
898.0419,201.4944,64.6649,126.0284
898.2472,204.7415,64.2543,125.2914
898.6054,206.7068,63.5379,124.2216
898.825,208.5391,63.0987,123.3898
898.6312,207.9141,63.4864,121.8269
898.5817,208.416,63.5852,120.823
898.5417,208.8797,63.6654,119.8956
898.3501,209.7563,64.0486,118.1425
898.208,211.2935,64.3327,117.82
895.8537,208.1222,66.2894,115.9066
895.1609,207.1998,67.675,114.9945
894.6099,206.3677,68.7769,113.892
894.0911,206.8381,69.8144,112.9512
893.6727,208.3126,70.6512,112.7743
891.6204,209.4696,71.9724,113.2438
891.8782,208.6335,71.4568,114.9161
893.7893,207.7217,70.4636,116.7396
893.9818,207.5048,70.0787,117.1733
894.0974,207.3991,69.8474,117.3849
894.0457,207.4202,69.9509,117.3427
893.9663,205.7392,70.1098,117.8645
893.923,207.343,70.1963,117.5074
893.8078,208.1122,70.4266,115.9691
893.8011,209.1499,70.44,113.8937
893.8024,209.5359,70.4374,113.1217
893.5985,210.5906,70.8452,111.0123
893.3712,211.2117,71.2998,109.77
893.3174,211.4102,71.4074,109.3731
893.3324,209.8468,71.3775,109.7548
893.2338,210.1699,71.5747,109.1086
893.2064,208.9238,71.6294,108.857
892.979,209.3418,72.0843,108.021
892.8136,210.9966,72.4151,107.4472
892.7823,212.369,72.4776,107.4352
892.8239,213.6849,72.3946,107.5369
892.8618,212.4565,72.3187,107.26
892.9029,212.2278,72.2364,107.7175
892.807,212.6661,72.4284,106.8408
892.8503,213.1309,72.3417,105.9112
892.8375,213.2817,72.3673,105.6096
892.6438,213.7389,72.7546,104.6952
892.668,213.8378,72.7062,104.4974
892.3587,215.407,73.3248,104.0518
892.4276,215.292,73.1871,104.2819
890.3267,217.1457,74.6913,103.2719
889.783,218.0476,75.7788,101.4681
888.8065,219.1257,77.7318,99.312
888.5744,218.5386,78.1959,97.7904
888.5178,220.2235,78.3091,97.1004
888.527,220.8099,78.2908,95.9276
888.5479,219.9884,78.2491,94.9179
887.2074,220.0863,78.2937,94.7222
887.2481,220.9642,78.2121,95.6004
886.924,221.2144,78.8604,95.1001
886.2162,221.0187,80.2759,95.4915
882.2578,219.9728,82.8371,94.9055
881.3968,218.6299,84.5591,94.8816
881.3868,217.9824,84.5792,96.1766
879.1155,216.6565,86.3645,96.0712
878.8353,216.6059,86.9248,96.1723
879.0246,215.9225,86.5463,97.5392
878.3437,215.9077,87.9082,97.5688
876.2327,215.5397,89.2982,98.3047
875.1642,215.4567,91.4353,98.4708
874.6015,213.8261,92.5608,98.8301
874.7316,213.2437,92.3005,99.9949
873.8311,211.9202,94.1016,99.7023
845.8084,202.7494,102.7329,97.3003
844.3625,204.8103,108.6853,96.2393
843.9058,206.3521,112.7346,96.2916
841.8849,206.3162,116.7766,96.3634
840.1192,207.3827,120.308,97.4929
838.9412,206.9572,122.6639,98.3439
837.9386,206.6583,124.6692,98.9418
837.5757,207.8786,125.395,99.9263
839.6694,207.0741,124.6598,101.5352
842.0576,206.2319,123.3504,103.2195
841.9621,203.7552,123.5416,104.6986
841.6715,200.9256,124.1226,106.8566
841.6353,199.9802,124.1951,108.7473
839.4475,197.5536,124.994,110.0239
839.1812,197.0122,125.5266,111.1067
839.056,194.6279,125.7771,112.24
838.6358,194.1859,126.6175,113.1242
835.7374,193.819,128.7298,113.8579
832.7898,191.9792,130.8963,113.8087
831.9365,192.1412,132.6027,113.4848
829.4097,192.2091,133.8739,113.3489
829.1837,192.2177,134.326,113.3316
828.8767,192.1852,134.9398,113.3966
828.5463,192.2195,135.6006,113.3282
828.15,192.2553,136.3931,113.2565
825.7101,192.552,137.4359,112.6632
825.4278,192.812,138.0005,112.1431
825.2221,191.2031,138.412,111.5172
825.0577,192.0691,138.7407,109.7851
827.5874,194.7225,137.4979,108.2949
830.4398,206.6333,135.5665,107.1135
830.9194,210.7117,134.6073,106.4059
831.0493,212.628,134.3475,106.2717
828.6992,213.7404,135.3554,104.0468
828.1553,215.0045,136.4431,101.5186
825.9105,215.9492,137.2864,99.6293
825.4869,216.5291,138.1338,98.4694
825.1362,216.9001,138.8352,97.7275
825.1326,216.7118,138.8423,98.104
825.1267,216.2941,138.8542,98.9394
824.9657,216.1448,139.1763,99.238
825.1103,217.4014,138.8869,100.3748
824.9259,217.9102,139.2558,99.3572
811.6933,217.0439,143.8025,97.4367
807.2807,217.3648,148.9382,96.7949
802.9599,217.4537,153.824,96.6171
796.787,217.1588,158.5187,97.2069
794.7028,218.7486,162.6872,97.9326
793.1119,220.1545,165.869,99.1003
791.9183,219.2714,168.2561,100.8665
791.4938,218.272,169.1052,102.8653
790.7802,219.7628,170.5323,104.0417
789.6817,221.431,172.7293,104.9049
778.3644,221.5982,178.3778,104.5704
773.1116,221.8194,184.5588,104.128
773.4746,221.7069,188.2411,104.3529
785.2378,223.5223,187.0468,105.1885
779.7889,223.3321,184.5552,105.5689
788.8745,223.5873,184.1155,105.0586
779.2869,223.8356,185.6199,104.562
789.0543,223.7297,183.8105,104.7738
782.5553,223.8319,183.5838,104.5693
772.8291,225.7715,185.4301,105.0917
780.169,225.6414,188.501,105.3518
772.4284,225.7216,190.5202,105.1915
774.2607,225.754,191.3698,105.1266
772.0248,226.0596,191.3159,104.5153
769.6627,225.8787,191.5256,104.8773
766.0645,226.1613,194.1983,104.312
765.5303,226.4436,195.2668,103.7474
764.1848,226.5923,197.9577,103.45
763.0433,226.6788,200.2408,103.277
762.3212,226.7969,201.685,103.0408
761.9632,226.8653,202.401,102.9041
759.2689,226.7623,203.1405,103.11
758.4597,226.5094,204.7588,103.6159
757.5201,226.3821,206.6381,103.8704
756.7925,226.3382,208.0934,103.9583
747.8435,226.623,211.7398,103.3886
749.0112,226.6639,214.1982,103.3069
745.3192,227.0272,216.7541,102.5803
744.7148,227.5811,217.9629,101.4723
744.4124,230.3289,218.5677,100.8274
743.9658,233.0192,219.4609,100.2949
743.6779,233.4893,220.0366,99.3547
743.6366,234.0488,220.1192,98.2358
743.4465,234.2773,220.4995,97.7787
746.1918,234.5144,219.831,97.3045
745.8986,235.1918,220.4176,95.9498
745.7464,235.7351,220.7219,94.863
745.6816,239.0271,220.8515,93.0528
743.3224,239.4322,220.8266,92.2426
743.5585,239.8868,220.3542,91.3333
740.504,240.6244,221.758,89.8582
740.3252,240.7139,222.1155,89.6791
740.0489,240.747,222.6681,89.6129
736.775,241.1111,224.5081,88.8848
733.5061,241.2346,226.3248,88.6378
732.156,239.3423,229.0248,87.6797
730.3775,240.5706,232.5818,85.223
724.8072,246.3308,234.1817,83.2434
759.0296,260.1443,227.5797,84.1592
762.6207,259.1047,220.3973,86.2384
782.2545,261.7509,208.8174,90.1752
777.3535,263.2966,200.5448,91.6024
796.2363,263.2574,193.7495,91.6808
801.2713,264.4106,183.6795,93.7014
2
0
0
0
0
1
445.6155,202.2348,125.0262,101.6801
432.7605,200.811,133.3604,101.0525
428.6431,201.1547,138.0035,100.365
424.9517,201.175,141.7354,100.3244
422.2722,201.0974,143.3879,100.4796
420.1438,200.8568,143.9108,100.9608
419.3007,200.528,145.5971,101.6184
418.6316,200.1842,146.9351,102.3061
417.9809,199.933,148.2365,102.8085
417.3265,199.7342,149.5454,103.2061
416.7922,199.6469,150.614,103.3808
415.4776,199.5401,153.2433,103.5942
416.457,199.4851,155.2181,103.7043
415.6174,199.5585,156.8973,103.5575
412.2775,200.1101,159.5892,102.4543
411.6411,200.5418,160.862,101.5909
405.923,203.4365,164.2699,99.8155
404.3676,203.9145,167.3808,98.8596
404.8396,204.0026,170.5015,98.6835
404.118,203.8783,171.9448,98.9321
403.5789,203.4192,173.0229,99.8502
401.5962,202.9678,172.8233,100.753
399.7933,202.9389,172.2517,100.8109
397.7114,202.7365,172.2454,101.2155
395.0937,202.5857,173.3041,101.5172
392.633,202.0141,174.028,102.6604
390.1676,201.0015,174.731,104.6855
387.9594,200.1992,174.875,106.2903
387.7778,199.6431,175.2381,107.4024
385.6996,199.06,175.0685,108.5685
386.146,198.1138,174.1757,110.461
387.5459,199.2371,171.3758,112.5763
389.2613,204.2071,167.9451,115.7026
390.9955,201.1705,164.4767,117.4197
392.8259,202.2826,160.8159,119.5279
394.3797,205.281,157.7083,122.1548
395.2826,204.3433,155.9024,124.0301
396.6964,202.9579,153.0748,126.8008
397.0527,201.746,152.3624,129.2247
397.6221,202.2507,151.2234,128.2153
396.4578,205.0156,149.2451,126.9924
397.2319,208.1151,147.6969,125.0501
395.4409,211.0616,147.0775,123.3586
395.6338,213.8974,146.6917,121.8517
394.1595,215.6311,145.5058,122.5189
394.6508,215.9908,144.5231,121.7994
391.2611,219.9092,143.1022,122.1632
390.6751,219.3629,140.19,123.2556
389.919,219.1694,137.6451,123.6427
388.5569,216.2926,136.3457,121.3486
383.6585,216.3569,134.2418,121.2201
382.268,216.4333,133.0906,121.0674
382.3791,217.4107,132.8683,119.1126
382.0679,218.8689,133.4907,116.196
381.9268,221.937,133.7729,113.8998
381.7077,223.0418,134.2112,111.6902
379.9903,222.2363,133.8677,109.5231
379.8766,223.2147,134.0951,107.5662
379.7231,223.6996,134.4021,106.5964
379.8321,224.335,134.1841,105.3255
378.0715,224.2661,134.0309,105.4635
376.5247,224.7538,133.4503,104.488
376.6206,224.9538,133.2585,104.088
374.8872,225.1699,133.0853,103.6557
373.6149,225.0325,131.9995,103.9305
373.8596,225.0788,131.5101,103.8381
373.8285,224.7289,131.5723,104.5377
373.6386,224.3732,131.9521,105.2492
371.814,224.1581,131.9622,105.6794
370.2977,222.2892,131.3487,105.7709
370.7067,222.3308,130.5306,105.6877
370.6322,221.7303,130.6797,106.8888
370.6904,221.5835,130.5632,107.1823
370.3095,219.9235,131.3251,106.8532
370.4804,221.0118,130.9833,108.332
370.1777,220.3299,131.5887,109.6959
365.0283,219.4123,138.1817,107.8253
362.2617,220.1946,143.715,106.2608
359.4905,221.1676,149.2573,104.3147
357.3679,221.6056,153.5024,103.4387
354.3198,221.6759,155.6636,103.2982
349.9477,221.5816,156.4775,103.4867
349.5927,221.2698,157.1876,104.1104
349.4612,219.2211,157.4505,104.2062
349.5125,219.205,157.348,104.2384
349.0464,218.934,158.28,104.7804
351.6189,219.2497,157.1642,104.149
352.7069,221.447,154.9882,103.7562
353.321,221.6195,153.76,103.4112
353.6478,221.9471,153.1065,102.7561
352.8541,216.6776,154.6937,101.5417
349.9896,217.097,156.5015,100.7029
348.9193,213.6515,158.6421,99.7256
343.615,213.9307,161.3515,99.167
345.3508,213.8345,161.8604,99.3594
343.214,211.8,162.1426,99.4372
338.3347,211.5696,163.9075,99.8979
338.0466,213.3583,164.4837,100.3514
332.6132,213.6911,167.2564,99.6858
328.9978,213.8394,170.4103,99.3891
327.7679,214.052,172.87,98.964
326.539,211.7248,175.3279,99.4708
321.7179,211.2118,176.5849,100.4968
321.2522,208.8735,177.5164,100.9446
318.4191,208.5384,178.9326,101.615
317.6756,208.4777,180.4196,101.7363
315.1098,205.6719,181.2447,103.0416
312.6645,204.8671,181.7945,104.6511
310.5479,204.6071,181.6513,105.1711
310.8428,204.0653,181.0615,106.2548
312.0686,205.7324,183.0028,107.3135
310.1339,208.8859,186.8722,105.4462
308.2955,209.8477,190.5489,103.5226
306.5867,212.8091,193.9665,102.0858
300.8652,213.698,196.3867,100.3081
295.0192,214.4897,199.0465,98.7246
291.9094,216.991,200.7386,98.2495
286.7461,219.3831,201.9776,98.0091
287.3895,222.9641,200.6909,99.9622
276.786,222.1952,203.606,101.5001
268.7374,223.4427,205.7766,103.6473
268.1514,234.3739,202.2373,110.0526
262.5426,226.746,203.9147,110.9979
254.5434,228.3598,200.6688,117.3923
253.8323,230.8004,197.2186,122.2561
245.0518,232.5631,195.1649,123.6344
248.5159,223.751,193.133,126.5698
244.8588,231.5292,190.6169,130.674
244.2728,229.0492,191.7889,130.6882
245.474,224.8843,194.3502,129.0905
245.6251,224.2089,194.0481,130.4414
235.9817,217.0544,193.3607,129.7697
239.1841,233.1331,191.9279,132.4165
239.6109,230.5345,191.0742,132.6192
240.8958,230.2502,188.5046,133.1877
240.4423,231.0664,189.4115,131.5554
161.1293,239.7008,189.8812,129.1137
160.781,238.2599,190.5778,127.0866
186.4239,206.1875,202.8039,117.9483
197.2563,209.9028,215.5339,110.5178
144.1534,243.8008,212.3313,112.3453
202.3741,238.391,214.8775,113.2493
178.587,218.7665,222.3655,107.4016
144.0035,248.2999,216.2546,113.5757
144.6159,243.8756,215.0298,117.3877
199.0828,243.8212,217.9493,117.4967
173.9245,241.3219,222.1047,117.3662
169.8098,237.7994,219.9584,119.2233
159.4391,234.7906,219.9469,120.0528
154.8903,237.8537,218.6399,119.1289
154.2278,236.5086,214.7977,121.8192
160.6809,236.28,212.2048,122.2763
160.4788,237.0785,212.6091,120.6793
161.1398,236.5517,211.287,121.7328
168.7379,235.4448,206.2976,123.9467
170.0094,240.1269,203.7546,124.7168
173.0726,240.7911,207.7132,123.3883
162.2313,241.2874,209.0811,122.3958
158.4199,241.7313,211.6217,121.5079
161.9479,239.7892,214.7748,120.2877
139.995,238.8095,222.7692,117.1168
124.8506,239.0015,227.0919,116.7328
117.0395,239.9437,232.2143,114.8484
112.3378,238.194,236.3259,113.0558
110.9995,233.8224,239.0025,111.1581
104.3207,237.6096,247.0339,108.9098
46.9528,244.2012,253.7131,106.5321
103.2886,239.9214,250.1806,109.6347
118.5275,234.5148,252.4695,109.5258
52.871,237.498,257.4606,109.0517
61.1984,240.7525,263.0291,108.0985
41.3777,227.5755,268.9564,106.3574
89.6138,239.5979,263.2512,110.6773
90.5881,236.2641,261.3025,111.6766
81.4133,236.5211,262.6782,111.1626
42.8612,234.6784,266.0905,109.1794
43.6744,237.4154,270.1462,109.3878
82.3063,222.9601,273.304,109.5763
36.2778,226.324,278.464,108.6418
38.9095,228.8908,279.051,109.3585
48.9518,229.124,282.4532,108.892
34.2345,231.993,282.3276,109.066
41.6862,234.8392,285.1643,109.287
47.5033,234.1808,285.446,110.6038
29.0988,236.272,286.3404,112.4073
38.3617,235.6325,285.9078,113.6862
39.6987,236.7517,283.2337,117.4957
42.9784,235.3622,282.752,120.2747
31.1218,234.4556,281.9846,122.0879
30.9789,234.7153,282.2702,121.5686
25.561,235.0505,280.8336,120.8981
21.6094,235.4619,276.5297,120.0754
22.7999,236.5984,274.1487,117.8023
24.0749,235.033,271.5986,114.9809
22.5859,236.0913,268.7115,112.8644
20.6548,234.8003,266.7879,109.6604
22.5987,235.6295,262.9001,108.0021
22.0573,236.3574,258.3673,106.5464
24.9935,236.8355,252.4949,105.5902
37.2766,236.9371,249.6193,105.387
44.7332,239.4374,245.4611,105.7639
49.3267,239.3891,241.5984,105.8604
52.6544,239.891,234.9431,110.1269
57.5382,238.3488,230.4246,113.2113
59.5852,236.3171,226.3306,117.2746
62.188,234.3922,221.125,121.1245
60.9587,232.7382,213.1074,124.4326
65.756,233.6094,203.5129,127.8664
69.7344,234.6329,195.556,130.9114
70.2661,234.0057,189.4686,132.1657
71.8105,229.6977,186.3799,130.8749
70.8539,230.5042,183.4076,129.262
68.3957,229.6709,183.5101,126.1147
66.7241,230.8239,182.09,123.8087
67.1137,231.5691,181.3109,122.3183
67.5196,232.3067,180.499,120.8431
65.6879,232.7879,179.5323,119.8807
66.4633,233.1454,177.9813,119.1656
66.7406,233.6424,177.4267,118.1716
65.1765,234.0275,176.0153,117.4015
62.7733,234.6034,176.3162,116.2496
52.423,233.4037,179.0533,114.1581
29.2874,235.1449,184.8541,110.6759
24.3614,234.2215,190.182,107.9984
21.5309,235.2889,195.843,105.8635
19.7521,235.909,199.4005,104.6235
16.4901,236.3083,201.2897,103.8248
13.0812,236.3881,203.4587,103.6651
12.4006,233.981,204.8199,103.8017
13.4753,233.8474,207.3705,104.0688
11.8687,233.9145,210.5837,103.9347
13.2076,233.5743,212.6924,104.6151
12.5473,231.2086,214.0128,104.5176
12.1405,230.8414,214.8264,105.2519
8.9791,230.665,216.2781,105.6046
8.7624,230.9727,216.7115,104.9893
6.5421,230.7214,216.2581,105.4919
4.8225,227.5658,214.8009,106.9069
2.7101,223.9943,214.1261,109.1501
1.0416,220.1318,212.5342,111.9463
1.819,219.1176,210.9794,113.9748
0.0215,217.6722,209.6084,116.8655
1.9999,216.5182,210.647,119.1736
-0.3298,215.6568,210.2561,120.8964
-0.2259,215.044,210.0484,122.122
-0.157,214.5393,209.9105,123.1314
0.1786,214.0901,209.2394,124.0297
0.3195,213.9927,208.9575,124.2245
0.2838,214.1646,209.0291,123.8808
0.2813,213.8993,209.034,124.4114
-0.1854,213.0172,209.9674,126.1755
-0.1533,209.5797,209.9032,127.8913
-1.7723,206.3232,207.9538,129.2167
-3.8717,205.9256,206.9719,130.012
-4.5273,206.374,208.283,129.1152
-5.434,207.0524,210.0963,127.7583
-6.5469,208.0394,212.3222,125.7843
-6.9965,208.7232,213.2215,124.4168
-7.2455,209.3511,213.7193,123.161
-7.3007,209.655,213.8298,122.5532
-7.3816,209.7295,213.9916,122.4041
-7.6199,209.7836,214.4683,122.296
-7.6329,209.493,214.4941,122.8771
-9.3334,208.2569,212.7249,125.3494
-8.0411,204.2835,210.1404,128.1099
-4.8856,197.0201,209.024,132.2474
-8.5063,192.5016,205.7697,136.0367
-7.9829,188.6545,204.7229,138.4685
-7.2877,187.8754,203.3327,140.0266
-7.0828,187.1271,202.9228,141.5231
-7.0903,186.7677,202.9379,142.2419
-4.9479,186.5476,203.9764,142.6821
-7.5318,185.8591,203.7978,144.0591
-7.5124,185.5052,203.759,144.767
-7.8413,185.2747,204.4168,145.2279
-8.4428,185.1362,205.62,145.505
-8.9542,185.0788,206.6428,145.6197
-6.7994,184.7359,207.7682,146.3055
-6.9149,184.7173,207.9991,146.3427
-6.9933,184.582,208.156,146.6133
-9.5652,184.398,207.8254,146.9812
-7.0095,184.2529,208.1895,147.2714
-7.0285,184.0995,208.2276,147.5783
-9.3271,184.0233,207.3334,147.7308
-6.8755,184.1839,207.9104,147.4095
-6.767,183.9763,207.6935,147.8248
-3.5682,183.6947,206.7834,148.3879
-0.2359,183.1645,205.6017,149.4483
0.5146,182.7339,204.1007,150.3095
1.2139,182.4576,202.7021,150.8621
1.8939,182.3915,201.3421,150.9943
2.56,182.2477,200.0099,151.282
3.1344,181.9392,198.8612,151.899
3.6464,181.6702,197.8371,152.437
3.4929,181.5717,198.144,152.6338
3.7182,178.7673,197.6936,152.821
4.0675,178.8288,196.9949,152.698
2.3229,178.7503,195.0789,152.855
2.4208,178.8973,194.8831,152.5611
2.7632,178.8349,194.1983,152.6859
3.0948,178.9959,193.535,152.3638
3.47,178.9735,192.7846,152.4087
6.551,178.8986,191.9589,152.5584
5.2329,178.7833,189.269,152.7891
5.715,178.5041,188.3048,153.3474
5.7393,178.4517,188.2562,153.4522
11.2523,178.6418,187.7982,153.0721
27.8931,190.5161,186.1415,150.4066
31.9935,211.7939,183.1429,144.2663
38.4318,217.1837,180.3791,138.5431
41.1033,219.6554,175.0362,133.5996
43.7792,221.658,169.6843,129.5945
48.6311,221.0068,164.5922,126.2852
50.8679,222.09,160.1185,124.1188
52.5962,222.9878,156.6619,122.3232
54.0862,223.9418,153.682,120.4153
55.9439,224.7545,149.9664,118.7898
57.7014,225.6095,146.4515,117.0798
59.1621,226.4217,143.53,115.4554
58.365,227.2138,141.1423,113.8712
57.4141,227.9125,139.1241,112.4738
56.7128,228.4038,136.6606,111.4912
58.6694,228.6264,132.7474,111.046
60.1957,228.8459,129.6947,110.607
61.5897,229.1235,126.9067,110.0518
62.7637,229.5129,124.5588,109.273
63.6869,228.1264,122.7123,108.4553
64.4449,227.1866,121.1963,106.7858
64.8937,227.6902,120.2987,105.7786
64.8489,227.9972,120.3883,105.1646
64.9559,227.4195,120.1744,106.3201
65.6355,226.6276,122.2907,107.9039
64.8923,226.8855,127.3108,107.3881
67.3492,227.9951,133.2051,108.7714
69.9232,227.6917,139.2035,109.3784
67.3812,227.6066,144.2875,109.5486
65.5056,227.4234,148.0388,109.915
66.4455,225.1922,150.1191,110.4173
63.8152,224.9088,151.3797,110.984
63.3295,224.7733,152.3513,111.2551
60.6767,224.4632,153.6094,111.8753
57.4609,224.1552,155.9644,112.4914
56.3857,223.8542,158.1148,113.0932
52.9876,223.1125,160.746,114.5766
49.8419,222.8507,162.8082,115.1003
48.7149,224.8639,165.0624,115.3427
47.2847,224.9539,167.9228,115.1627
48.1331,227.1706,170.5728,115.0763
54.9582,229.4845,174.4636,114.8337
54.4366,230.5733,179.946,112.656
54.2127,231.6878,184.8786,110.4269
56.4036,235.0049,189.5375,108.3131
54.7506,235.174,192.8435,107.975
53.4012,235.0584,195.5424,108.2062
50.5469,236.9386,196.6109,109.0856
50.4577,238.6692,196.7894,110.2952
50.759,237.868,196.1868,111.8977
51.1211,237.4496,195.4625,112.7345
51.36,237.398,194.9848,112.8377
51.6036,237.0977,194.4976,113.4383
53.754,237.107,194.9106,113.4198
51.3314,237.1632,195.0362,113.3073
51.2406,236.9339,195.2177,113.7658
53.2921,237.0416,195.8449,113.5504
53.4532,236.6285,195.5227,114.3766
51.9843,236.0965,193.7155,115.4407
52.1908,236.0534,193.3025,115.5269
51.9769,236.2213,193.7303,115.191
51.9199,236.1326,193.8442,115.3685
52.1066,236.261,193.4708,115.1117
52.3503,235.9801,192.9835,115.6734
50.9928,235.5982,190.969,116.4373
51.3484,237.5764,190.2579,117.1933
53.1771,238.2202,191.3151,115.9058
53.3095,238.3907,191.0504,115.5646
53.1481,236.6121,191.3731,114.4229
50.7976,238.74,191.3897,114.8516
53.003,238.6834,191.6707,114.9648
53.6085,238.5419,190.4599,115.2479
53.7163,238.3857,190.2442,115.5603
55.5905,238.3173,191.1828,115.697
55.4006,237.9145,191.5624,116.5026
57.6503,237.1642,191.7854,118.0031
58.6708,233.1196,194.4957,116.5902
59.4653,233.6194,197.6739,115.5907
55.8513,227.5968,200.1044,113.2432
55.1945,228.3735,201.4181,111.6899
54.5908,229.3291,202.6254,109.7786
50.6416,227.7629,205.7528,108.1398
47.1148,228.6014,208.0175,106.4628
48.6409,229.0799,209.7583,105.5059
47.9381,229.5557,211.1639,104.5543
42.662,229.6655,212.1048,104.3347
51.8545,228.6156,208.1665,106.4346
51.4016,228.3088,209.0722,107.048
41.9987,228.4295,213.4226,106.8068
35.0687,228.9225,217.5269,105.8208
38.3167,232.1088,220.872,104.3685
41.0315,235.7513,225.3297,102.0273
32.5212,238.9292,227.4488,100.6386
41.9738,241.5337,228.4367,100.403
43.019,241.7207,231.3297,100.0289
39.4889,244.7801,233.3714,98.9286
46.0745,245.2514,235.2854,97.986
47.3172,245.4525,237.839,97.5839
51.3931,245.2908,239.8247,97.9072
40.9513,247.9145,240.2962,97.7629
45.3304,248.1616,241.7524,97.2687
41.5419,250.8891,244.2102,96.9329
51.253,253.1403,245.382,97.5791
35.6005,250.5778,245.6253,97.5272
41.5568,250.2022,244.0717,98.2782
36.4172,248.0526,244.0096,97.4069
39.7878,248.2009,242.4225,97.1104
34.7903,246.0464,242.1654,96.2933
36.441,243.3872,238.8641,96.5039
37.8033,242.9759,236.1395,97.3266
38.8079,240.4759,234.1303,97.287
41.0871,237.9857,234.5818,97.2573
41.0426,238.3137,234.6709,96.6013
45.6496,236.0386,235.4681,96.1458
49.8918,235.9728,237.0012,96.2775
47.1465,236.0013,237.4588,96.2204
43.491,235.4738,234.6922,97.2755
48.6859,233.2034,234.3381,96.7984
44.3367,233.1086,233.0279,96.9879
49.7207,233.0133,232.2376,97.1786
48.126,230.7597,230.4462,96.7049
48.7264,230.6491,229.2452,96.9262
49.4895,228.3625,227.7192,96.5661
52.4692,228.4784,226.6645,96.3343
57.9382,228.6031,225.4977,96.0849
60.2254,229.0,225.7876,95.291
63.0219,228.6856,225.0489,95.9198
60.3603,228.5395,225.5171,96.212
61.8299,228.2161,227.4447,96.8588
69.5068,227.3289,226.8093,98.6333
77.283,226.2196,221.1138,100.8519
72.8498,226.5079,220.2096,100.2752
79.9177,226.747,215.798,99.797
84.2066,227.2308,212.01,98.8295
94.0773,227.1155,206.4218,99.06
103.5158,227.4972,201.4668,98.2966
109.5619,227.6232,198.485,98.0447
115.5046,227.4798,195.6143,98.3315
115.9276,227.8995,194.7684,97.4921
116.1473,228.1341,194.3291,97.0229
118.6181,228.4355,193.8164,96.42
119.8184,229.0689,195.8268,95.1533
122.4205,229.9801,199.4589,93.3309
126.5762,230.4793,204.4646,92.3325
125.6255,230.3306,206.3659,92.6298
130.3104,230.723,210.5764,91.8451
123.1374,230.3644,211.2012,92.5622
128.5236,231.1116,214.2152,91.0678
129.6354,231.3727,216.6039,90.5456
133.4899,229.2146,218.1698,90.2244
127.2022,227.1793,221.4366,89.6409
130.4398,227.0801,219.6521,89.8393
133.6278,226.9662,217.9448,90.0671
135.9987,227.0159,217.851,89.9676
138.1811,224.8232,218.1313,89.7081
138.8035,224.5578,216.8866,90.2388
144.4744,224.492,214.8167,90.3705
145.4055,224.5478,212.9545,90.2587
148.7787,222.4891,210.7878,89.7965
148.9605,223.0663,210.4242,88.642
155.0023,223.8474,211.884,87.0798
160.8382,223.583,213.735,87.6087
159.8462,223.4164,215.7189,87.9419
237.6258,227.2399,211.2372,94.0292
250.6035,215.8371,208.3913,98.3472
253.6851,215.0,211.5416,100.0214
253.9958,214.4768,215.6523,101.0676
249.4623,216.3817,219.9093,102.0679
241.1352,216.3061,226.7849,102.2191
232.2469,215.9543,229.5866,102.9227
216.7997,216.1292,235.2581,102.5729
214.7365,215.7822,239.3844,103.2668
216.1763,215.2299,241.6971,104.3715
209.8853,215.1296,243.7884,104.5721
209.0569,215.2202,245.4452,104.3909
207.7979,215.1895,247.9633,104.4523
222.2636,215.1597,251.0542,104.5119
217.9423,214.8978,254.3142,105.0356
216.412,214.6787,257.3748,105.474
212.5763,214.6791,259.5554,105.4732
211.5117,214.5991,261.6847,105.6331
214.3687,214.0812,261.5262,106.6689
214.1503,213.8788,261.963,107.0737
213.605,213.8348,263.0536,107.1616
211.1143,213.7981,262.4323,107.2351
212.0094,213.3265,260.6421,108.1783
212.0768,213.2914,260.5074,108.2485
212.6489,212.9535,259.3632,108.9242
213.5809,212.6761,257.4993,109.4792
214.4853,212.589,255.6904,109.6533
217.8017,212.7135,254.5985,109.4042
217.8185,212.9258,254.565,108.9797
220.6064,212.6961,254.5019,109.4391
217.8326,212.6299,254.5296,109.5714
218.3728,212.5616,253.4492,109.7081
220.4099,212.3127,254.8845,110.2059
217.2338,215.1249,255.6976,110.1206
220.5661,214.152,254.5824,112.0664
220.7601,215.7983,254.1944,114.3418
217.4796,213.2704,255.153,113.795
220.2441,212.766,255.2307,114.8039
222.7472,211.7362,255.8501,116.8634
216.7748,211.3439,256.4531,117.6481
218.1058,213.0271,253.791,119.9751
218.7079,210.5206,252.5869,119.2924
219.199,210.3323,251.6046,119.6691
219.1994,210.07,251.6038,120.1937
220.9595,209.9883,253.7514,120.3571
218.1195,209.5926,253.7296,121.1484
217.7968,209.3722,254.3749,121.5893
217.2874,208.9945,255.3938,122.3447
216.654,208.6031,256.6605,123.1275
216.7271,208.6019,256.5143,123.1298
213.5208,208.6399,257.1365,123.0539
213.5731,208.309,257.032,123.7156
213.9153,207.9935,256.3474,124.3466
214.4705,207.7019,255.237,124.9299
215.1483,207.1044,253.8815,126.1248
217.7191,206.6928,254.5443,126.948
217.5241,204.0062,254.9343,126.4928
217.2893,203.6598,255.4037,127.1856
217.1017,203.2972,255.7791,127.9109
217.0455,202.8994,255.8914,128.7065
216.9709,202.6814,256.0407,129.1424
217.5831,202.2229,254.8162,130.0594
217.966,202.0001,254.0504,130.5051
217.8855,202.0505,254.2115,130.4042
217.288,202.0549,255.4063,130.3954
216.5693,202.1395,256.8439,130.2264
216.2156,202.2262,257.5512,130.053
216.4341,201.9865,257.1143,130.5322
216.7856,201.6032,256.4113,131.299
218.9333,201.3146,258.047,131.8761
218.2074,201.4434,259.4989,131.6185
220.6624,201.1321,260.5707,132.241
219.7546,201.9102,262.3863,130.6849
218.5405,202.6639,264.8145,129.1775
220.9825,200.121,265.9474,128.2463
216.9973,198.0674,267.9005,126.3362
222.3132,197.5354,269.2933,127.4004
223.5252,196.6009,266.8692,129.2692
214.8719,194.1515,272.0788,128.1196
225.4712,195.9232,269.1927,130.6803
219.9427,197.6038,274.1427,127.3192
219.3816,197.8309,275.265,126.8649
211.6128,198.8365,278.5457,124.8538
220.7253,198.5764,278.7423,125.3741
204.6412,202.4503,280.1476,123.7788
210.7138,202.0146,280.292,124.6501
207.5063,199.0094,280.5446,124.4983
211.1734,199.6462,285.5369,123.2247
212.2031,196.1949,283.4774,123.9145
211.4793,190.0467,278.7297,130.0156
211.0984,184.2496,273.2575,135.3758
213.3019,178.9585,268.8506,139.7098
215.6111,173.6995,264.2322,143.9691
216.6643,172.3809,262.1257,146.6063
221.7635,171.1207,258.2058,149.1268
226.5441,170.33,254.9083,150.7082
227.3684,169.7101,253.2596,151.9478
227.9055,169.3717,252.1853,152.6247
228.7255,169.1776,250.5455,153.0129
228.0669,169.02,245.6467,153.3282
226.8275,169.0615,241.9772,153.245
227.5153,169.3354,240.6016,152.6973
228.5007,169.4486,238.631,152.4709
228.883,168.9788,237.8662,153.4105
228.7066,168.9094,238.2191,153.5494
228.4093,168.8238,238.8138,153.7204
228.5578,168.7618,238.5167,153.8445
228.4707,168.8466,238.6908,153.6749
228.1003,168.9033,239.4317,153.5616
228.1864,168.6337,239.2595,154.1007
228.31,168.4682,239.0122,154.4317
227.8049,165.3899,240.0224,154.5205
230.6979,164.9152,240.321,155.47
229.877,165.0473,241.9627,155.2056
230.426,164.7756,240.8647,155.7492
230.8329,164.63,240.0508,156.0403
230.9604,164.5696,239.7959,156.1612
231.2245,164.466,239.2676,156.3683
230.9387,164.5107,239.8393,156.279
230.5487,164.573,240.6192,156.1544
230.2272,167.8755,241.2622,155.67
233.0695,167.9361,241.6998,155.5489
233.2048,167.5293,241.4292,156.3624
233.3677,167.364,241.1034,156.693
234.3204,166.8065,239.198,157.808
231.2742,166.9442,239.1635,157.5326
232.7367,166.9177,236.2383,157.5855
236.8102,167.06,234.1703,157.3009
237.2528,167.3068,233.2852,156.8074
234.2078,167.4191,233.3535,156.5828
233.771,164.5089,234.2271,156.3842
233.5676,164.3724,234.6338,156.6573
233.6401,164.5095,234.489,156.383
233.6089,164.0624,234.5513,157.2773
233.8976,163.7309,233.9738,157.9402
233.8042,163.6156,234.1607,158.1709
233.2706,163.989,235.2278,157.424
233.5459,166.8546,234.6772,157.7539
233.5524,167.1212,234.6642,157.2208
234.1483,166.8827,233.4726,157.6977
233.431,164.197,234.9071,157.0298
234.0819,163.8499,233.6053,157.724
230.542,164.22,234.6434,156.9837
230.4244,167.0538,234.8786,157.3613
232.561,167.0829,236.6601,157.303
235.539,167.0173,236.7846,157.4342
236.3749,167.0709,235.1129,157.327
236.8427,167.1772,234.1774,157.1143
237.3111,167.3662,233.2405,156.7364
236.741,167.5574,234.3807,156.354
236.68,167.5126,234.5027,156.4437
234.2784,167.1783,233.272,157.1122
233.7725,164.1699,234.2838,157.1025
231.0417,163.9659,233.7038,157.5105
231.0064,167.2127,233.7744,157.0565
232.7058,167.4271,236.4088,156.6278
236.2142,167.3722,235.4576,156.7376
236.835,167.3233,234.2159,156.8354
237.9231,167.2018,232.0397,157.0784
238.2367,167.3045,231.4125,156.8729
238.0964,167.2842,231.6931,156.9135
238.6447,167.3523,230.5966,156.7773
238.2814,167.1301,231.3232,157.2217
235.5522,167.1449,230.7823,157.1921
234.8104,167.4916,232.2661,156.4987
237.7629,167.8678,232.3623,155.7464
241.1496,167.5769,231.5791,156.3281
246.0851,167.6706,233.6843,156.1408
242.928,167.9169,233.9819,155.6482
241.7573,172.5699,236.3233,152.3549
236.3725,177.6915,241.1001,148.1045
233.6559,182.6417,246.5333,144.1967
228.861,184.2625,250.1161,140.9552
228.2259,188.6456,251.3862,138.1936
230.2895,190.2229,253.2353,135.0391
230.6199,190.4661,252.5745,134.5526
233.6926,193.2209,252.3601,134.9742
236.6223,193.2229,252.4359,134.9702
237.2424,192.9104,251.1958,135.5952
237.2605,193.3722,251.1595,134.6716
237.9922,193.719,249.6961,133.9781
241.3022,193.8326,248.9552,133.7509
241.7522,194.4926,248.0551,132.4309
241.083,198.9582,249.3936,129.3279
242.499,206.5889,252.3559,125.6551
248.7165,211.074,257.2427,122.4588
248.9763,209.8813,262.5123,119.0548
252.9575,211.3837,266.1621,116.0501
254.148,209.903,269.5869,113.2056
256.4367,210.8314,270.814,111.3489
256.6641,213.733,270.3592,111.3349
258.9989,211.1321,271.4719,110.7544
253.4724,211.683,270.9489,109.6524
256.1351,211.7224,271.3844,109.5738
283.2497,201.4102,257.5137,118.6669
283.4699,205.5091,251.3466,121.9228
282.2218,217.9994,248.1486,125.413
275.457,215.3765,250.2616,124.9506
279.4552,214.1162,247.9963,127.471
283.2395,215.4571,246.1695,130.531
285.0482,214.1869,242.5521,133.0714
291.3889,214.6045,241.3874,132.2363
293.9946,215.0078,241.9028,131.4296
304.8744,213.9572,243.0257,127.8102
306.2047,204.9933,246.0399,123.0389
310.6445,201.5268,248.4328,118.6995
313.2824,202.3137,248.7524,117.1257
313.4299,202.8287,248.4574,116.0957
316.922,202.9072,247.0234,115.9386
320.7906,202.9395,244.8126,115.874
327.3422,200.6262,242.696,115.0074
327.4997,200.684,242.381,114.8918
330.1059,200.8112,242.6093,114.6373
332.9454,201.0567,242.3699,114.1463
333.0951,201.3089,242.0705,113.6419
336.9209,196.0209,239.8332,113.3893
337.8203,195.5423,238.0346,114.3466
338.7601,195.2073,236.1549,115.0165
342.6907,194.7325,233.6461,115.9662
346.313,197.6423,231.7338,115.479
350.8269,204.819,228.0019,117.0133
358.7647,206.498,222.6624,118.9233
363.2541,205.4324,218.9064,121.0545
368.6889,206.7965,213.241,123.5305
384.1036,208.6168,208.2262,125.0528
404.5506,204.0167,203.1334,129.1386
415.6154,200.2377,201.4344,131.5888
426.745,212.4599,199.6686,132.7613
445.491,182.0379,197.9922,137.3236
446.2895,192.7027,196.3952,141.8303
446.853,183.0418,195.2682,145.4989
450.3088,197.5746,193.6178,147.9997
452.9487,186.018,193.6148,150.0049
455.0385,180.3229,194.7451,150.7756
458.1392,187.3095,193.8832,152.8212
455.5253,175.7881,193.7513,154.4247
459.3764,183.0332,191.4329,156.0862
451.72,174.7548,190.6195,156.5168
454.8591,179.6311,189.7111,157.504
455.2215,184.6892,188.9865,158.1318
455.3226,171.6149,188.7842,157.4255
2
0
0
0
0
1
717.7945,234.0804,149.2896,73.2197
718.1181,233.6181,151.9998,74.1444
716.3899,233.085,155.4562,75.2104
716.9333,229.8599,157.8514,78.1788
717.0259,228.9154,161.235,80.0677
715.8023,227.6831,163.6821,82.5323
717.0712,226.4291,164.8739,85.0404
718.0845,225.5888,166.6379,86.7209
712.3878,225.0586,166.4947,87.7813
711.6522,224.3138,164.1042,89.271
712.2407,223.6579,166.7797,90.5828
728.6973,225.1838,173.0091,91.4453
734.0477,224.9998,178.3906,91.8133
724.6249,224.4983,180.8135,92.8162
727.6068,224.0321,183.1666,93.7487
719.9678,223.4163,185.8173,94.9802
721.4769,222.7008,187.0683,96.4113
721.3643,221.912,187.2935,97.9889
727.2474,221.208,188.5561,99.3968
727.7532,220.9774,191.9302,99.858
732.723,220.859,195.3201,100.0948
740.263,220.5389,202.7241,100.735
734.5178,220.101,209.5984,101.6107
734.1514,219.7554,215.0628,102.3021
737.6272,219.18,217.7573,103.4529
733.3998,218.3503,221.3297,105.1122
738.208,217.0894,221.6402,107.634
740.6449,218.9256,221.7783,108.9737
743.9901,218.4964,220.1254,114.8695
741.7657,216.5133,219.4586,118.8356
