1
260.2691,96.6779,72.4635,42.2191
259.7424,99.3836,73.4578,42.686
260.0096,102.7222,74.1387,42.9017
262.7858,104.594,73.8629,42.7827
261.9842,107.0992,75.7595,42.2723
263.3217,109.2614,77.3878,41.9155
261.8087,110.1416,77.5649,42.1484
257.8147,111.6763,77.8625,42.3619
255.9394,112.2591,77.5203,42.2311
254.1698,113.3138,77.1394,41.7414
254.1468,113.3676,76.4025,41.8924
254.0373,112.6734,75.7539,42.2384
252.6023,112.8586,75.542,42.1494
250.599,111.4083,76.4531,42.5355
250.39,110.5795,76.0953,42.687
250.9161,109.6784,75.8942,43.1748
248.482,109.0539,76.7428,43.2557
247.0104,108.485,76.9066,43.0032
245.415,107.7001,77.4105,42.7606
245.3959,106.9389,77.0433,42.7138
245.5315,105.7794,75.9815,42.6586
245.5912,104.1483,75.8091,43.0488
243.2711,102.906,75.8225,42.748
242.7207,101.7767,73.5116,43.8198
242.6173,99.5353,71.3903,44.4496
241.0138,98.2065,69.763,44.714
241.7399,96.2241,68.4695,45.0058
240.6002,94.8468,67.2807,45.0866
239.7486,92.9427,65.9234,45.307
239.5611,92.3229,64.5115,45.4923
238.436,90.5752,63.1362,45.6564
238.081,89.8497,61.7485,45.6729
236.5259,88.3391,60.6846,45.54
234.8661,88.3705,59.6367,45.468
235.575,87.4091,56.4413,47.6264
234.3531,87.1397,54.8962,48.9777
234.6328,86.8494,53.0219,50.1061
234.7538,87.4326,51.5141,50.288
234.2751,87.8062,50.2393,50.6219
234.2691,88.8008,49.411,50.9027
234.6187,89.1914,48.5481,51.0953
235.0887,89.7565,47.8177,51.1759
237.9421,89.4634,47.6231,51.1794
237.1527,90.6567,47.7204,50.6919
236.7059,90.8118,47.5007,50.6081
237.5094,90.7674,46.4787,50.0397
240.7042,90.5749,44.6638,49.795
241.0243,90.1885,43.1684,49.4749
241.5322,91.0664,41.7667,49.476
244.857,89.9369,40.6636,49.4273
243.7701,90.2926,39.8982,49.1749
243.7804,90.8,39.39,48.8594
244.3927,90.7994,38.841,48.6318
244.3267,90.7838,38.2641,48.6111
243.9885,90.6763,38.2561,48.0443
246.67,89.444,37.6436,48.0922
246.0744,89.0928,38.0546,47.4976
246.4745,89.5263,38.1625,47.2534
249.0177,90.5947,38.0751,46.3716
247.9373,91.7926,38.2388,46.1407
247.3899,93.1578,38.3877,45.5854
250.0985,94.6758,37.8948,45.7307
248.8831,96.0788,37.8518,45.327
247.3287,96.8589,38.0714,45.3967
250.0923,97.3612,37.7509,45.5968
248.4352,97.8409,37.5883,45.2587
248.1448,98.4069,37.6341,45.053
250.7771,99.8177,37.3938,44.8762
249.3713,100.4379,37.5481,44.4562
249.0227,101.0846,37.3608,44.3087
248.9412,101.1036,37.4962,44.0499
248.9825,100.9156,37.5674,43.8272
251.8841,100.453,37.4221,43.5854
250.4203,101.1756,37.2086,43.9158
251.8019,101.458,37.2211,43.6255
250.1841,101.4907,37.1851,43.614
248.9591,101.9622,37.2531,43.4116
250.8926,101.8581,36.8279,42.8009
248.6792,101.3133,37.4094,42.0769
247.9074,102.2783,37.4415,41.3973
247.7367,102.818,37.3087,41.388
247.5927,102.2832,37.1864,41.4154
250.2504,102.5447,36.6876,41.6047
249.2786,102.9421,36.6318,42.2794
251.4192,102.5524,35.7398,43.2819
253.9154,100.7698,34.9018,44.3811
252.7695,101.182,34.6103,45.1149
254.7537,100.7043,34.1008,46.0291
254.0114,100.6217,34.1576,46.9254
255.0733,99.727,34.4453,47.241
254.4619,100.3017,34.4612,48.1907
254.4062,100.0403,35.0314,48.1326
254.5735,100.414,35.3112,48.6374
254.9659,100.0212,35.7078,49.6359
253.5668,99.2941,35.9496,50.122
253.7202,99.052,36.4349,50.388
253.9305,98.0013,36.7914,50.8527
253.5285,98.6056,37.5377,50.158
252.5072,98.3459,37.7194,50.2201
252.6014,97.1335,37.8891,50.45
256.3471,95.5087,37.99,50.0345
255.0356,94.1646,38.2092,49.1442
254.2432,92.2739,38.7156,47.8311
257.4978,91.2814,38.1735,46.9371
256.2949,90.6843,37.5762,46.1347
254.9044,91.0892,36.9189,45.7788
253.4487,91.484,36.1661,45.7828
252.2975,91.2333,36.2341,45.3427
250.7393,92.7594,36.0869,44.9801
249.259,93.6988,36.4864,44.1093
248.4309,94.7695,36.422,44.3221
247.4661,96.2376,36.7565,44.6719
247.1689,96.9623,37.0779,45.4939
245.6719,97.4388,37.4969,46.5301
244.2239,97.7558,38.1951,46.8687
242.9191,97.868,39.6244,46.8684
242.2061,98.3065,40.1375,47.1185
241.5782,98.4951,41.0344,47.0475
241.3702,100.1004,41.5138,47.6488
241.0481,101.1073,42.0521,48.2203
240.4852,101.9041,42.3456,49.1309
239.5615,101.6837,43.3039,49.8152
239.058,101.9562,44.2384,50.0773
237.9708,102.4572,45.1125,49.9297
238.0243,102.6205,46.1445,49.5339
237.0156,102.8902,47.5529,49.3357
235.6721,103.4764,48.7527,49.0783
233.9429,103.9022,50.0482,49.0203
229.8177,104.2716,52.0199,47.9004
229.2282,104.7887,52.9592,47.7262
227.4462,106.8485,53.7538,47.8227
223.2122,107.8987,53.6484,47.4592
219.5511,109.037,52.7597,47.3583
219.8732,110.3073,53.0756,47.7223
219.835,111.0418,53.8783,47.7824
214.4122,110.1239,53.4074,47.7911
215.1582,110.9762,53.5595,47.5579
213.7435,110.9918,53.8681,47.8778
211.9461,110.2447,54.3604,48.1758
210.2584,109.7985,54.927,48.4654
208.1686,110.5284,55.0358,48.9835
205.7006,110.7957,55.2581,48.7544
204.2868,110.5804,55.4513,48.1608
202.2721,110.4463,54.9053,48.386
201.1484,111.321,54.9255,48.5613
200.6873,111.3983,55.562,48.4333
198.561,111.3111,55.0589,48.1252
197.4754,111.3418,55.2777,48.2786
196.1927,112.3257,55.1042,48.3869
193.2238,112.4761,54.0366,48.4522
192.4543,113.1571,53.8211,48.1994
191.4885,115.1898,53.6275,48.4073
189.7658,116.2812,52.4453,49.2356
188.6741,117.4801,50.9182,49.4212
188.3879,117.2174,49.6244,49.4836
189.5435,116.7698,50.0029,48.8012
188.8956,117.3711,49.877,48.6712
187.614,118.4795,49.7635,48.8006
186.5004,118.8823,50.1385,48.7482
185.5402,118.5987,49.6015,49.2078
184.0866,118.0714,48.9,50.3784
183.7128,116.7105,47.8703,50.9887
184.2875,116.1171,47.7137,50.839
183.7231,116.0399,47.8089,50.6266
183.3807,115.8982,47.6597,50.4393
183.7293,114.43,47.8523,51.1143
182.7127,112.8682,48.3208,51.6877
181.4931,110.8535,48.8555,52.5269
179.3122,108.7777,49.6476,52.7535
178.1663,107.2007,50.2575,52.6468
176.2602,105.847,50.7364,52.4027
174.3539,104.3794,50.9582,52.2961
173.0676,103.2037,51.1362,52.7319
170.6132,101.1967,50.9145,52.5617
168.7744,99.4452,50.1993,52.5899
166.507,97.497,49.0705,52.319
165.8137,95.8565,48.4325,52.3412
164.3005,95.1762,48.0472,51.6341
162.5525,94.4975,47.217,51.3073
158.5266,91.7017,46.1402,51.8006
159.2418,90.8986,45.2149,51.9137
159.4422,90.9902,44.3876,51.7932
159.6753,90.5683,43.7925,51.8313
159.4573,90.9204,42.9682,51.714
162.6768,91.9789,41.9052,52.0678
161.3523,89.7831,41.7925,51.3023
159.5415,91.1406,40.958,51.3464
159.3177,88.9252,40.9926,50.8533
158.8071,90.6171,40.6736,51.0291
158.0952,92.6025,39.9192,51.2477
157.8583,93.332,39.1561,51.4141
160.8241,93.4817,38.1803,52.6529
159.6316,94.088,37.2353,53.8313
158.3216,93.2079,37.1635,53.7864
157.3041,92.8143,37.1568,53.289
156.4798,92.0589,37.4333,51.6549
154.9718,92.8909,37.0435,51.6282
157.9894,92.341,37.457,51.1144
155.4862,92.9497,37.6338,51.0154
154.1933,93.5064,37.9107,50.8198
154.159,93.9835,38.2128,51.1253
156.364,93.5801,38.3786,50.3325
154.0055,93.2228,38.212,49.6621
155.8174,93.4287,38.4476,48.4714
153.8667,93.5046,38.5405,47.1823
152.3619,93.5841,38.9164,45.5209
154.8515,93.9888,39.2939,44.4021
153.8727,93.937,39.442,43.4316
153.2422,94.5327,38.8935,42.9584
153.0621,95.0487,38.0631,42.4894
153.6807,95.5206,37.6994,42.3415
153.9133,95.9865,37.6288,42.4427
153.8317,95.7754,37.001,42.9804
153.4857,95.592,36.4585,43.4663
153.3448,95.5249,36.4619,43.4738
153.4457,95.4827,35.9792,43.5326
153.7335,95.6157,35.9613,43.4898
153.1505,95.5834,35.82,43.1714
153.6992,95.595,35.4424,43.5311
153.5482,95.8568,35.2436,43.1804
153.8418,96.4685,35.3856,42.9555
153.9485,96.4377,35.0521,43.2012
153.3935,95.9477,35.3953,42.5443
153.0795,95.5084,35.5345,42.212
153.2205,95.8581,35.1358,42.5294
153.1702,96.0412,34.9254,42.8269
152.4709,95.601,34.3482,43.4391
151.9005,95.2489,34.3478,43.6676
151.6492,95.2047,34.8159,43.5931
151.2156,94.9937,35.0494,43.7808
151.2482,95.2887,35.4419,43.8507
151.1924,95.8342,35.6839,44.4638
151.338,95.7556,35.8886,45.0793
150.772,94.9774,35.8218,45.442
150.6442,94.5228,36.5916,45.3501
150.7119,93.7967,36.5499,45.3227
150.2517,93.5208,36.3454,45.3075
150.3244,92.8075,36.0378,44.9806
150.0544,92.4667,36.073,44.3904
149.9475,92.1446,36.4324,43.8412
149.8107,92.2456,36.6927,43.4808
149.4978,92.1931,37.3427,42.8663
149.0823,92.3209,38.4091,41.9296
148.8213,92.029,39.3216,41.2351
149.3178,93.1546,39.7108,41.0946
148.7181,92.6297,39.9276,41.7091
148.3968,92.4168,40.5917,42.4245
148.1687,91.8615,41.2472,43.033
147.1544,92.0116,42.5688,43.4978
146.9988,91.5703,43.5345,44.3022
146.8152,91.2239,44.2644,44.9271
146.1606,90.1608,45.4848,45.5869
145.662,90.311,47.098,46.0095
144.7268,90.2847,48.231,46.7326
144.3845,89.8542,49.5645,46.8772
143.7509,89.6759,50.7996,46.9011
143.1493,89.6398,51.7157,46.2023
143.008,88.6002,52.4123,45.7163
143.248,87.9983,52.9997,45.449
143.6922,86.9429,53.1882,44.9463
143.125,86.8433,53.6051,44.481
143.4374,88.005,54.1174,44.2671
143.6089,86.685,54.6316,43.9486
142.3673,85.9406,55.845,43.6513
143.3017,85.868,56.1383,43.9691
142.7691,86.2138,56.3425,43.8865
143.0553,84.7413,56.7332,44.1827
143.5105,84.9232,56.2557,44.0237
143.8455,84.2703,56.3122,43.9053
144.8339,83.4492,56.1227,44.0321
145.7492,83.8719,55.4048,44.2043
146.1501,83.6908,54.7103,43.7099
146.3846,84.6531,53.9195,43.9712
145.3668,84.4172,53.3721,44.2918
145.8817,84.3776,53.019,44.9455
145.7611,84.2438,53.1565,45.0954
145.183,84.1471,53.5994,45.6528
145.3566,84.5471,53.5207,46.2692
145.4293,84.3731,53.6923,46.5093
144.461,85.4837,53.6205,46.8031
145.3576,85.1782,53.331,47.2895
145.5133,84.683,52.9596,47.8148
145.3345,85.0332,53.1004,48.0324
144.3557,84.8772,53.4825,47.9772
142.7789,85.1728,54.3323,47.6407
143.6009,86.2034,54.3881,48.2001
141.6276,85.4462,54.7735,48.1744
142.9599,86.1635,55.2539,48.514
140.3698,85.7227,55.7013,48.304
141.5346,86.8822,55.8666,48.528
141.9287,87.1996,56.3735,48.5105
140.9856,87.5618,56.6737,48.384
140.0018,88.4025,56.1408,49.0053
141.8379,88.3756,56.0032,49.3357
140.7763,88.6043,55.5371,49.3264
140.4995,89.5523,56.0792,49.583
140.7205,89.5171,56.1488,49.4561
141.0224,89.659,55.8819,49.5301
141.4935,89.9075,55.8774,49.4813
142.2551,90.8997,55.9687,49.5005
142.1933,90.7127,55.3089,49.4396
142.2329,90.4339,55.2584,49.5681
142.5013,90.0051,54.9934,49.8591
143.7753,90.5594,54.4293,49.647
142.5102,90.2163,54.1469,49.3634
142.954,90.4317,54.4096,49.9118
142.9215,91.0794,54.2326,49.84
143.3115,90.3043,53.8408,49.5423
143.6401,90.9238,53.6433,49.0194
143.335,90.6268,53.3398,48.8848
144.3819,91.8383,53.0601,48.9513
144.6219,91.8086,53.0572,49.0422
143.6246,92.6761,53.4565,48.8198
143.3323,93.8849,53.8908,49.0941
142.2999,94.4225,54.7211,49.1574
142.4148,95.6364,55.4391,49.7443
143.2614,95.8806,55.7821,49.4324
144.7546,96.2362,56.6861,49.0539
145.6353,95.8409,57.3139,48.7511
145.504,94.7972,58.0269,48.5068
145.8502,95.5205,59.6765,48.4249
145.3467,95.4879,60.9018,48.3219
145.22,96.4517,62.6884,48.098
147.1879,96.8542,63.2604,47.937
147.8073,96.6908,63.9237,47.8839
148.0319,96.9346,64.3623,47.2505
149.7409,96.7516,64.8136,47.1977
150.5347,95.7061,64.6181,46.4997
152.5029,95.4671,64.5832,46.0445
152.9489,95.3415,64.6767,45.5176
153.7807,95.5803,64.8111,44.9908
155.4903,94.768,65.1018,44.8149
156.9297,94.4976,65.0562,44.9287
158.2776,93.5074,64.6702,45.2713
159.0578,93.4973,64.1155,45.2999
160.7076,92.4538,63.6693,45.0795
162.5931,91.6563,62.684,45.1065
165.3959,91.4583,61.954,44.966
168.8523,91.3779,61.609,44.7899
170.8673,91.3135,59.7572,44.6262
172.9031,90.3528,58.5981,44.7417
173.739,90.7819,57.7934,44.5007
176.2137,90.467,56.6075,44.8651
178.7752,89.0804,55.1671,45.0126
181.0025,89.0006,53.3941,45.0105
185.7361,89.7992,51.0781,45.962
186.6817,89.8422,49.356,46.7634
190.0571,90.4068,48.0759,47.6994
189.3193,90.6988,47.8794,47.6734
189.6344,91.053,47.129,48.2303
192.4728,91.5904,46.4324,48.7888
195.1602,92.1891,45.3531,49.2766
194.3481,92.4841,45.0366,49.7271
196.6907,92.3625,44.0939,51.0395
197.6596,92.8237,42.8959,51.7724
198.8601,94.0586,42.3126,52.2182
199.3599,94.321,41.2016,52.6388
200.0118,95.2662,40.5923,52.8157
201.0254,94.8086,39.3916,53.496
201.9198,94.5373,35.9232,56.6976
202.3579,94.1633,33.3306,59.1562
206.3441,94.4455,31.2319,61.121
205.3126,95.3118,30.1936,61.4657
204.7131,95.5114,29.8904,61.7722
204.0386,96.487,29.8107,61.6614
204.5514,96.4315,29.9952,61.9353
204.9025,96.175,30.2192,62.2378
204.8067,96.9815,30.2135,62.3306
204.3759,97.5959,30.5608,62.4241
204.9781,98.9666,30.8513,62.0736
204.8445,99.7126,31.0357,62.2525
205.047,100.1419,31.3611,61.7882
202.8063,99.7905,31.906,62.2781
202.4146,102.2243,32.5456,61.7709
201.5041,102.9804,33.2766,61.6676
201.0234,103.6064,34.2279,61.5357
199.9338,103.311,34.8676,61.2768
200.0196,104.4551,35.601,61.5288
197.9691,105.2698,36.7734,61.6294
196.977,107.6388,37.7384,61.0044
195.8895,108.67,38.8637,60.0507
194.8822,109.6012,39.9161,59.4062
194.1092,110.9041,40.8323,58.801
193.2433,112.9046,41.6235,58.2096
192.1551,114.3418,42.4378,57.4778
190.9337,114.6725,42.8997,57.0836
190.265,114.4458,42.8496,56.5032
187.3454,115.2672,46.2189,53.4399
186.7944,117.4541,48.3775,50.5282
185.8048,118.7624,49.5226,48.0795
183.7372,120.5913,50.2789,45.5146
183.1325,120.928,50.9915,43.6831
182.1008,121.6232,51.3608,42.2821
181.6349,122.0218,51.778,41.2454
180.9917,122.5164,52.2552,40.3789
180.1517,122.4462,53.0051,39.9293
179.4829,122.4762,53.0386,39.927
179.823,122.4598,52.9488,39.7126
179.4805,122.4774,53.3762,39.7434
179.1041,122.2944,54.0706,39.9505
178.4915,122.0486,54.3591,40.343
178.1051,122.2797,54.8748,40.6207
177.7681,122.3096,55.0436,41.0477
176.6953,121.6224,55.2898,41.4416
175.7432,120.8804,55.4586,41.7397
173.63,119.5513,55.8259,42.6134
172.8971,119.1497,55.5893,42.9789
171.1929,118.7061,55.3285,43.6327
169.5862,118.1802,55.5483,44.018
168.6431,117.4655,55.7393,44.1002
167.5013,116.754,56.3521,43.8644
166.1803,116.2809,57.0412,43.5926
164.4915,116.1037,57.3858,43.8242
163.2774,116.1529,57.7347,43.8458
162.9167,115.5509,57.5967,44.0684
161.5146,115.3503,57.5196,44.5029
160.4392,115.0763,57.7913,44.5714
160.4595,114.8294,57.9664,44.6476
161.0941,114.4756,58.6368,44.3976
160.7055,114.411,59.1391,44.2512
159.9265,113.8562,59.509,44.0171
159.709,113.4363,59.7884,43.8386
160.1515,112.5999,59.8865,43.8652
160.6051,112.4912,59.5091,43.4721
160.8512,111.9639,59.0744,43.5135
160.5508,110.0931,58.553,44.044
160.2624,110.2064,57.9767,43.7405
159.8325,109.7798,57.5924,43.4633
159.9811,109.044,57.9532,43.1681
160.7645,109.7524,58.1073,42.4939
160.0973,109.1413,57.814,42.594
160.3374,108.3321,57.5792,42.6031
159.9897,108.8068,57.5547,42.1144
159.9119,108.0622,57.5432,42.0157
160.3923,107.9807,57.0767,41.8466
160.585,107.6555,56.7835,41.5877
160.8277,106.3485,56.4049,41.9815
159.883,104.5771,55.0134,42.7312
158.5353,103.5705,54.3189,43.4371
155.9098,101.4607,53.7837,44.6185
154.044,102.2877,52.8989,45.3934
153.8029,101.5661,52.4712,45.5148
152.3412,99.6211,51.1075,46.3668
149.8808,99.3115,50.1703,46.7673
149.0115,101.2584,49.7817,46.3317
148.1377,101.6909,49.5933,46.0532
145.9658,101.686,49.7471,45.8819
144.0439,102.482,49.386,45.7246
142.2584,102.5328,49.552,45.4646
142.2113,102.0988,48.7974,45.5348
140.6215,101.8216,48.3121,45.9372
139.1115,101.314,48.3837,46.1961
139.1659,101.177,47.435,47.2289
139.3628,101.5656,47.2733,48.1887
139.1537,101.2455,47.8213,48.4507
137.7806,101.9128,48.6778,48.216
136.1026,102.5242,49.6775,47.9135
133.0532,102.5557,49.9611,48.3829
131.9739,102.1197,49.7341,49.4344
131.2391,101.8875,49.8587,49.8799
129.0191,101.5297,49.068,50.7244
127.7147,101.3089,48.2016,51.6624
127.3218,100.5806,47.5634,52.5942
126.7569,99.3589,46.3396,53.1588
126.4483,98.9611,45.6419,53.5415
125.7724,98.8312,44.6252,54.1183
124.0604,99.6912,43.9229,54.168
123.3582,98.7495,43.3218,53.8134
122.8656,99.1485,42.6885,53.2186
121.6128,99.5771,42.2245,52.7381
121.867,100.6112,41.9067,51.8231
121.7066,99.6249,41.4523,51.0648
120.6901,99.7913,40.8519,50.7066
119.439,100.1648,40.6513,50.3686
118.9285,99.2348,40.0659,50.4202
116.8396,100.6918,40.0443,49.8572
117.5247,100.2086,39.8729,49.2824
116.8287,99.9349,39.9461,48.8734
115.8514,99.8733,39.717,48.7755
114.3386,99.5355,39.3645,48.9391
114.4852,99.4259,39.2712,48.8006
114.7767,99.7877,39.143,48.8577
112.6469,97.7888,37.4087,50.9283
112.4799,98.7108,36.9853,52.4532
111.3991,99.0832,37.1052,52.866
110.6632,99.1756,37.6919,53.3801
108.9893,99.9791,37.8902,54.2201
108.5399,99.766,38.7929,54.9097
106.9756,98.8077,39.8537,55.3811
105.6469,98.6162,40.8662,56.1029
104.912,98.0901,41.7389,56.9529
103.3714,98.8532,42.3957,57.6943
101.7779,98.7889,43.013,58.3768
100.3217,98.6014,43.5033,58.812
96.6531,99.0621,47.9793,56.0992
92.5448,99.0063,51.3236,54.8024
89.7583,100.5457,53.3742,54.0522
87.3221,101.4722,54.4271,53.759
85.7439,101.8778,55.5166,53.3126
84.4718,102.0757,57.3562,52.515
82.081,101.7559,59.6012,52.0133
80.7919,102.0353,61.7376,52.1499
76.7799,103.1782,63.09,52.4979
75.5092,103.335,64.7057,52.3464
72.8862,103.1939,65.1544,52.5116
71.713,102.3963,66.0634,52.7383
69.1905,102.4782,67.2415,52.362
67.2376,101.6343,68.0968,52.6678
64.1017,102.4434,68.2262,52.852
63.9816,103.1013,69.209,53.1309
63.1497,101.7509,70.5064,53.2112
63.534,102.6036,71.7248,53.4213
67.6465,101.6391,72.2247,53.6724
69.8702,102.7447,70.9144,53.9803
71.0961,104.3545,68.7683,53.5165
70.2285,104.6557,67.5678,53.5637
69.5413,104.0692,66.6686,53.3914
69.0369,105.2879,65.6679,53.5539
67.3869,105.1083,65.0341,53.8679
65.6043,107.5047,65.5882,53.3185
61.9297,107.3159,66.519,53.0257
60.1936,107.6709,67.3815,52.9603
59.2608,108.3869,67.4721,53.0031
58.712,108.3896,67.299,53.4901
57.8628,109.3929,66.6798,54.055
56.1572,108.7205,65.8728,54.6826
54.3214,107.186,65.569,55.1425
54.045,107.0114,65.7236,54.4886
52.2219,105.656,64.6307,54.474
50.733,105.6873,63.8957,54.3247
48.9008,105.074,63.2961,54.1768
48.106,104.3343,62.4046,53.7369
47.5219,103.3608,61.3473,53.194
46.1312,103.1616,60.9922,53.1309
44.8674,102.8373,60.0146,54.0356
42.9031,103.3391,59.5019,55.572
41.7762,103.8949,58.5222,56.0788
41.0174,103.9443,56.5439,57.1749
39.9654,105.3394,54.6385,57.968
38.9695,104.5852,51.6864,59.9124
39.3715,103.4095,47.1795,64.2146
40.0653,103.4294,43.8837,67.1846
41.2903,104.4343,41.9346,69.2643
42.8254,104.629,40.0722,71.404
43.7133,103.9642,39.5062,71.2006
45.197,103.5328,38.6518,72.3224
45.3322,105.0215,38.5045,72.5394
45.8932,107.1663,38.2549,72.3454
47.0806,109.3323,38.3438,71.9481
47.3311,109.5981,38.147,72.715
48.1047,108.0869,37.6417,74.504
48.6033,110.2932,37.7108,73.8147
48.6924,113.1891,37.8663,73.1815
48.4851,114.9259,38.8275,72.6048
47.8457,116.2412,39.9312,72.1609
47.3033,118.5543,41.1829,71.0925
48.1487,120.1504,41.8406,70.7115
48.7234,120.7481,42.8378,70.671
51.5583,119.8915,41.8438,71.5095
52.2753,121.3944,40.6558,72.5804
52.1704,119.9617,39.7627,72.1475
52.9234,122.5831,38.9007,72.7082
53.5216,123.1516,38.8675,72.2135
54.1668,124.492,39.715,71.4518
54.2096,126.9644,40.3072,70.6092
55.4405,128.8868,40.6772,70.3045
54.3615,130.7635,41.5318,69.1955
54.424,135.3262,42.4963,68.7545
54.5149,137.0998,43.2066,68.6796
54.1022,139.2332,43.9016,69.0821
53.8685,140.0852,44.7071,69.5378
57.1435,138.7033,45.3215,68.7646
56.631,140.7438,45.8669,68.7334
59.1905,140.4231,46.4325,68.7711
57.9082,142.6975,47.426,69.4225
58.2052,141.3761,48.3138,69.4723
53.0676,144.8746,53.7976,65.3086
51.6807,147.4777,57.9387,62.1808
49.8443,149.396,61.1228,60.2639
49.7257,150.4376,63.5143,59.7252
48.2406,151.6773,65.537,59.0949
47.6063,152.423,66.7115,58.498
47.0853,153.3454,68.3961,57.9556
46.6655,155.6106,69.6082,57.6163
46.5442,156.7102,71.5691,57.4219
46.0655,157.3408,72.3704,57.3327
45.5444,157.4496,73.6155,57.4876
45.3409,158.5789,74.841,57.7157
43.7732,159.5663,76.205,57.5678
43.4823,160.0562,78.0221,57.4939
44.1547,160.5998,78.5252,57.4368
44.8621,161.5983,79.6428,57.6747
46.0747,161.0746,80.5958,57.9139
47.0853,161.7412,81.4014,58.0628
48.1456,162.3168,81.6326,58.4342
49.3235,162.6241,81.98,58.3322
50.7638,163.0431,81.0733,58.3462
51.7205,162.4141,80.962,58.6608
53.3953,162.2919,81.0464,58.4801
54.9988,161.9687,80.6396,58.4463
54.8843,160.7577,80.7217,58.0675
54.4374,162.1288,82.2321,57.2533
53.9438,160.9971,82.9025,57.25
53.9236,162.39,82.7843,56.7191
54.0069,162.4066,82.3563,56.5908
55.2389,162.6693,80.9059,56.0616
56.6909,161.8886,79.7167,56.156
59.5877,161.5402,78.8606,55.7714
62.4679,161.5844,78.7436,55.2629
64.6334,161.2979,79.3671,54.3825
66.7103,161.7582,78.6351,54.0519
68.0285,161.4084,77.6245,53.7556
69.7897,160.4408,75.3692,53.289
72.5348,160.9395,73.7915,52.6353
73.352,160.7406,72.3151,52.0876
75.3004,161.6648,71.2151,51.3633
77.3063,162.7838,70.5629,50.8029
78.548,161.9827,69.8003,50.1921
78.7694,162.4769,67.7146,49.7884
83.8733,163.2021,67.2573,48.7018
82.1454,162.8258,64.7448,48.5787
81.8882,163.7545,63.0459,48.0628
87.3713,164.3588,63.0056,46.7793
87.5716,164.576,62.7258,46.2713
89.2482,165.4645,63.0489,45.754
90.1259,165.7516,63.4479,45.3979
89.3603,165.7025,63.428,44.9879
88.4366,165.102,62.8512,45.8253
87.075,164.6716,62.3649,46.1938
89.4831,164.5863,61.3481,46.3304
91.6405,166.1176,61.6198,45.5785
97.9486,167.0753,60.3586,45.4565
97.0437,168.1139,57.9982,48.7119
100.1873,165.8276,57.4169,50.0523
101.7803,166.4657,57.7678,51.1582
98.9144,169.7512,59.7746,52.1056
98.5845,169.9317,60.9592,53.5723
103.2362,170.7028,63.143,54.3392
107.687,172.7579,64.9601,54.6877
112.1208,175.6787,66.7585,55.2354
117.5746,176.6303,69.257,55.1682
123.3676,179.6026,71.2369,54.9928
128.9473,181.1946,73.0705,54.5357
132.1475,182.0208,76.4381,54.4698
136.1362,182.7672,78.4046,54.2404
140.4406,185.2074,80.0934,55.0246
144.2435,186.1281,83.0376,55.9154
148.1203,187.2595,85.3565,56.1808
154.181,187.2532,85.308,55.8675
158.2695,187.879,86.5381,56.3537
164.0961,188.8644,86.415,55.9164
170.3536,188.7173,85.9849,55.9162
176.5839,189.3634,85.799,56.0586
179.1942,189.8841,87.5517,56.0415
181.4597,190.2503,88.9232,55.9495
185.8789,190.2662,89.1451,55.628
191.0348,191.2169,88.7625,54.9731
196.2794,191.7066,88.2548,54.7818
200.6142,191.8364,88.2154,54.8148
205.407,191.3724,88.3429,54.8336
209.6105,191.5985,88.6909,54.9135
212.4224,191.3679,89.1094,54.7349
217.2202,191.5725,89.8378,54.6656
222.1139,191.2656,90.2748,54.6145
225.2787,190.4498,90.5722,54.2276
229.7432,191.1014,90.1492,54.0056
233.2751,191.2155,89.61,53.921
236.9549,191.1605,88.7801,54.3023
242.6279,190.9947,87.7791,54.4641
248.0615,191.9033,87.7032,54.5348
252.1856,191.8291,86.5799,54.4179
255.8721,191.8701,86.149,54.0109
258.833,191.6807,86.1137,53.5467
264.0986,191.5557,85.458,53.2557
267.726,191.5609,85.037,52.8662
271.9724,192.5578,84.8013,52.8725
274.5401,192.1977,84.8415,52.8517
279.1615,191.9686,84.8084,53.0663
283.0431,191.0064,84.8503,53.2141
285.6929,190.5533,85.1831,53.2191
288.1277,189.8621,85.6436,53.3247
