1
301.2537,141.2774,73.9949,92.7613
297.8225,144.0149,75.9299,95.4474
297.4167,147.1319,76.991,97.4164
298.9475,148.1051,76.8229,98.6225
301.364,148.1216,76.8551,100.0822
304.4255,146.8717,77.7807,101.1106
307.4636,146.3822,77.4305,102.2303
306.9977,144.1569,79.1908,103.1556
307.0417,146.5906,81.3533,103.7415
307.1032,147.9362,82.9545,104.7367
308.7234,147.7398,83.949,105.873
312.832,142.4691,86.269,107.4986
318.8381,135.4271,86.8492,108.3394
326.1175,133.2822,86.0872,108.9987
328.9755,129.7723,86.4382,108.5135
331.1756,130.1542,85.9294,108.312
331.2173,127.7224,86.641,108.6997
330.0549,125.8147,87.9883,108.9189
333.3165,120.8136,88.6338,110.0834
338.7907,117.6516,89.4165,110.2647
343.3382,113.1603,90.3104,111.0619
347.3524,110.5905,91.2017,111.93
354.1381,111.4448,91.7698,112.9126
362.7196,118.5602,92.3061,111.673
370.5171,128.9424,94.1289,113.1669
375.9417,127.7248,96.7952,115.9916
372.7731,122.1488,96.261,114.307
361.7825,107.6068,92.9162,113.9614
353.5039,96.1325,92.8559,113.8527
344.4081,88.7546,90.4928,113.0437
338.1574,84.3549,88.2834,112.3035
334.6355,84.5899,87.5534,111.4747
335.3918,87.165,87.4451,110.1129
338.5911,94.9436,89.8236,108.6468
348.6438,109.265,91.6481,108.6604
360.9699,124.6628,95.2494,109.2512
368.5389,136.219,97.9406,112.5359
370.6204,131.9516,101.1626,114.8886
365.3684,116.6447,100.3094,117.7924
360.9598,102.7512,96.4699,117.6482
358.3733,92.9294,93.8235,118.9085
355.2384,87.1613,91.9565,120.4284
356.1037,86.4288,89.8704,120.4496
356.921,87.5688,90.1087,118.1239
359.909,95.8841,90.4387,114.4308
362.8254,105.0996,91.7717,111.3556
372.129,122.1444,92.5806,110.4561
378.258,142.4737,94.0172,113.6336
375.1878,145.0454,95.8703,120.4266
369.4342,132.0445,94.6604,127.049
363.7019,114.3259,93.7016,126.6152
361.9758,108.089,91.2898,127.4726
356.7027,103.6743,89.4171,128.921
355.1792,103.7928,89.9471,128.4856
352.0251,109.5728,89.441,127.1601
352.7688,123.1611,89.8316,127.1136
357.8771,134.2225,91.9893,125.6218
353.917,157.9593,90.8434,124.4318
350.4268,175.6829,90.6687,123.8987
345.5671,170.0644,89.4621,126.2314
336.5008,145.6185,89.3641,123.1564
326.5433,131.9401,87.7189,120.3114
321.1551,124.4657,86.3776,117.0658
312.7191,120.9486,84.3944,116.2787
306.2074,120.8887,82.9833,113.4659
303.3511,123.6757,81.514,110.5888
304.2067,130.0707,81.0652,108.7018
300.7883,141.8654,81.6877,107.7976
303.746,153.9907,80.276,106.779
303.8486,171.1953,78.5779,107.9203
303.197,189.1942,79.3467,110.583
298.4721,188.187,80.1525,113.2495
288.875,170.3278,79.8169,112.4723
280.4701,146.7671,78.9118,113.7071
273.2615,134.4986,77.5294,114.3702
269.1111,130.3411,77.3441,114.0495
265.4275,127.4627,76.1411,112.2802
263.837,128.0799,75.1003,109.2882
260.7025,131.3926,75.0591,106.2677
259.5261,144.2813,73.6624,105.1459
258.344,157.2061,72.7597,103.4464
258.0004,174.9356,73.3988,101.5035
253.4237,187.1008,74.4539,102.2239
254.2168,188.7876,73.1029,105.9552
251.2355,182.6103,72.658,106.6958
246.0229,175.2971,72.7226,103.2225
241.7684,175.7355,72.4254,99.7862
240.7584,181.4861,71.9047,95.3097
238.5283,187.818,72.3937,91.2086
239.2974,195.7501,72.0066,89.6317
237.4232,205.7818,72.7233,86.8676
235.4665,208.3642,72.9439,84.1478
230.2206,201.5428,72.6632,83.9805
228.6204,204.6956,71.3461,82.982
168.8872,180.335,69.4283,89.3447
168.0375,175.9008,69.0179,96.4112
173.6316,169.0037,69.5076,101.4881
171.7107,163.759,71.1036,106.0712
173.1294,160.9664,72.4311,108.0445
176.109,156.8264,73.963,110.9318
179.5284,156.1079,77.5705,109.7496
178.7289,156.4894,76.0784,109.4953
2
0
0
0
0
1
260.1334,168.9799,55.0132,68.7537
254.5397,158.3934,56.6411,68.7343
251.5426,156.6304,56.8231,69.0782
246.7914,154.7345,56.4043,70.118
238.891,149.8227,55.6609,72.1319
227.6906,143.6295,60.1614,66.3479
235.8309,145.4931,59.5095,67.3547
228.4005,144.9922,58.7832,68.9062
230.2174,145.1498,60.0468,68.2511
227.039,141.2893,58.7852,71.1375
244.8382,110.7984,53.6196,77.6473
248.136,126.5911,56.4664,74.643
238.041,136.3883,59.085,74.9672
233.3114,141.636,58.5057,75.4831
238.2701,138.5249,57.8456,76.5668
242.7073,137.4209,57.764,79.0715
250.2002,128.1752,59.914,77.726
250.7083,125.0631,62.7003,78.6127
253.7944,131.0035,64.097,80.2867
260.243,130.7378,64.9316,81.7565
265.3255,129.0678,63.7872,81.7236
230.7287,66.6893,57.7252,90.6134
2
0
0
0
0
1
271.4283,149.7053,82.8532,95.6355
273.7402,152.1081,82.0194,96.1279
270.5344,151.3318,82.9862,97.4394
266.4976,150.0246,83.8032,97.9787
263.0023,152.9044,81.9625,97.6911
263.5693,154.143,81.2101,98.6629
264.8508,152.3441,80.5081,99.4664
263.2637,149.7164,80.4141,100.6822
260.5191,150.2291,79.3349,101.4247
258.4884,142.0667,81.4588,101.3884
248.6496,138.4312,82.4872,102.0498
247.2028,137.0662,79.8688,101.8443
231.2483,139.8692,82.1537,101.0579
222.5986,142.7186,85.2016,97.2931
216.2455,143.9042,86.0808,99.885
210.9521,141.4171,86.5099,104.1411
209.7049,146.4821,85.6137,106.0791
208.8244,143.084,83.9627,108.1711
206.491,140.6636,83.9739,107.6386
205.0928,142.9381,82.7855,107.2932
201.242,141.9334,82.5651,108.768
201.8976,142.1573,82.5443,110.3578
200.6692,145.8809,84.027,110.3121
199.6729,146.2617,84.013,109.5832
203.6149,142.9077,83.1515,113.2047
206.1499,146.5497,82.5342,116.8266
211.1945,149.6158,82.6447,120.2018
217.989,150.6008,82.6134,122.2565
224.3869,152.2217,81.8542,121.8536
229.5227,154.0948,81.1721,121.6042
246.7669,159.7979,82.0715,120.9904
252.776,161.4492,81.6289,121.6634
255.8063,158.6941,86.4582,114.8481
259.0771,165.6171,88.0438,113.7161
265.0123,168.7148,87.6598,114.1361
268.2912,175.6725,88.5295,114.1716
269.3197,177.2393,88.8925,114.5161
274.8836,179.2421,88.215,112.1335
279.8813,179.5319,88.4656,106.2486
280.3842,183.968,89.6167,101.9743
283.3318,182.3285,90.1908,97.0436
289.748,184.0728,88.6552,95.5361
295.5183,186.051,87.7057,94.1052
299.5038,185.9192,86.497,92.4169
298.2655,181.6752,87.7424,89.3419
298.7794,182.2261,90.1178,85.7919
313.7509,179.3299,89.0721,84.1125
328.9281,176.3752,90.1129,82.278
328.844,175.9789,90.6717,80.0886
331.4839,175.6809,90.0967,81.5355
334.5597,181.0514,89.5182,83.842
337.1232,189.6066,89.1919,85.1023
340.5405,207.4221,87.7215,88.7929
342.887,193.0888,86.8974,89.9136
339.074,174.1765,87.1167,93.7092
332.8496,168.1632,88.0711,97.1263
330.4801,163.2816,89.5184,99.1351
330.6074,160.5464,86.6653,102.7547
331.004,166.7841,84.6433,104.9017
318.357,178.7687,87.2183,102.2772
321.9852,187.6146,87.8413,102.1798
327.9585,196.2127,88.9091,103.1988
333.1095,192.1018,87.092,106.2241
329.3912,175.4404,87.8596,106.7122
330.93,161.3588,87.257,106.5669
327.355,152.3266,87.2218,104.7181
325.4744,148.7892,86.5467,103.1077
323.3964,147.078,86.271,101.6692
322.3316,170.0912,88.3337,95.0654
323.5169,165.1018,85.5304,101.5803
323.3933,169.5029,85.2195,103.5902
316.4772,177.1695,85.6334,101.1255
308.7147,176.1203,84.6672,100.6928
307.1888,168.3194,83.0068,100.5471
302.4292,161.6103,80.932,98.4472
298.8663,155.5242,78.8878,95.9345
293.1322,158.4688,76.6157,94.9335
291.0172,164.9131,75.172,92.103
287.5076,169.7167,74.8361,89.2531
285.8359,180.3371,74.8259,87.2448
287.5885,190.4095,73.7006,87.7122
288.5259,197.4367,72.7675,90.2884
292.0827,192.5645,72.2638,91.2385
292.5032,189.358,72.1215,89.8825
291.6268,182.3587,73.6187,86.4227
294.3057,176.703,71.773,83.4368
295.0498,176.77,69.608,82.2128
294.7695,179.3932,68.7457,81.16
294.9535,187.007,68.2857,82.4895
296.0596,193.7736,66.1076,82.8631
294.2645,197.0796,65.425,82.5741
292.2518,187.0848,66.6275,82.1047
284.9672,176.72,67.1529,80.7608
284.2266,170.7153,66.7285,80.1649
282.9542,166.71,65.906,78.4898
283.5538,166.7236,64.8153,76.5451
282.0476,169.5723,64.6669,75.7657
281.9063,175.62,64.4997,75.1038
283.0107,182.8513,64.4434,74.4974
284.324,189.4398,64.2996,76.3686
281.9036,190.211,65.6643,76.0829
284.6314,175.3604,64.7357,75.3912
285.6806,179.3494,64.7863,72.7437
290.4261,185.8574,63.7975,71.1989
293.2284,191.7175,62.7254,71.3061
295.2203,190.1467,62.1117,69.2531
295.0133,183.7204,61.5435,68.9022
295.2973,174.6298,60.9016,69.3528
294.9852,167.0894,59.5905,70.139
297.1147,156.0122,59.3371,69.3463
298.3053,154.258,58.7296,68.5547
299.3959,151.8188,57.9868,67.1253
299.7216,151.3608,57.1326,65.6895
300.4675,153.9422,55.8338,64.4428
299.7328,158.6502,56.0093,62.4091
299.617,159.7317,55.7662,60.531
300.9235,156.3403,55.2381,58.9966
301.9505,144.5533,53.8319,58.3704
304.2119,139.5567,51.5695,59.2074
307.058,132.3526,49.2521,58.3254
306.605,131.8778,48.3844,57.526
305.8069,132.5375,47.6514,56.5582
304.4641,134.8921,47.755,55.1206
302.6822,137.5643,48.0368,55.6
300.4197,142.6802,47.2163,55.9468
297.2807,144.1165,46.8686,55.5751
295.4515,140.0069,46.7349,56.0163
293.3046,134.5717,46.8918,55.885
293.7536,130.6332,46.2077,56.2227
292.2413,129.3584,46.55,55.4673
290.5163,129.9162,47.0158,53.7876
289.238,133.4732,47.2727,53.4101
289.2976,135.8121,47.2227,53.7773
285.0544,147.3989,47.4839,53.5241
285.0165,152.2645,47.257,53.4216
284.5154,153.5503,46.0545,54.1956
282.3627,154.4375,46.6488,53.1901
282.8932,153.7445,46.9076,51.507
284.1623,153.6709,46.3606,50.3091
286.3435,154.3294,45.3756,49.4241
289.494,156.2221,44.6509,49.01
291.7346,159.8611,44.4872,48.3685
293.4783,164.3474,43.9175,48.6452
293.0981,166.7314,43.6096,49.6054
292.4649,164.9783,43.5847,50.2816
291.9281,159.6304,43.9262,51.7586
292.4415,155.1166,43.7949,52.4879
293.5096,150.2191,43.4757,53.6369
294.5632,147.9552,44.6492,53.2411
293.3473,145.9561,44.6515,52.4892
292.9133,148.71,44.4173,51.4056
294.6369,151.2254,44.5631,51.6877
295.346,151.7051,44.3199,52.8551
296.1974,150.7746,44.1073,52.7715
297.608,145.5739,44.0822,54.1956
298.7084,140.2231,44.035,54.6946
301.3111,135.9929,44.1386,54.1942
304.2851,134.1762,44.3534,52.9551
305.8363,135.3081,44.6912,52.9402
307.2464,139.3904,44.6418,53.5559
309.3887,143.6148,44.4648,53.9418
310.6145,145.2476,44.04,55.0243
310.3003,144.2487,43.9271,55.9658
310.3051,139.0546,43.4234,57.0203
308.8663,133.9161,43.878,57.0139
309.0613,128.4866,44.4705,57.0392
310.8367,125.8555,43.9572,57.5187
312.3982,126.6378,43.2439,56.9199
314.4424,125.5389,42.2608,57.7365
352.6564,163.0851,45.7685,55.5312
2
0
0
0
0
1
320.447,133.5016,41.0882,53.8789
319.4849,133.398,41.3632,53.442
317.2834,137.1831,42.3934,53.7549
317.0266,140.5509,42.1114,54.8182
317.7882,143.9983,42.9179,55.7309
314.7918,144.524,43.7967,55.9108
315.3687,140.0303,44.0576,56.5807
315.3944,131.8441,43.362,56.8038
315.708,124.8923,42.7187,55.8781
314.838,120.8464,42.3979,54.462
314.5641,120.7758,42.6389,54.2036
312.6356,122.1738,42.8596,54.9919
310.5942,126.2378,42.9245,55.3
307.8995,130.0012,42.2844,56.4105
305.8379,136.1951,42.1721,56.4574
303.5072,138.3196,42.7651,57.8159
303.8338,132.6936,42.8171,58.7688
303.1995,127.3866,42.8352,58.8375
302.3629,123.6022,42.186,58.6869
301.1958,121.1702,42.7343,58.1451
300.5918,121.8801,43.3912,57.7591
301.4399,125.7981,43.7509,56.8121
301.1652,130.3883,44.4318,55.7495
301.0268,141.2055,44.6591,55.0592
300.9118,146.6443,44.9034,56.1564
301.4233,146.837,45.2463,56.8057
303.1209,141.0159,46.1064,56.9946
305.9784,134.258,45.4349,57.6067
307.8846,129.6232,44.7226,57.4541
311.0745,128.5721,43.3081,57.2363
313.0997,129.4568,42.0477,57.1283
314.6187,133.404,42.1771,56.211
314.846,138.267,42.0094,56.3738
316.9399,139.7351,41.8742,57.9192
317.5389,138.6551,42.9145,57.9159
318.904,136.4883,42.7314,58.9765
317.513,136.4704,43.2845,58.6791
318.4921,137.7216,42.6769,58.4341
315.5754,139.7072,42.2986,56.7853
317.8377,140.0053,41.4651,54.9103
321.8696,141.985,41.9737,52.9924
321.1244,142.1493,41.831,51.8568
319.4469,141.9616,41.9301,50.6935
317.8653,141.1729,42.2751,49.4776
314.9716,145.5323,42.0479,47.777
313.4603,143.7588,40.4955,47.4028
317.9102,142.608,40.1011,46.6074
318.1549,141.9113,39.6298,46.1398
311.7703,145.4342,38.1186,45.943
314.3948,145.0129,38.0176,45.147
312.609,145.2704,37.7573,45.2672
310.658,147.9528,37.19,45.6947
308.9668,147.2089,36.5744,46.0216
311.8211,144.2035,36.623,46.0099
310.1551,138.0267,36.7552,46.7097
307.2118,139.8674,36.7764,47.1668
305.1689,138.8344,36.3966,48.5613
307.7846,141.8411,37.3267,48.867
311.4059,140.7829,38.6133,49.0841
309.2693,139.612,37.7555,50.7052
307.6166,139.1322,36.6244,52.6547
307.3618,137.7888,34.8232,55.3319
310.7734,141.3257,35.3471,56.2343
310.5398,140.9306,34.4024,58.3963
314.6575,144.3157,35.424,58.5271
319.9723,147.0002,36.6808,57.5036
354.5067,125.2518,38.6788,55.5327
2
0
0
0
0
1
348.6072,154.8177,41.1908,58.136
347.7567,155.1654,41.6753,58.9554
348.3372,159.2289,41.0452,62.4187
2
0
0
