1
82.4963,149.2493,27.2999,31.1148
82.9788,146.914,26.335,32.4601
83.2439,146.3921,25.8047,33.5039
83.3379,143.7281,25.6169,33.7634
83.2964,143.4526,25.6998,34.3144
81.7109,141.3914,26.304,34.1588
81.7081,141.0586,27.1726,33.9615
80.9463,139.1096,28.6962,33.4908
79.8106,137.7533,30.0769,33.5314
78.349,136.567,31.174,34.0778
77.8892,133.5719,32.0935,34.4343
76.1077,132.7285,32.7794,35.162
75.3664,129.8663,33.2808,35.98
75.6872,129.2793,33.6413,36.1519
74.1495,127.4216,33.6853,36.8358
74.3628,123.4986,33.2586,37.5282
74.1759,119.8896,32.6063,38.5895
74.0412,116.269,31.8433,39.6363
74.1664,111.9362,31.5929,40.0097
74.1875,108.1098,31.5507,40.3943
74.6217,104.6472,31.7258,40.0147
74.7395,103.4223,32.5308,39.3431
75.2482,101.7121,33.5992,38.5917
75.1676,98.5039,34.8088,37.6708
76.7887,96.727,35.7776,37.0133
77.2713,93.3789,36.9276,36.3068
78.4423,91.9353,37.778,36.0015
81.3727,89.5852,38.3519,35.3394
83.6562,87.6328,39.1382,34.9616
84.9448,87.8516,39.7907,34.5239
85.2477,84.6724,40.2645,34.4057
86.0062,81.4147,40.9168,34.4125
85.9275,79.7438,41.0743,34.4698
86.2399,75.788,40.4495,34.6944
83.8073,73.292,38.7609,35.3171
84.3807,69.956,37.6142,35.5298
82.3254,67.8134,36.4131,35.5657
82.6923,64.6655,35.6792,35.5954
80.9544,63.9204,35.0214,36.0521
81.4242,61.2515,34.0818,36.2376
81.818,61.0738,33.2942,36.593
82.087,58.4646,32.7561,36.7516
81.5503,57.788,32.8236,38.1049
78.307,57.5939,34.1687,38.493
78.418,57.6349,35.0024,38.4109
78.9358,58.7983,35.0342,39.2867
79.7028,59.1677,34.5821,39.6297
80.1565,59.5804,33.6746,39.8843
81.0962,60.6237,33.9344,38.8672
81.2104,61.1441,33.706,37.8266
80.6788,60.8726,32.6935,37.3316
81.239,61.5431,31.573,37.0048
81.0175,64.8755,31.0248,36.2874
81.0624,68.3219,30.935,36.1939
81.2642,70.357,31.4999,36.966
81.4426,74.0884,31.143,38.4085
82.0493,77.4451,30.9359,39.7451
83.1644,80.1422,30.7531,40.4928
84.2269,82.4223,30.6925,41.0938
84.816,83.2466,30.5547,41.5262
87.0025,84.1162,30.3614,41.8768
88.0008,84.0214,30.459,42.0664
88.9662,84.476,30.6314,42.2088
90.3507,83.5988,31.0321,42.9065
92.8245,83.4417,31.4536,43.2207
93.8657,83.3912,31.542,43.3219
94.3463,83.2816,31.6693,43.5411
94.9105,83.6276,31.6347,43.9428
94.9598,83.5059,31.5361,44.1863
94.9899,83.3658,31.476,44.4664
95.6956,83.2825,31.1693,44.6331
95.9041,83.2446,30.7524,44.7089
96.1414,83.8589,30.2777,44.577
95.7936,83.7138,29.8865,44.8671
95.3164,83.6068,29.756,45.0811
95.2932,83.7701,29.8023,44.7546
95.8778,84.0327,29.7149,44.2294
95.8946,83.7171,29.6813,43.7881
95.9406,83.7519,29.5894,43.7186
96.4556,83.2342,29.6219,43.6913
96.5154,82.6665,29.5023,43.7641
96.9585,81.0685,29.678,43.7745
96.9003,80.7275,29.7944,43.3917
97.3829,80.2147,29.8903,43.3561
97.256,79.7687,30.144,43.1862
97.79,79.2191,30.1397,43.2218
98.4367,77.9153,29.9102,43.7014
99.0427,77.2323,29.7658,43.9998
99.4174,76.8968,30.0862,44.6708
99.878,76.5174,30.2502,45.4295
100.4469,76.0583,30.2118,46.3477
101.1083,75.7924,30.0016,46.8796
101.076,75.5644,30.0662,47.3354
101.6194,75.4801,30.1046,47.5042
101.629,75.356,30.0853,47.7524
101.5314,75.4613,30.2805,47.5416
101.4913,74.8625,30.3608,47.6076
102.5211,74.9695,30.5694,47.3935
102.9185,75.024,30.9089,47.2844
102.8156,75.0028,31.1148,47.327
102.9512,75.6708,30.8436,47.1332
102.736,74.022,31.274,47.026
102.3228,74.2195,32.1004,46.6311
102.5509,74.752,32.7921,45.5661
103.4256,75.0808,33.329,44.9085
103.9371,76.8703,33.4476,44.7546
103.7815,75.4672,33.7589,44.1369
104.1918,73.4748,34.0751,43.5744
104.004,74.2816,34.4507,43.094
103.9281,73.7767,34.6024,42.972
104.0177,72.3675,34.4233,43.5256
102.9908,72.139,34.2009,43.9827
102.6395,72.867,33.762,44.8098
103.3251,72.2789,33.538,44.8387
99.8523,74.5034,33.6193,43.8218
99.2994,74.1417,33.5953,43.4156
101.0616,73.5434,33.4401,43.4891
105.5467,74.6597,32.322,43.4998
102.0706,76.6363,32.6513,42.8581
101.6878,78.6886,33.417,42.0514
101.2176,78.4851,34.3574,41.3592
100.0784,78.9657,35.5324,40.3979
99.6468,79.3343,36.3955,39.6608
98.6247,80.1962,37.3305,39.046
97.959,81.4835,37.5479,38.6997
96.6132,82.1711,38.0156,38.4364
98.3916,82.7304,37.8039,38.4328
97.3186,82.7448,37.7265,38.4042
97.4452,84.3556,37.4733,38.5128
95.5768,84.2471,37.8866,38.7298
98.514,84.3402,36.4833,39.6612
92.5255,86.0137,36.2445,40.7563
101.204,86.9565,34.6232,42.2426
97.2559,91.7762,34.6694,42.696
95.9472,90.3846,36.1576,40.9624
95.326,91.4305,37.4001,39.9965
95.9062,92.3574,38.5001,39.273
95.5021,93.6215,39.3082,39.0166
95.8407,93.6672,39.7754,38.9251
97.4094,93.6465,40.0889,38.9666
98.6233,93.098,39.9725,38.9079
103.5464,90.3185,39.3506,38.7016
105.6882,89.782,38.4872,38.6347
107.1008,87.7812,37.9132,38.1338
110.3887,88.0757,37.9895,37.5448
111.4968,85.0232,37.9742,37.0471
111.2094,85.1627,38.5489,36.7681
112.4754,85.1933,39.307,36.707
112.5423,84.7548,40.2805,36.4766
116.6086,84.4029,39.9786,36.0617
116.7891,83.6309,39.6176,35.391
117.7848,83.81,38.7171,35.0329
118.7846,83.9044,37.7887,34.8441
119.8989,84.2884,36.6142,35.13
120.311,84.6594,35.79,35.4285
121.7645,84.4227,34.948,35.9019
121.9298,83.7535,34.6173,36.2134
122.497,83.1658,34.5096,36.3621
122.6503,81.0962,34.203,36.3917
122.546,80.6078,34.4116,36.3453
123.0849,79.7727,34.3594,35.9644
121.4726,79.1524,33.5092,36.1862
121.6435,78.4304,33.1674,35.6124
122.3508,78.4921,32.7473,35.489
123.4378,78.312,33.5311,34.8632
124.1789,77.7869,33.0373,34.9251
124.3511,77.0395,31.7112,35.4384
125.0684,76.4051,30.2766,35.7383
125.6952,75.8514,29.023,35.8949
126.5611,75.6975,28.2245,36.2026
128.0544,75.1055,28.0141,36.4613
130.8546,75.1219,27.9692,36.4286
130.7556,74.3825,28.1672,36.0578
130.7176,74.0513,28.2433,35.7981
132.3441,73.77,27.7484,35.4412
133.0204,73.7903,27.3016,35.4006
134.1764,73.4231,26.7859,35.237
134.8051,73.9326,26.416,35.1052
134.8899,74.1671,26.2462,34.6363
136.8272,74.0047,25.8489,34.0916
137.1893,74.5535,25.1248,33.8487
138.0136,74.9307,24.3154,33.9335
138.4202,76.1768,23.5021,33.9231
140.3974,76.3874,22.8035,33.5019
141.4289,77.0359,22.3326,33.001
144.4479,78.2447,21.7602,32.9259
144.8758,78.6072,21.6746,32.9711
144.949,80.5675,22.2978,32.8981
146.05,81.1579,23.9889,32.496
145.8773,81.5876,25.9344,31.6366
144.8982,82.4785,27.8925,30.6727
144.9988,82.9944,30.1924,29.641
144.0346,83.6832,31.2677,29.1163
142.2959,86.597,31.3005,29.3167
137.2931,89.6785,30.0624,30.0728
139.765,91.6621,29.4084,30.3954
134.6496,94.0333,28.5509,30.7705
137.3973,93.2153,28.1288,30.7156
137.1139,91.7491,27.8575,30.2959
136.2133,92.6631,27.1774,30.1222
132.4836,93.4947,26.4994,30.0864
134.4526,91.1139,25.7713,30.0329
133.4838,91.5162,25.3385,30.0185
132.0539,91.2268,25.0658,29.8142
127.1757,105.7947,23.9641,30.9262
126.5394,103.694,22.9107,32.0262
126.533,102.9705,22.148,32.6981
124.5115,102.7102,21.5522,33.2187
124.3631,104.6436,21.0776,33.9796
123.5622,101.4608,21.1296,33.3707
136.4218,89.6074,23.7753,31.0123
136.0568,91.4703,25.279,29.6075
132.5517,91.2761,26.8591,29.2201
130.535,91.4617,27.7147,29.6434
127.784,91.168,28.3293,30.2308
123.9554,90.7636,29.3184,31.0397
121.2775,89.7949,30.3653,32.1152
119.0138,89.1708,31.3118,33.3633
115.5554,88.9954,32.6498,34.644
112.2265,88.445,33.4812,35.7448
112.0049,88.9687,33.9244,36.7004
112.341,88.6705,34.2757,37.2969
112.77,88.8568,34.4562,37.9628
113.1839,88.6647,34.6804,38.3471
114.8668,88.6074,34.4989,38.4616
116.0592,88.5896,34.2347,38.4972
117.1051,88.8275,34.2564,38.0214
117.7893,88.5345,33.9376,37.5577
119.0878,88.5926,33.4153,37.4416
121.8785,88.0413,32.9701,37.5169
122.671,87.8714,32.4064,37.8566
123.7157,87.4949,32.3527,38.6097
126.4623,87.3571,32.003,39.9141
127.7327,86.2659,31.5488,41.053
131.4601,84.0538,31.4699,41.2624
131.4958,84.1842,31.3985,41.0018
132.6297,83.2791,31.2315,40.711
133.5397,83.0193,31.4982,40.1873
134.2811,82.7603,32.0945,39.6658
136.9535,81.6118,32.9956,38.8398
138.674,81.4157,33.7247,38.1895
141.5488,79.1343,34.2383,37.5329
143.5977,79.5212,35.3487,36.759
145.4382,79.2996,36.9016,36.1555
148.3544,78.467,38.4988,35.6979
149.8765,78.8192,39.7693,34.9935
151.9746,78.5924,41.007,34.3604
154.2036,77.1583,42.0256,33.9425
154.4393,77.3556,42.6582,33.548
156.4778,75.2643,43.0092,33.3026
156.4911,74.7756,42.9827,33.1717
157.1064,72.6519,42.8576,32.9964
156.8061,72.6435,42.3573,33.0133
155.9168,72.1164,41.9488,32.9737
155.3957,70.9003,40.8174,33.2323
154.3165,69.1392,39.7539,33.5327
154.6345,67.9764,39.118,33.7328
155.1017,66.1956,38.1835,34.1255
156.2702,64.9352,36.8949,34.5496
157.3088,62.7837,35.8532,34.7107
159.7587,60.6917,36.0633,34.8068
160.5009,60.6324,35.6055,34.9254
162.5346,58.4287,35.6244,35.2467
163.4595,56.29,35.8287,35.416
166.1062,53.4356,35.6996,34.9276
167.552,51.1272,35.8773,34.4291
169.2991,51.3609,36.4542,33.9617
171.4498,49.022,37.2488,33.5435
171.189,48.8778,37.7705,33.832
170.6648,46.7734,38.8187,33.8915
170.7173,46.1882,39.7681,34.0076
170.7482,45.5264,40.7771,34.2604
170.3686,45.3628,41.5363,34.5877
170.1062,45.1544,42.0611,35.0044
170.4421,44.9567,42.5111,35.3998
170.7337,45.3373,43.0633,35.7738
170.5583,45.1413,43.4139,36.1658
170.4894,45.5463,43.5518,36.5173
170.3956,46.0107,43.7395,36.758
170.2263,46.5266,44.078,36.9023
170.0193,47.0377,44.492,37.0638
169.8756,46.9541,44.7794,37.2309
169.0754,47.4762,45.1801,37.3864
168.8909,48.0084,45.5491,37.5304
168.7989,47.9297,45.7331,37.6877
168.7943,47.9167,45.7422,37.7137
168.7342,47.9322,45.8625,37.6828
168.6315,48.0315,46.0679,37.4842
168.5856,48.1524,46.1596,37.2424
168.6088,48.2051,46.1133,37.1369
169.405,48.9017,45.7393,36.9622
169.3462,49.5672,45.8568,36.8411
169.2904,49.6337,45.9685,36.7081
169.3558,49.7105,45.8377,36.5545
169.3747,49.8295,45.7999,36.3165
168.9182,50.5893,45.5127,35.997
168.4152,50.7758,45.3282,35.624
168.5576,50.9229,45.0434,35.3298
168.395,51.144,45.3685,34.8877
168.3606,51.3105,45.4373,34.5547
168.4678,51.5238,45.223,34.1281
169.2296,51.5804,44.8547,34.0149
168.8492,52.1498,44.4676,34.024
168.7125,52.1554,43.5988,34.0127
169.3554,52.1311,43.4418,34.0613
169.3164,51.5724,43.5199,34.0514
169.4201,51.5445,43.3124,34.1072
169.631,51.4924,42.8906,34.2113
169.6795,50.4184,42.7937,34.1165
169.7825,49.8483,42.5877,34.1383
167.9963,49.7993,41.6973,34.2361
168.7387,49.806,41.3163,34.2229
168.5403,49.8199,40.6153,34.1951
168.935,49.8746,39.826,34.0857
168.8387,49.8994,38.9457,34.036
167.6126,49.8479,38.2221,34.139
167.7001,49.9256,38.0472,33.9837
167.3673,49.94,37.6687,33.9548
167.0473,49.4206,38.3086,33.956
166.1634,49.8134,37.9813,34.2179
165.347,50.332,37.5205,34.2275
165.3576,50.7565,36.4596,34.4183
163.6844,51.5886,35.6994,34.8074
163.7403,52.0009,35.5875,35.0039
163.7694,54.4837,35.5293,35.151
162.0709,55.064,35.8543,35.0145
162.1749,55.125,35.6464,34.8925
160.5251,56.7201,35.881,34.7673
160.0134,56.6948,35.8811,34.8178
158.687,57.1449,35.4616,34.9417
158.1968,57.6652,35.4222,34.9207
155.8975,58.0954,34.9276,35.079
155.0586,58.538,34.5784,35.2074
152.0352,60.3063,33.5545,35.7111
149.7222,60.8326,32.1676,36.6628
150.6896,59.461,31.2282,37.4154
156.0145,58.908,33.4767,35.5449
153.2431,60.0456,34.028,34.2681
153.797,61.5133,34.8935,33.3058
152.4788,62.5416,36.5452,32.2336
152.7646,63.4349,37.9588,31.4397
152.0779,63.6589,39.3322,30.9917
152.0315,63.5715,40.4395,31.1665
153.877,63.1835,40.885,31.9424
153.9071,62.7933,40.8248,32.7229
151.3518,63.1568,41.6727,33.0616
150.4158,63.1671,42.4607,33.0411
151.0592,62.8074,42.2696,33.7603
149.7979,62.6818,42.5828,34.0115
149.7372,61.534,42.7043,34.0801
148.8959,65.5543,43.2704,33.8549
148.0958,63.3251,43.7492,33.828
147.3099,63.2554,44.1929,33.9675
147.1196,63.3015,44.5736,33.8752
147.0634,63.7664,44.686,34.0867
146.9024,64.3639,45.0079,34.0382
146.2192,64.4795,45.2238,33.807
146.1653,66.6789,45.3317,34.0081
145.5023,67.2844,45.5027,33.9518
145.3787,70.1888,45.7499,33.9258
144.6567,73.1894,46.034,33.7237
144.5853,74.3524,46.1769,33.7191
144.5647,76.1873,46.2181,33.5377
143.747,77.0555,46.6931,32.9616
143.4903,78.4702,47.2064,32.4478
