1
141.0035,29.7161,33.0566,130.0469
140.8121,27.7749,33.4394,131.561
140.6452,27.2729,33.7732,132.565
140.5418,26.7795,33.9799,133.5518
140.3934,26.2517,34.2768,134.6074
139.1458,25.769,34.3165,135.5729
139.0507,25.8421,34.5068,135.4267
138.0031,27.0947,34.1307,135.3928
137.8825,26.9721,34.3717,135.638
137.7699,28.2859,34.5971,135.4822
137.8536,28.1173,34.4297,135.8194
136.7457,28.1854,34.1701,135.6831
136.7103,29.4816,34.2408,135.5592
135.4968,29.4463,34.1997,135.6299
135.423,29.5698,34.3473,135.3828
134.3558,29.458,34.014,135.6065
134.2205,30.7738,34.2844,135.4395
134.154,30.6408,34.4176,135.7054
134.0258,30.6724,34.6738,135.6421
134.06,30.7889,34.6055,135.4092
134.0228,29.9544,34.6799,134.6053
134.1141,29.7634,34.4973,134.9873
134.197,28.4015,34.3316,135.246
134.3979,28.4599,33.9297,135.1292
134.518,28.4947,33.6896,135.0597
134.6649,28.57,33.3958,134.9089
134.7441,28.536,33.2373,134.9769
134.7274,29.7189,33.2707,135.0521
135.9296,29.7923,33.309,134.9053
135.9304,29.858,33.3074,134.774
135.9143,29.8684,33.3395,134.7533
135.99,31.0092,33.1883,134.9113
137.1936,31.0675,33.2201,134.7948
137.2574,31.1178,33.0925,134.6941
137.2249,32.1871,33.1574,134.9897
137.1793,32.2126,33.2486,134.9388
137.0359,33.4345,33.5354,134.9356
136.8384,33.3219,33.9304,135.1607
136.7415,33.2407,34.1243,135.3232
135.4174,33.5229,34.3098,134.7587
135.324,33.4417,34.4967,134.9211
135.2732,33.3784,34.5983,135.0477
134.0034,33.3035,34.6701,135.1975
134.0435,33.425,34.59,134.9546
134.1765,33.3897,34.3238,135.0252
134.2958,33.1766,34.0852,135.4514
134.3611,33.2525,33.9547,135.2995
134.4201,33.2819,33.8366,135.2408
134.3842,34.6238,33.9085,135.013
134.2705,35.9082,34.1359,134.8985
134.2266,36.0096,34.2237,134.6956
134.1199,35.9676,34.4371,134.7796
134.1403,36.1146,34.3962,134.4855
134.0043,36.0777,34.6683,134.5593
134.0117,36.3966,34.6536,133.9215
132.7982,36.3342,34.6275,134.0463
132.9241,34.9724,34.3756,134.3158
133.1531,34.9694,33.9177,134.3217
133.2834,34.8167,33.6572,134.6272
133.3181,34.7392,33.5878,134.7822
133.4317,34.5323,33.3604,135.196
134.7235,34.4169,33.2232,135.4268
134.7061,34.4449,33.258,135.3707
135.8792,34.6704,33.3588,134.9198
135.6524,36.2958,33.8124,134.1114
136.7339,36.6672,34.089,133.3685
136.6224,37.2612,34.312,132.1806
137.6591,38.0248,34.6607,130.6533
137.5711,38.4736,34.8367,129.7558
137.4208,38.7385,35.1372,129.226
138.5077,39.1254,35.3596,128.4522
138.168,39.5426,36.039,127.6178
137.9005,41.2058,36.5739,126.6815
137.6407,42.6823,37.0934,126.1156
135.2632,43.8573,37.0713,126.1543
131.6348,43.7264,37.1618,126.416
124.0331,44.0197,38.0002,125.8293
123.4419,43.3403,39.1826,124.7867
115.8068,42.6331,40.0021,123.7928
110.575,41.8779,40.8281,122.8938
108.9504,40.8005,41.6656,122.6368
100.118,41.2882,42.367,121.6615
98.4192,39.4057,43.3424,120.5821
97.8865,38.7425,44.4079,119.484
95.8742,42.9168,46.0045,115.9913
92.6482,44.3022,47.6438,113.2204
91.682,46.6382,49.5763,110.9439
90.175,49.3984,52.5903,107.8199
90.022,52.2941,57.7029,104.4319
89.9475,54.8824,62.7342,101.6963
88.7055,56.1729,67.7035,99.1153
90.3687,56.4776,71.964,98.506
90.4074,55.0503,74.4762,98.7709
92.1988,53.2607,76.1627,99.7156
96.8625,51.2444,77.5412,101.0716
104.6896,49.1617,78.205,102.5173
111.9633,43.6547,74.6679,105.2737
114.8711,40.8198,71.5891,108.2066
115.2877,40.2845,70.756,109.2771
113.4961,42.082,71.6064,108.4149
106.5578,40.8061,71.8137,108.2329
106.6473,39.7963,71.6347,107.5179
105.5903,39.6458,71.0278,107.819
101.1946,45.1541,68.958,110.3787
110.3174,43.6594,64.309,113.3681
113.5153,42.7984,60.5989,115.0903
114.1196,44.9991,59.3902,115.9847
112.8825,46.3423,59.224,115.9386
109.5211,47.5826,60.6732,113.4582
107.2951,47.1946,65.1251,111.6089
105.4183,47.7643,68.8788,110.4695
114.3278,44.5721,70.0951,111.4153
116.6992,42.634,68.106,115.2914
120.3141,42.3859,63.6546,118.566
122.2969,42.6581,59.689,120.7732
114.3283,43.7301,59.3314,121.345
114.0471,43.9431,59.8938,120.9188
114.0191,42.8088,59.9499,120.466
115.1178,42.077,60.4684,121.9296
119.2945,42.1823,60.3535,124.4652
136.2217,43.5195,59.8754,127.3536
135.2559,45.8999,61.8069,128.2233
129.2239,47.4909,62.4248,127.9027
123.507,44.1101,65.2561,128.9293
121.769,34.2018,68.732,128.2258
120.4193,33.303,71.4315,127.0425
131.2008,34.5886,73.942,124.4714
133.2826,39.1228,75.8053,121.4298
135.3167,41.7898,77.7354,119.095
135.2489,48.6911,77.871,117.2777
134.6586,52.4016,79.0517,115.7992
135.2789,57.5296,80.7796,114.4483
135.0886,66.4487,81.16,114.4687
135.5176,67.6224,80.302,115.1044
136.2011,69.2149,78.9351,114.8978
136.6173,71.0421,78.1026,114.1963
127.4743,71.3326,81.746,113.6154
122.1848,71.516,86.3658,113.2486
111.7983,63.8034,94.9412,107.328
114.307,47.2616,105.4035,97.0682
114.2323,39.5765,114.8484,87.6503
99.4536,36.7858,122.7697,80.8682
101.2197,27.3641,116.1398,84.2232
121.5541,23.5024,115.1727,88.8928
134.5606,21.5796,107.8566,95.8546
135.3165,20.4917,100.1108,104.2644
134.0831,21.8342,93.1879,110.9691
136.7215,32.6895,87.911,114.254
139.7683,46.6961,84.9074,110.96
149.2378,52.6818,86.9031,104.9698
149.1181,63.9349,93.0042,97.1178
145.8883,78.0383,96.5583,89.249
143.6274,91.6771,98.2438,84.6609
136.1713,100.9555,93.6365,85.6237
139.0922,96.6633,87.7946,88.7423
142.0431,93.9031,81.8929,91.5714
145.6241,90.9711,74.7308,94.7927
148.725,82.4864,68.5291,98.8733
150.0113,75.1919,63.4175,103.3065
142.1999,71.1105,61.395,108.9485
132.1463,66.7625,63.5069,109.9325
127.7202,62.2939,67.117,108.3854
113.8169,56.125,73.6542,102.1122
101.8412,40.5481,81.5724,93.1834
90.3247,35.4935,88.6293,84.6536
91.4399,35.6004,94.3177,79.1608
99.3287,29.3476,94.3753,78.4701
99.3459,29.4877,94.3409,78.19
102.0891,31.7783,91.4783,78.8564
116.7902,21.032,82.8018,84.805
125.8382,19.7593,74.9092,89.9012
134.647,19.0076,67.3124,93.9096
148.3928,19.4094,61.8133,95.5497
154.6228,21.1559,58.864,94.4345
155.0067,22.9966,58.0962,90.753
158.729,32.8161,59.6268,84.5769
159.401,35.3285,60.4586,79.5522
158.6517,36.0859,64.07,73.8117
163.7163,62.0846,66.4338,69.7047
162.3996,64.81,67.0119,66.3091
156.9371,68.4616,63.8624,69.0593
159.3691,68.1089,58.9984,73.7738
161.894,68.5706,53.9486,78.8516
156.6054,69.7585,50.5562,82.4628
158.0368,71.2293,49.6871,81.5148
158.2609,72.8169,49.2389,80.3045
159.2518,72.3492,47.2571,79.3007
160.1595,71.9873,47.3328,78.1332
159.3822,71.4858,47.0124,77.2613
152.6648,71.172,47.451,76.0323
151.8311,66.9462,49.1183,75.2562
150.1259,67.1651,50.6673,74.8185
151.195,66.6679,52.2901,73.9322
154.6304,65.9651,52.9946,73.444
155.667,65.1876,52.8194,73.1013
162.1701,65.2083,51.1519,73.0597
163.0415,65.4759,49.4091,72.5245
163.713,65.7627,48.0661,71.951
164.2983,67.0666,46.8955,71.1375
165.5632,67.4883,46.1283,70.294
165.8528,67.7304,45.5492,69.8098
165.7722,67.9016,45.7105,69.4675
162.2321,68.0473,45.9192,69.1762
161.2786,68.1888,46.1092,68.8931
159.3699,68.2536,46.495,68.7635
158.096,68.1793,47.3226,68.9121
156.8347,68.1238,48.1091,69.023
156.1604,68.0303,49.4577,69.2101
153.5262,67.6577,49.3993,69.9553
153.1711,67.4295,50.1097,70.4117
154.1688,64.97,49.9188,71.7215
156.9052,61.1826,49.91,73.8324
156.9277,60.5139,49.8649,75.1697
157.1423,59.96,49.4357,76.2775
161.1381,59.529,48.9729,77.1396
163.1793,58.3017,48.6655,77.7066
163.7378,57.2541,47.5485,77.9111
164.8999,55.0143,47.0996,78.64
168.0168,54.4733,46.502,79.7221
170.8705,52.6883,46.4488,81.4073
172.3555,51.7582,45.3877,83.2676
173.0053,50.9675,44.0881,84.8488
176.3195,50.7569,43.2187,87.1898
178.3728,50.7598,42.9904,89.123
179.5419,51.0436,42.6156,90.5189
180.6425,52.4839,42.3919,91.5931
180.8741,53.1086,41.9288,92.333
182.0959,53.7503,41.4769,93.0414
182.3023,54.4852,41.0642,93.566
183.4871,54.1993,40.6892,94.1378
184.6551,54.1399,40.3496,94.2566
184.8056,53.1105,40.0485,94.3232
185.1842,51.9567,39.2913,94.6431
185.3945,51.8531,38.8707,94.8502
186.6297,51.8056,38.375,94.9453
186.9788,51.8265,37.6768,94.9034
187.3154,51.896,37.0034,94.7646
188.6499,53.0715,36.2747,94.3535
188.8609,54.2082,35.8525,94.0013
188.8894,54.5786,35.7957,93.2605
188.9978,54.7146,35.5788,92.9884
189.0346,54.786,35.5052,92.8456
189.0806,54.9304,35.4132,92.557
189.1384,54.8839,35.2976,92.65
189.166,54.8926,35.2424,92.6325
189.2621,54.7278,35.0503,92.9622
189.3193,55.5106,34.9358,93.2758
189.4534,55.5758,34.6676,93.1454
190.4508,55.3625,34.5478,93.5719
190.518,55.5607,34.4134,93.1756
191.5004,55.4797,34.3195,93.3375
191.3652,55.5043,34.5898,93.2883
191.1863,55.5257,34.9476,93.2455
189.9922,55.6897,35.4543,92.9176
188.6147,55.7175,36.3235,92.8619
185.3616,55.7798,37.1281,92.7373
185.4968,57.3034,36.8576,91.6032
185.7022,58.6552,36.4469,90.7915
186.0788,58.8598,35.6938,90.3825
184.238,60.2452,35.668,89.4651
184.3539,59.275,35.4362,89.5656
183.383,59.3089,35.5407,89.4979
183.2432,59.4917,35.8203,89.1322
182.3929,59.4763,35.6831,89.1631
182.2198,59.3872,36.0293,89.3412
181.4716,59.6132,35.6811,88.8892
181.5879,59.8416,35.4484,88.4325
181.9919,60.9598,34.6406,88.0172
182.4432,61.0252,33.7379,87.8863
182.8699,61.2424,32.8846,87.4519
183.2935,61.4898,32.0373,86.9572
183.6743,62.7288,31.2758,86.2182
183.9882,62.91,30.6478,85.8557
184.3488,63.9086,29.9268,85.5567
185.581,63.819,29.143,85.7359
185.866,64.8298,28.573,85.3832
186.1161,65.6585,28.0727,85.3794
186.2404,66.6469,27.8242,85.0472
186.378,67.5637,27.549,84.8486
186.5391,68.4764,27.2267,84.6507
186.6004,67.8424,27.1041,84.3001
186.68,68.7136,26.945,84.1691
186.7656,68.7387,26.7739,84.1187
188.5424,68.8179,26.4257,83.9605
188.6814,68.8041,26.1476,83.988
188.7634,68.7565,25.9837,84.0833
188.7863,67.9688,25.9378,84.0709
188.7575,68.7104,25.9955,84.1744
189.5647,68.7494,25.9704,84.0964
190.2959,67.9813,26.0955,84.0449
190.2903,68.7668,26.1066,84.0632
190.2168,68.0037,26.2536,83.9998
191.0212,68.0927,26.2363,83.8217
191.0251,68.1301,26.2286,83.7469
191.7786,67.4408,26.309,83.538
192.5335,67.4719,26.385,83.476
192.4813,67.4948,26.4895,83.4302
192.4704,67.4704,26.5113,83.4789
192.3613,66.536,26.7296,83.7589
192.3276,66.4872,26.797,83.8565
192.2626,65.661,26.927,83.9095
192.2678,65.5334,26.9164,84.1646
192.2688,64.6654,26.9144,84.2947
192.3526,63.6078,26.7469,84.8021
192.3997,63.4954,26.6528,85.0269
192.4306,63.3289,26.5909,85.3598
192.3627,62.267,26.7266,85.8667
192.3174,62.0113,26.8174,86.3781
192.2247,61.0811,27.0027,86.6029
192.2175,60.7538,27.0171,87.2575
192.9983,60.3911,27.1072,87.9829
193.6667,61.1449,27.4342,88.139
193.3827,59.9659,28.0022,88.825
192.289,60.8501,28.4975,88.7488
191.1712,61.0121,29.0329,88.4249
189.9048,61.1227,29.8602,88.2036
189.3403,62.7858,30.9892,86.5947
188.8618,65.1617,31.9463,85.2727
187.1605,66.1924,33.6358,83.2111
185.0157,68.0715,36.2117,81.1667
183.847,69.9318,38.549,79.1754
180.8669,72.5706,41.0273,77.3798
178.8776,72.2149,43.2488,76.3341
175.2125,72.5484,45.2406,75.6671
170.4942,74.2992,47.4649,73.9686
169.226,75.8522,50.0011,72.6772
168.5548,74.9531,51.3436,72.6382
168.4433,74.1683,51.5667,72.3493
168.4924,73.4802,51.4684,71.8676
166.6771,73.8406,51.4012,71.1468
160.1902,73.9876,49.68,70.8529
149.0765,74.9506,48.4525,70.7309
149.1981,75.1781,48.2092,70.276
155.1212,74.3647,46.991,70.1315
155.2244,73.599,46.7846,69.9138
154.0432,72.8354,47.4047,69.6986
149.4371,71.3053,49.6196,69.2601
148.2268,70.8197,50.2611,68.4524
147.6246,70.1423,49.6883,68.0301
147.2175,70.1341,46.9798,68.0465
142.921,69.8686,43.5517,68.5774
143.044,70.6447,39.9684,68.6938
146.2355,71.3065,36.8062,68.9808
147.0434,72.1518,36.7515,68.8513
146.3577,71.345,38.1229,68.9066
151.4493,69.3019,37.4344,69.828
154.6452,67.8916,37.38,71.0641
153.5611,67.2646,37.9466,72.3182
150.991,62.9558,38.1971,74.4162
148.6137,57.9039,37.9565,76.1946
148.2754,56.4216,38.6331,77.4722
153.658,53.9675,38.1728,78.9453
154.4796,50.3487,38.2609,80.9894
156.3564,50.8876,38.0324,81.6742
155.864,46.9448,39.0172,82.4854
155.4312,45.9227,39.8828,82.7321
156.2797,45.9675,40.002,82.6426
157.9711,46.7534,40.2531,82.8877
158.3675,47.8988,41.2851,82.4218
157.9232,49.9407,42.1737,82.0095
158.263,57.1495,43.3392,78.6623
159.6675,59.4126,44.1613,75.9516
159.4601,63.3258,44.5759,73.4927
161.2805,69.4279,44.4541,71.8452
163.9065,71.2855,44.4004,69.8627
164.5615,73.9753,44.7923,67.8874
173.6441,80.4848,45.0944,64.9415
175.1582,82.4279,48.6232,61.0551
175.435,84.1762,51.3438,57.5586
180.3467,86.6554,52.9042,54.2264
181.6387,86.6374,51.9187,52.6641
187.127,84.1489,51.8493,52.9663
188.2389,72.2558,49.6257,56.4478
188.0455,63.5675,48.4308,61.1713
184.3067,61.2463,47.7293,65.8137
186.8037,56.733,46.1266,69.7534
187.4482,55.4616,44.8376,72.2963
188.1363,53.2385,41.7155,74.9966
187.6294,52.4516,40.9956,76.5705
185.5404,53.2165,43.4289,76.7853
184.6194,54.3513,45.2708,76.3048
183.1259,49.4638,46.4447,73.3882
182.8987,54.7915,46.8992,69.8891
184.9844,62.409,46.2155,66.8612
185.98,62.9806,44.2243,65.7179
187.6802,54.9686,40.8239,68.6485
187.9722,51.0058,36.9916,71.7015
188.7072,47.5436,33.9171,73.8126
187.2362,41.44,32.1124,73.3617
187.474,41.3151,31.6367,72.0674
186.5268,40.6675,33.5312,68.8116
187.5793,40.0011,35.9336,65.6371
186.146,40.8635,38.8001,62.4154
183.4012,39.5082,42.7928,57.6407
165.3649,44.5254,41.606,58.0391
172.8314,17.836,42.9215,56.7641
167.0792,22.2477,44.0726,55.3358
170.6133,21.8033,45.8582,54.7489
165.6414,27.2466,45.3358,55.8236
166.4425,25.8169,45.2371,57.1797
164.336,24.6505,44.8817,59.5124
164.8367,23.6169,43.8804,61.5795
166.8186,22.0076,41.4848,63.2299
171.8992,21.5357,40.6467,64.1738
163.0933,21.4587,38.0542,65.8819
164.9476,21.6231,35.8819,67.0895
166.7326,18.1755,33.8294,67.9149
164.0121,20.0238,31.7981,68.7016
164.8704,21.1909,30.0815,70.78
166.1395,19.6242,29.0142,72.4423
163.2251,50.1462,30.4147,68.967
162.8892,55.0781,31.0865,66.3558
168.7378,59.3365,29.3587,66.3842
169.528,61.7786,27.7783,67.0779
170.0153,67.3287,26.8035,66.9913
167.9858,70.4115,25.4299,67.6167
167.5724,70.6913,24.9139,67.0572
167.3601,70.6971,25.3386,65.7202
167.1916,67.8707,26.9893,63.4903
166.3331,68.5509,28.7064,60.819
164.8203,66.8081,31.732,56.4929
164.6852,62.4484,35.8722,52.3121
164.207,59.2366,39.4209,48.3665
158.191,50.7837,38.5212,48.461
158.6847,55.5401,37.5338,49.19
159.1572,54.8,36.5887,50.67
156.4158,51.4089,34.3742,53.6038
143.1089,60.1045,35.1683,52.9954
141.8047,64.2573,36.4817,51.1644
141.4472,63.4081,37.1968,50.2854
141.4936,65.9578,37.104,49.0466
141.3998,66.5968,37.2917,47.7686
140.2736,67.2539,38.2944,46.4545
140.3143,73.9055,40.7039,43.1152
140.4116,79.4737,42.9719,40.5983
140.0722,82.8292,44.8772,40.02
137.6149,83.8991,44.8056,40.3734
137.016,79.4751,42.2497,42.9654
137.8128,79.1901,40.656,43.5353
139.4269,75.3108,38.6651,45.1079
140.8399,74.7112,37.0695,46.307
141.6963,71.0282,35.3568,47.5552
142.5767,70.5429,33.5961,48.5256
143.2414,70.8103,32.2666,49.1922
144.6613,69.6852,30.6164,50.2528
146.6547,69.4103,28.9857,50.8027
147.9579,69.1587,27.5384,51.3059
149.1169,68.8927,26.3625,51.8378
150.7114,71.1411,25.433,51.8602
151.5329,71.6311,24.9041,51.9943
152.2474,71.6274,24.5821,52.0018
152.7921,73.3475,24.5942,51.8662
152.7433,73.4973,24.6918,51.5666
152.8066,73.6377,24.5653,51.2858
153.5595,73.6255,24.1502,51.31
153.5475,74.2808,24.1743,51.0834
153.6796,74.3806,23.91,50.8838
154.3717,75.0494,23.5994,50.6198
155.1833,74.965,23.0406,50.7886
155.4507,75.0339,22.5058,50.6507
155.8578,75.0768,21.6915,50.5649
156.1714,74.6003,21.0642,50.4877
155.9897,73.87,20.4097,50.9304
155.6963,72.9487,19.9837,51.7602
155.6957,72.1086,19.9847,52.4231
155.0786,71.1232,20.1922,53.3672
153.9546,70.6013,20.352,54.4109
154.2924,69.7126,20.7383,55.1265
154.1446,68.7951,21.0341,55.8822
153.8215,67.4362,21.6801,56.4093
153.7009,66.9261,21.9214,57.4296
153.7081,65.9263,21.907,58.2958
156.4643,65.2384,20.977,59.6717
157.3627,65.377,20.3288,60.543
158.6802,65.0157,19.9925,61.2657
159.3414,65.8512,19.8235,61.9014
159.2766,65.6815,19.9531,62.2409
157.2545,65.6865,20.4974,62.2308
157.2258,65.709,21.7314,62.1858
152.7088,67.5566,23.5761,62.0853
153.2567,66.8547,24.9402,62.2591
161.1396,67.3428,25.5128,62.5397
152.2738,67.8716,26.7213,62.7531
160.012,67.6523,26.7903,63.1916
162.4015,67.5233,25.9203,64.7528
160.6082,67.1155,25.5763,65.5683
162.9277,67.4243,24.8847,66.2665
160.6366,67.7495,24.2129,66.9296
158.7629,66.6356,24.0276,67.8466
154.9109,66.9913,23.8072,68.4559
155.5242,67.5189,23.9061,68.7261
159.0254,68.8364,23.5592,68.7532
162.3713,69.5935,23.4932,68.5643
160.5022,70.1229,23.2676,68.8267
159.2579,71.5289,23.1143,68.6566
158.625,71.6102,23.0644,68.494
157.4227,72.4385,22.8441,68.1498
157.2279,73.0102,23.2337,68.31
160.0139,72.1445,24.2263,68.7285
150.628,72.722,25.6182,68.9103
150.6746,73.6099,26.8896,68.4992
150.6246,74.5539,28.3709,67.9927
146.865,76.1987,30.2886,67.504
141.1481,77.3949,33.1601,66.5386
139.6627,80.754,36.131,65.6713
137.6722,80.9738,38.6112,65.2316
136.7036,80.8271,40.5483,65.525
135.9261,80.9119,42.1034,65.3556
135.4489,80.6965,43.0578,65.7862
135.1293,80.4221,43.6969,66.335
135.0314,80.2851,43.8927,66.6091
135.0454,79.3724,43.8649,66.7898
135.9019,78.5085,43.7988,66.8707
136.8279,77.5124,43.5939,67.2159
137.7076,76.5237,43.4833,67.5443
137.7184,74.6641,43.4618,67.9595
137.5778,74.6383,43.7429,68.0112
138.2392,73.3865,44.0835,68.8513
138.0786,71.1084,44.4047,70.0443
136.1973,69.3084,43.0526,71.9394
137.7501,67.5494,39.9468,73.7468
139.3241,65.771,36.799,75.6185
140.6221,63.2007,34.203,75.783
141.7473,63.4478,31.9525,76.9049
142.6504,64.0063,30.1464,77.3804
142.5686,63.7039,28.7424,77.9854
143.3285,64.0929,27.2226,78.7584
143.8239,65.4209,26.2318,79.1713
144.1149,66.065,25.65,79.4056
143.7413,66.6298,24.882,79.791
143.9525,67.19,24.4595,80.1772
144.2218,66.1346,23.921,80.7839
143.6319,66.1293,23.598,80.7944
143.1171,65.9408,23.1307,81.1714
142.5046,66.4913,22.8621,81.564
142.6084,66.4863,22.6544,81.574
142.7244,66.4413,22.4224,81.6641
142.8271,66.4395,22.2171,81.6677
142.8538,66.2085,22.1637,82.1297
142.9043,66.2595,22.0626,82.0276
142.8637,65.6056,22.1439,81.8498
143.6513,65.6645,22.0533,81.7319
143.599,65.668,22.158,81.7249
144.3616,65.6568,22.116,81.7474
144.3217,65.8421,22.1957,81.3768
144.3127,65.965,22.2137,81.131
145.0453,65.9886,22.2243,81.0837
145.631,66.1884,22.5285,80.6842
145.5206,65.5664,22.7492,80.4527
144.6762,65.7189,22.9617,80.1477
144.7061,65.0868,22.9018,79.9359
144.7218,65.2582,22.8705,79.5932
144.9826,65.2165,22.3489,79.6766
145.2419,65.0633,21.8304,79.9829
145.4388,65.6305,21.4366,80.3011
144.5181,66.1113,21.8284,80.789
141.7748,65.9685,22.9236,81.0746
140.3317,67.4456,24.3214,81.097
138.9453,67.2392,25.5797,81.5098
139.3024,68.0876,26.4092,81.3567
138.8004,67.3199,27.4132,81.3353
138.9585,68.9613,28.6717,81.2022
138.909,68.1006,28.7708,81.3278
138.9037,67.1358,28.7814,81.6582
139.1266,67.9484,28.3355,81.6372
139.4691,67.9854,27.6505,81.5632
