1
188.7177,218.7765,42.2731,104.1876
188.758,219.299,42.1926,105.3123
186.4516,218.9964,42.4363,105.9174
184.709,219.2435,43.724,107.6208
182.5708,220.9127,45.7554,106.5275
177.1011,225.8596,47.6339,105.6944
176.1257,228.5663,49.5848,104.8531
175.836,233.4876,50.1642,106.5499
175.5815,236.2309,50.6731,108.0912
180.4452,235.3218,50.4419,109.9094
177.1761,238.428,52.187,110.8866
167.5871,237.5441,56.7182,110.2131
168.2224,235.9174,57.957,110.957
169.3254,234.0361,60.8347,112.1777
170.1567,228.8935,61.7811,114.6359
213.1765,209.9316,60.9081,115.2994
208.6061,210.4761,64.7363,114.2104
187.5093,210.3247,69.0543,114.5131
185.2289,212.9877,70.8324,117.5354
185.0403,217.4964,71.2095,119.9488
187.8604,217.6641,71.3693,122.5133
193.6341,218.8165,71.5856,126.0904
195.4356,224.3364,70.9802,130.0389
198.1794,225.2339,71.5844,128.2439
208.3201,228.9788,72.51,126.8132
213.7255,231.211,73.7954,125.373
213.4382,231.746,74.37,124.3028
216.0976,231.8801,75.0873,124.0347
216.0057,230.578,75.2711,123.6127
217.4633,230.4824,75.3788,123.804
221.9907,230.0795,75.4069,124.6097
226.8079,228.1337,74.8928,125.4614
238.1583,227.5186,73.501,126.6914
243.9797,226.0492,70.9753,126.5912
250.9666,226.3158,68.9805,126.0582
253.2285,226.2085,67.4096,126.2728
258.2709,229.3532,66.1126,125.8418
265.2318,231.4121,66.6947,124.625
265.4763,232.0484,66.2058,123.3522
272.9927,234.2688,65.5013,121.7771
273.3624,234.8742,64.7618,120.5664
277.8127,235.6535,64.2609,119.0077
280.5207,235.4017,64.3815,116.743
282.0232,236.1588,64.1134,115.2289
283.0155,237.224,62.1288,115.8083
283.8811,236.4453,60.3978,117.3657
284.4409,234.443,59.2781,118.6924
283.5812,233.9275,58.3192,119.7234
281.2754,233.5701,57.5774,120.4381
281.1428,234.0431,57.8427,122.1664
280.9732,231.9277,58.1818,123.6931
278.5604,228.5572,57.5427,124.9694
277.1656,227.837,57.5925,126.4097
275.5729,226.3699,58.0161,126.5824
275.659,227.4282,57.8439,127.2372
274.2617,227.9981,57.8605,126.0974
268.6661,228.8929,58.0045,124.3079
268.2089,232.4034,58.9188,122.7634
265.262,234.848,62.0811,120.6058
262.1623,237.0992,65.526,118.858
258.1187,239.3477,68.0379,117.1487
255.2163,238.8803,71.0376,115.2785
249.1448,241.113,74.6984,113.6404
239.058,241.1564,74.8252,113.5538
229.7889,242.1179,73.3109,114.4953
229.2309,241.6547,71.5733,115.4218
220.9274,241.615,71.1492,115.5011
216.1596,242.0704,72.1869,114.5903
209.5658,242.322,74.0293,114.0872
199.3501,237.0911,74.4445,113.1111
193.4422,238.6583,74.8538,112.8285
191.1732,238.472,76.5375,113.201
187.3753,236.6028,78.358,114.0518
183.9429,234.9411,82.2922,114.4446
175.9139,234.8853,86.3455,114.5562
168.8169,234.3413,88.2633,115.6441
160.6562,233.7084,85.8833,116.91
156.6599,233.3839,84.5835,117.559
147.0381,233.1516,82.2247,118.0236
138.4948,231.3863,80.9852,118.4998
139.1559,229.611,79.663,119.0092
139.6225,227.7214,78.7298,119.7614
136.8938,225.505,78.1413,121.1714
134.8802,225.1108,79.1342,121.9598
130.7375,222.6713,81.2943,120.7134
127.0704,222.3886,82.4692,121.2789
120.8272,220.5342,82.525,121.8801
113.0992,222.0145,82.3927,122.037
103.283,222.257,83.3181,121.5521
104.5269,222.1741,83.956,121.7178
107.2046,222.0476,81.7394,121.9709
102.2857,218.9967,79.1531,121.8606
104.3129,217.4341,78.1602,121.9243
104.1171,216.0256,78.5518,121.6955
103.5022,214.8439,79.7817,121.0097
102.8614,213.764,81.0632,120.1106
100.6177,212.6373,82.484,119.2972
98.5099,212.9627,83.6215,118.6464
97.6339,212.8515,82.2867,118.8687
94.3361,212.3109,79.6778,119.9499
94.339,210.5385,76.6306,120.4534
95.4979,207.2416,74.3126,121.0504
98.8265,205.2252,73.5927,122.1146
106.0037,202.1463,74.1003,122.3276
113.0014,199.2782,75.0252,122.0957
113.6087,196.8165,76.8068,121.0267
108.4294,195.8282,78.1357,119.9936
114.0701,196.3724,78.9202,118.9051
124.0073,196.3288,77.1247,118.9924
125.6725,196.2411,73.7943,119.1677
128.0517,196.019,69.0359,119.612
135.6617,195.5819,65.2492,120.4861
138.9939,190.9867,64.1989,121.2554
143.8416,189.3217,65.7052,121.7849
148.3143,188.1502,68.0956,121.2941
150.6938,187.3574,71.9389,120.0122
150.2726,186.3269,75.6945,119.16
154.7986,185.0448,78.4959,118.7608
158.8802,185.2919,79.3444,118.2667
159.3396,185.4234,78.4256,118.0036
160.0915,185.4727,76.9219,117.905
159.9594,185.2952,74.2212,118.26
162.8815,182.0591,71.3022,118.8817
171.4565,181.3571,71.4662,120.2857
174.176,178.2107,71.8459,120.7598
180.9555,176.7988,72.901,120.6609
181.4812,177.0559,74.7888,120.1467
182.0722,175.9481,76.5696,119.3993
183.5912,176.2117,76.5132,118.8719
187.4884,176.6772,74.6641,117.941
189.3683,176.7438,70.9045,117.8077
191.7706,176.4521,66.0997,118.3911
194.8448,174.8724,62.7418,118.7601
203.5338,173.0661,61.7962,119.634
204.2241,170.06,63.151,120.1754
207.1035,168.0862,65.6918,121.3564
205.3622,165.4641,69.1745,120.9459
203.4021,165.6278,73.0946,120.6183
203.2239,165.8759,76.3927,120.1222
204.0501,165.9197,77.7298,120.0346
205.6925,164.4435,77.4554,119.9767
206.5808,162.4163,75.6788,121.0261
208.3621,163.1525,72.1162,122.5448
207.7092,163.034,67.514,122.7817
209.3421,163.1489,64.2483,122.552
210.7157,163.1958,61.5011,122.4581
213.0155,161.7243,59.6732,122.6294
213.9005,161.7879,57.9032,122.5021
216.5337,160.2775,55.347,122.8129
220.5797,160.6714,52.595,122.0251
226.9136,161.0245,50.3685,121.3188
227.2539,162.0726,49.6877,119.2226
228.1901,164.0232,50.3338,117.8398
230.5451,164.3901,50.6433,117.106
233.4539,163.8556,52.3395,115.6705
234.3874,163.0823,55.4996,114.7035
233.6135,162.1163,59.6019,114.0809
234.5161,161.0707,63.0288,113.5563
239.6142,160.4972,66.1661,112.0365
239.9608,159.7386,68.1702,110.8564
242.2011,160.0225,69.1161,110.2886
243.4698,159.3179,69.2993,111.6979
245.1208,159.7168,65.9973,113.6448
247.334,158.4499,61.571,116.1786
249.4986,157.5926,57.2416,117.8932
255.2202,156.106,53.6924,118.2352
256.2124,155.5489,51.7081,116.7748
260.7572,156.7215,50.174,114.4296
262.2712,157.6433,49.6036,112.5861
265.3484,158.4711,48.2906,110.9303
269.3654,159.2886,47.3776,109.2953
270.6304,159.9879,47.1816,107.8967
270.5387,160.311,47.3649,107.2505
269.7586,161.0708,48.9251,105.731
269.1381,160.1806,52.4752,105.2023
266.801,159.3179,57.1494,104.5645
267.729,159.7486,62.5945,103.7032
266.5547,160.2821,67.4559,102.6363
265.9846,160.5172,71.1741,102.166
266.1457,160.5413,73.4843,102.1179
267.6003,158.558,73.2446,103.4149
269.0776,157.8124,70.29,104.9062
271.0392,157.0417,66.3668,106.4474
272.4276,154.9229,60.9729,108.068
273.5372,153.0903,56.2033,109.1828
275.4345,152.8665,52.4086,109.6303
276.779,152.1624,49.7196,108.6119
277.6697,152.428,47.9382,108.0807
278.043,151.6261,47.1915,107.3583
277.3092,151.971,46.3566,106.6685
277.1032,156.0638,46.7687,105.3164
275.2497,157.8644,48.2102,103.9807
274.7423,158.8621,49.225,104.2565
272.6603,158.7358,51.0961,104.509
268.9299,159.7791,53.8988,104.7513
266.9627,160.1414,57.8333,104.0267
267.9768,160.1543,60.6798,104.001
268.8325,158.2285,61.4536,105.3674
270.679,157.6898,60.2792,106.4449
273.3557,154.7167,57.4404,109.8764
275.09,152.0568,53.9718,112.6792
276.5289,153.4503,51.0939,112.3905
277.3284,155.0915,49.4951,111.5521
277.0601,156.5258,50.0315,111.0873
277.6162,156.2015,51.3259,111.7359
275.6483,157.1504,52.8232,112.2767
274.3602,158.4513,55.3994,112.1474
272.9884,162.7928,58.143,111.0104
272.1402,163.1623,59.8394,110.2712
271.38,163.1554,61.3597,110.2851
272.0921,164.3131,62.5256,110.5596
273.1931,164.1185,62.9372,110.9489
273.297,163.831,62.7294,111.5239
273.5099,164.9952,62.3037,111.8269
270.6682,166.0372,60.1007,112.3719
268.271,164.4154,57.0969,113.016
269.9862,163.2544,53.6666,115.338
271.9051,163.2625,49.8289,117.8536
273.398,163.0306,46.8429,120.8186
274.5466,163.6763,44.5458,122.0179
275.1468,164.2922,43.3454,123.2528
275.062,165.034,43.515,124.232
273.0636,167.3392,45.032,124.5811
271.0675,168.4848,46.5121,124.8019
267.9736,168.4388,47.6159,124.894
267.6345,169.597,48.2939,125.1407
266.3627,171.2454,48.2587,124.4228
264.1248,171.5531,47.5987,123.8075
264.6497,171.6748,46.5488,123.564
265.2081,171.6029,45.4321,123.7078
262.265,170.4101,43.7976,123.5866
260.6727,170.3938,42.031,123.6192
257.6085,170.207,40.8274,123.9927
257.9524,169.6758,40.1394,125.0551
257.1869,170.2787,39.2407,126.2793
252.9424,169.8915,38.0069,127.0536
251.7961,171.858,37.8807,127.9582
249.2424,173.093,38.1294,127.9177
247.5702,174.7069,39.0404,127.1231
245.751,177.3741,40.2399,126.6666
241.376,179.0513,41.626,125.7669
239.3787,180.7804,43.1535,124.7758
232.1128,182.5182,45.2807,123.7813
230.7996,183.2484,47.9071,122.3207
228.0925,183.9288,50.7897,120.9599
224.278,184.625,53.2928,122.1307
222.203,185.6496,54.8186,122.7056
217.8773,185.5319,55.4924,122.9409
216.5391,184.0762,55.4943,123.1778
214.0593,183.5244,55.098,124.2814
212.7531,182.6764,55.0233,125.9775
211.4609,182.0647,54.8975,127.2008
209.4498,181.5061,53.468,128.3181
208.7777,180.7991,52.0953,129.7321
206.7399,182.743,50.7454,131.2698
205.6233,185.2755,50.2677,131.6267
204.0026,186.8998,50.8016,131.0855
199.2035,187.3735,52.2722,130.138
197.144,189.1213,53.6694,129.3642
195.29,190.7104,54.642,128.9216
193.2619,192.3479,55.9518,128.3928
189.9134,192.764,57.1255,127.5606
188.1714,192.0859,57.8393,126.1465
185.1717,191.1216,58.3144,125.3131
182.491,190.1841,58.1592,124.4297
181.4333,190.3289,57.5317,124.1401
182.0059,187.6201,56.3867,124.1027
181.2183,185.9452,55.2547,124.7453
181.8199,186.1651,54.0516,127.0021
182.3778,184.1803,52.9358,128.2637
182.4955,183.8566,52.7004,128.9111
182.4359,183.773,52.8195,129.0784
182.2514,184.835,53.1885,129.6704
182.1689,186.2063,53.3536,129.6593
183.2092,186.5488,54.0072,128.9743
183.1191,186.812,54.1874,128.4478
182.7502,185.4842,54.9252,128.372
181.2763,183.2893,55.1297,130.0185
179.7571,182.7397,55.3973,131.1179
180.6332,181.7219,56.4365,130.362
178.1331,182.3202,58.6379,129.1654
176.3808,182.3374,62.1424,126.3109
175.9111,184.802,65.9212,124.2211
173.3542,185.2256,68.1614,123.3738
171.5524,186.0005,68.8657,124.7233
170.3914,187.9428,68.2564,126.7012
164.9221,188.0141,67.3946,129.5088
159.6688,188.2513,65.9943,132.0112
170.239,185.0938,62.7903,135.3368
169.7022,182.3669,60.8815,137.8081
170.4623,181.852,59.3613,138.838
171.1744,181.6999,57.9371,139.1421
173.3688,181.6688,56.5007,139.2043
173.9953,181.9352,55.2476,138.6714
175.9057,183.5883,54.3247,138.2631
175.7988,185.2729,54.5385,137.7693
175.6761,186.8815,54.7838,137.4243
173.6216,189.6408,56.0212,137.6488
171.071,190.949,58.2256,137.9292
163.972,192.3414,60.6639,138.0843
160.8894,195.7863,63.844,137.1647
156.722,196.8167,66.1239,138.1315
154.3166,196.3799,67.8534,139.005
152.2941,195.6516,68.7744,140.4616
148.3237,197.2809,70.3927,140.3642
146.546,199.1705,70.7605,139.773
142.6964,199.0914,68.9032,139.931
142.1914,196.5006,66.7575,141.957
141.8551,195.8234,64.282,143.3113
138.653,195.7213,61.3125,143.5155
137.6621,195.5398,60.219,143.8785
136.7392,195.3921,59.0035,144.174
135.411,195.4059,58.6159,144.1464
133.5014,195.5533,59.3986,143.8515
126.6374,197.4355,60.9413,143.1336
120.0671,199.1586,61.829,142.7506
117.7753,200.6948,63.3393,142.7514
115.2402,202.3506,65.3097,142.5397
114.4526,202.5019,66.8849,142.2371
113.722,204.4636,68.346,141.4681
113.318,204.6582,69.1539,141.079
111.4146,204.9862,69.7839,140.423
111.1253,205.2635,70.3626,139.8684
110.8835,205.3081,70.8463,139.7791
110.6373,206.8379,71.3386,139.9066
111.0897,206.8033,70.4338,139.9757
111.6701,206.7822,69.273,140.018
112.8696,206.7075,66.874,140.1673
114.038,206.5907,64.5372,140.4009
115.1192,206.6958,62.3748,140.1908
116.2087,206.5473,60.1957,140.4878
117.1725,206.3201,58.2682,140.9423
119.5421,204.7356,56.5133,141.1269
121.7162,206.4476,55.1207,140.6587
123.5596,206.6454,54.358,140.263
125.3843,208.166,53.6134,140.1267
127.0835,208.3244,53.1046,139.8099
128.7602,208.7414,52.627,138.9759
130.3549,209.1662,52.2928,138.1263
132.0727,209.6069,51.6944,137.2449
133.7116,209.8496,51.2303,136.7594
133.6316,210.0388,51.3903,136.381
133.4283,210.1778,51.7969,136.1031
133.0559,210.419,52.5416,135.6206
133.9738,210.4472,53.5114,135.5642
133.4572,211.9765,54.5446,135.3278
132.9882,212.0221,55.4826,135.2365
132.743,211.9982,55.9731,135.2844
132.3824,212.0005,56.6942,135.2797
131.8566,212.0368,57.7459,135.2072
131.4661,212.0748,58.5269,135.1312
131.2853,212.0475,58.8883,135.1857
131.1868,211.9718,59.0853,135.3371
131.2137,211.8924,59.0315,135.4959
129.7439,211.6487,59.0524,135.9833
129.8207,211.2826,58.8988,136.7155
130.0802,210.8361,58.3797,137.6086
130.314,210.4738,57.9122,138.3332
129.0186,210.1841,57.5627,138.9125
129.6308,209.8152,56.3384,139.6504
128.9396,209.3225,54.7894,140.6358
129.3118,210.5251,54.0451,141.1484
128.1845,209.9871,53.3878,142.2244
128.7536,206.483,52.2495,143.4014
130.584,205.6832,51.5007,145.001
130.4691,204.9592,51.7305,146.449
130.5937,204.4956,51.4812,147.3762
130.63,204.6978,51.4086,146.9718
130.6661,205.9932,51.3365,147.3288
132.0267,206.1134,51.5669,147.0884
133.0092,208.3226,52.5542,145.6223
135.4898,211.0756,53.4914,143.0655
134.9285,213.2112,54.6139,141.724
135.8145,213.6855,55.7724,140.7752
137.0063,215.5992,56.3262,139.8853
138.6968,215.7996,55.8797,139.4845
138.7301,217.277,55.813,139.4505
140.3629,217.0743,55.4666,139.856
141.7829,216.9779,55.5453,140.0486
141.5789,218.494,55.9534,139.9394
143.1492,218.2106,55.7413,140.5063
142.9974,220.1378,56.0449,139.5848
144.5151,220.3885,55.9346,139.0834
144.3723,220.5939,56.2204,138.6727
146.006,220.5836,55.8681,138.6931
145.9305,220.6907,56.019,138.4791
145.7083,222.4568,56.4634,137.8557
145.5414,221.2226,56.7972,137.4163
145.7109,221.1306,56.4581,137.6003
145.7512,221.1122,56.3776,137.6372
145.682,221.1362,56.516,137.5891
147.1855,221.0161,56.4137,137.8293
146.7969,221.2434,57.191,137.3747
146.0836,223.033,58.6176,136.7091
143.7319,223.7302,60.3918,135.3147
143.0505,223.9352,61.7546,134.9046
140.7662,224.1113,63.3651,134.5525
140.3984,224.0573,64.1008,134.6605
140.146,223.9236,64.6056,134.928
139.8797,224.4313,65.1381,133.9125
139.627,224.8466,65.6435,133.0819
141.139,223.2861,65.6185,133.2039
140.9365,223.8114,66.0236,132.1532
141.1258,222.2777,65.645,132.2287
141.2235,222.1706,65.4496,132.4429
138.6794,220.6406,64.5651,132.5167
136.8181,220.6494,65.3156,132.499
136.481,220.6685,65.9898,132.4608
137.4392,220.6756,67.0692,132.4465
136.9254,222.1654,68.0969,132.4813
140.7479,222.3354,69.5494,132.1413
140.1278,222.4056,70.7896,132.0008
140.847,224.3705,72.4229,131.1427
139.8665,224.5536,74.3839,130.7765
139.0081,224.6793,76.1006,130.525
140.0579,224.6792,77.1409,130.5252
141.496,224.5427,77.4223,130.7983
141.0505,226.2089,78.3132,130.6321
141.0591,226.6015,78.2961,129.8469
141.4051,226.3829,77.6039,130.2841
141.9608,226.2139,76.4925,130.6221
144.2951,226.2016,74.9719,130.6467
144.9202,226.1849,73.7217,130.6801
145.5813,226.1555,72.3996,130.739
146.2701,224.2912,71.0219,131.3871
148.4461,225.6879,69.7365,131.6602
147.2241,225.6054,69.1319,131.8251
147.8112,225.2435,67.9577,132.549
151.3649,224.9521,66.9125,133.1319
151.3954,224.7821,66.8515,133.4719
151.2921,224.6906,67.0581,133.6548
154.2125,224.7648,67.281,133.5064
157.7064,224.4251,66.3604,134.1857
158.2226,225.3855,65.3278,135.2925
165.2082,225.0722,63.4604,135.9193
170.7033,223.1075,61.478,136.8461
171.2886,222.8559,60.3073,137.3492
178.2155,222.7521,58.3265,137.5568
178.7168,221.1622,57.3239,137.8003
179.2127,221.1752,56.3321,137.7743
182.6441,220.9773,55.2777,138.1701
184.4818,222.2798,54.4932,138.4562
186.4212,222.1577,53.4956,138.7004
188.108,220.9653,52.9889,138.2183
189.9593,219.7935,52.1372,137.7109
191.8147,218.9085,51.2549,136.6527
193.7563,219.1669,50.1689,136.1358
199.9347,219.5084,48.8935,135.4528
200.4122,219.6275,47.9385,135.2147
202.232,218.2977,47.0158,135.1575
203.5557,218.36,47.0678,135.0328
204.6002,218.5099,47.6771,134.7329
206.6649,218.6944,48.9583,134.3641
206.9086,218.8514,51.194,134.05
209.6705,220.5363,53.9468,133.439
209.7917,221.144,56.5035,132.2237
213.8435,224.9048,59.7077,130.3558
215.6,227.4044,64.7629,128.2128
219.0913,228.3643,69.43,126.2931
218.7856,229.2196,73.0055,124.5825
218.9771,229.5006,75.6219,124.0203
220.4417,229.3614,78.7625,124.2988
222.5011,229.1419,80.8269,124.7378
229.575,229.1892,82.3418,124.6431
232.7507,230.8117,82.3031,124.5544
240.5537,231.1269,82.4685,123.9241
241.8879,232.5439,82.9478,124.2376
247.5227,229.7722,81.1587,126.6207
262.9825,228.1661,78.7364,126.6666
274.7766,227.8008,77.0345,127.3972
286.6098,223.7692,75.1314,129.2424
291.8944,221.7947,73.8755,130.087
300.9407,220.3767,71.2617,129.8271
304.6046,220.4661,70.029,126.6009
311.5633,221.4403,68.0267,124.6525
319.2677,222.4209,67.1976,122.6913
324.0147,226.685,69.1949,119.9088
326.609,228.0493,72.6026,117.18
2
0
0
0
0
1
405.3935,231.2235,41.9757,84.9164
413.3196,232.9857,41.1982,85.1606
413.3207,232.6865,43.0706,85.7591
413.5166,230.8893,44.5943,87.4378
415.4395,228.4731,44.6815,90.3038
415.2435,226.8208,45.0735,93.6083
416.5401,224.2074,44.5454,96.77
416.1812,221.1686,43.161,100.7454
414.6637,218.6048,41.9247,105.8729
414.2503,210.4886,42.7516,106.7905
411.8365,206.4143,43.1476,108.2917
409.6921,202.7917,45.1919,106.559
405.0032,202.6793,45.5468,106.7838
403.1741,203.4633,46.9398,107.481
400.0244,200.278,48.6394,106.9521
398.1383,199.0282,50.0898,107.1297
391.9975,197.7539,50.6222,109.6783
390.5145,193.6002,51.1917,113.1932
387.7161,191.1403,51.8737,115.6556
381.5763,190.0623,51.6275,117.8116
378.0679,188.0952,51.0478,119.2137
372.0145,186.2935,50.4432,120.2747
365.9655,184.6975,49.8065,120.9197
364.689,184.541,49.8145,121.2327
360.922,184.4697,49.6995,121.3753
359.5203,184.3917,49.9532,121.5313
354.5579,184.382,49.6523,121.5507
353.1892,184.5891,49.8384,121.1366
351.5523,182.5158,50.5634,120.1857
349.6696,183.0491,51.7811,119.1192
347.853,182.4034,52.8605,117.8567
346.3129,180.275,53.3861,117.0046
344.6149,178.3629,54.2309,115.7263
344.4603,177.1571,54.5402,115.5905
343.1228,177.1893,54.6642,115.5261
341.8222,177.1168,54.7135,115.6712
339.1445,173.6294,54.9591,114.9812
337.8095,172.4924,55.08,114.7059
335.8637,171.9716,56.4243,113.2004
335.4921,172.2722,57.1675,112.5993
335.4381,172.9167,57.2756,111.3102
335.5977,173.0357,56.9563,111.0722
336.0426,174.4463,56.0665,110.7774
336.8309,174.6091,54.49,110.4517
337.6734,174.9682,52.8051,109.7336
338.4988,175.3499,51.1541,108.9701
340.0482,176.7321,50.4506,108.6009
338.9484,177.9979,50.2726,108.447
338.1137,178.0473,49.5697,108.3481
337.0928,178.166,49.2529,108.1107
336.1235,178.1521,48.842,108.1386
335.0809,178.1553,48.5843,108.1322
335.2646,177.8834,48.217,108.6759
334.1695,177.7095,48.0676,109.0238
333.0943,177.7207,47.8761,109.0014
332.0417,178.6864,47.6427,109.4082
332.1802,179.5918,47.3658,109.9378
331.1082,180.314,47.1669,110.8363
330.1798,180.1063,46.6711,111.2517
330.611,181.8143,45.8088,112.5352
331.0259,182.7367,44.9789,113.0434
330.1835,183.8139,44.3181,113.2345
329.2183,185.1183,43.912,112.9623
328.1133,184.1928,43.7967,112.4879
326.5679,182.1011,44.5709,112.0384
321.2289,180.1956,45.9537,111.2016
319.362,178.1587,47.3513,110.603
317.4051,177.3301,48.9126,109.9077
315.5534,177.3228,50.2462,109.9224
313.7099,176.0399,51.54,110.0949
311.8792,175.5074,52.783,111.1598
311.7519,176.2957,53.0377,112.0387
310.4846,175.9783,53.0994,112.6735
310.3558,176.6532,53.3571,113.807
310.2425,176.1282,53.5837,114.857
309.2148,179.3428,53.1157,115.9979
307.8056,178.8088,53.4022,117.066
306.3107,179.8317,53.8397,117.5726
303.74,180.4831,53.8462,118.8371
300.9571,180.3652,54.24,119.073
300.8862,181.703,54.3818,118.9937
296.7722,183.1115,54.817,118.7742
296.3065,183.2259,55.7483,118.5455
293.3624,183.6659,56.4067,117.6655
292.7392,183.8406,57.6531,117.316
290.784,183.9072,58.9336,117.1829
289.4115,183.7523,59.0285,117.4926
286.6607,180.8487,59.2176,117.9873
283.7633,179.1938,59.6787,118.6303
283.98,178.6584,59.2453,119.7009
283.9772,176.7174,59.2509,120.8906
284.0516,176.2581,59.102,121.8092
284.1997,175.9756,58.8058,122.3743
284.4873,175.7398,58.2306,122.8458
286.2593,175.511,57.4075,123.3034
287.6299,175.8567,57.3794,122.612
287.6504,176.3947,57.3385,121.5359
287.6257,176.984,57.3879,120.3574
286.1069,177.5075,57.7557,119.3104
284.1311,176.9059,59.0462,117.8528
282.2179,177.4674,60.2108,116.7296
280.3107,176.3084,61.3599,116.3822
279.6195,176.3078,62.7421,116.3834
279.2131,174.9593,63.555,116.3768
279.0419,173.4319,63.8973,116.7141
279.0645,171.6764,63.8522,117.497
279.3289,169.7789,63.3234,118.5529
280.0863,168.1161,61.8087,119.1329
280.8281,166.3238,60.325,119.9893
281.4468,166.1543,59.0875,120.3283
281.9227,166.0795,58.1358,120.4779
282.1878,166.2912,57.6056,120.0545
282.3827,166.5967,57.2157,119.4436
282.5667,167.1202,56.8477,118.3964
282.8449,166.3832,56.2914,117.2386
283.2421,165.377,55.497,116.6458
287.5777,165.2479,54.5742,116.9041
289.208,163.7993,53.8841,117.2306
291.1516,164.6088,52.5601,118.1749
299.4916,164.2897,51.203,118.8132
299.8146,164.4887,50.5569,118.4151
302.3527,164.9996,50.5248,117.3933
306.9385,165.6813,51.38,116.0299
307.9614,165.2907,51.8361,114.3091
308.9885,165.6629,52.2668,113.5649
311.523,165.9558,52.1612,112.979
312.857,166.2156,51.9643,112.4593
315.3552,166.3583,51.8884,112.1741
316.8595,166.2632,51.3345,112.3641
321.8272,166.0302,51.1906,112.8302
321.8693,163.9724,51.1063,112.0416
323.9552,164.249,51.8127,111.4884
324.8068,164.4308,52.5529,111.1248
329.6911,165.6541,52.5886,111.1292
330.0141,161.7918,51.9424,111.4988
331.5365,161.4388,51.3435,112.2047
330.2222,157.8864,51.5266,114.4182
329.3349,156.8645,53.3011,113.9809
324.5336,136.1592,57.8921,107.7831
321.1536,135.6049,62.1583,101.41
315.9772,136.7594,62.6257,99.1008
316.7355,136.6853,61.109,99.2491
316.7805,136.9024,58.5977,101.2364
318.7937,139.2279,54.5712,106.2208
320.2274,138.0321,51.7038,111.0265
321.3353,138.4494,49.4881,115.0616
323.2261,138.2495,48.1612,117.9159
323.3634,140.0947,47.8866,119.1705
323.4811,143.6788,47.6511,119.4592
324.0281,143.0278,46.5571,118.2755
323.8949,145.409,46.8236,115.9622
322.728,150.0536,46.7369,113.9344
321.6537,154.1818,46.4957,112.8471
321.6777,155.7859,46.4477,112.0087
318.6673,157.5028,47.7551,110.9316
317.4246,160.351,47.8762,109.9635
324.9215,160.449,46.9965,109.7676
321.0794,160.644,47.6786,109.3776
323.6652,161.7183,47.1878,109.5693
329.4052,164.0801,47.3803,109.5148
328.6249,166.6625,48.941,109.0242
330.2735,167.9339,50.3584,108.8389
327.7018,169.1948,50.743,108.6965
330.2511,173.1545,52.7966,107.9292
330.4405,178.2339,54.8263,107.4046
322.9503,177.3651,55.1918,106.7064
323.4565,176.9106,54.1794,107.6152
321.1683,178.1996,53.9002,107.465
322.9778,179.5269,52.7021,107.2312
329.4252,176.5775,51.7906,105.94
330.8811,178.2554,51.2408,107.3082
331.5108,178.6192,52.3536,106.5807
329.4418,182.456,54.1107,106.0504
322.0923,186.8627,56.7917,104.4477
325.5983,188.2963,57.0573,104.0065
328.1375,193.2777,56.8266,103.7391
339.1333,193.9727,56.5789,104.7652
347.5973,205.2636,56.6394,106.4528
353.9882,205.241,56.1219,108.9507
335.6931,210.4743,55.5,110.8882
333.5058,208.269,54.8776,112.8003
334.0,210.0263,53.8891,114.3173
333.2835,211.7383,52.8013,115.935
332.3365,211.2322,52.1698,116.9472
331.8338,211.3378,53.1753,116.7361
331.2904,211.9011,54.2621,115.6093
331.089,215.5696,54.6648,115.9109
331.2478,218.2457,54.3472,115.674
331.8316,216.6379,53.1796,116.3409
332.1183,216.507,52.6062,116.6028
332.7607,216.2476,51.3214,117.1215
333.5471,214.7651,49.7486,117.5697
334.2616,215.8468,48.3196,117.9019
334.5479,214.2827,47.747,118.555
334.4924,211.3385,47.8579,119.495
334.3652,211.1809,48.1125,119.8101
335.4174,212.275,48.507,120.1208
336.4261,212.3321,48.9999,120.0067
338.8478,212.8242,49.1916,119.0224
338.5835,213.3825,49.72,117.9057
338.3171,212.5403,50.253,117.0902
339.6569,211.1534,50.0708,117.3666
339.913,209.6028,49.5585,117.9695
339.2188,210.8018,48.4491,118.0694
340.0036,207.7768,46.8794,119.16
340.7789,207.005,45.3288,120.7036
341.3989,204.2751,44.0889,121.2393
341.6261,204.7094,43.6345,120.3709
340.6197,206.3177,43.2205,119.5809
339.6668,208.4463,42.7185,117.7316
338.5019,208.2155,42.6758,115.8209
337.2298,208.1098,42.876,116.0322
337.0287,209.6831,43.278,115.2365
336.608,207.9183,44.1195,114.0727
335.9812,210.0695,45.3731,112.1154
335.8382,208.985,45.659,111.9452
335.7338,210.5934,45.8678,111.0702
335.5294,210.9451,46.2767,110.3668
336.4547,210.915,46.756,110.427
336.0827,211.2052,47.5,109.8467
334.6741,211.6279,47.9731,109.0012
333.6739,209.9425,47.6336,107.6919
332.8056,209.1678,47.0551,106.9262
331.1308,209.5196,48.1107,106.2226
327.5713,208.9924,50.6256,104.9749
319.333,210.6834,53.1362,103.9205
318.0109,213.5304,55.7803,102.9377
325.867,212.8779,54.3861,104.2427
326.535,214.8508,53.05,105.0604
328.8476,217.4281,50.7957,104.6473
330.9575,215.9943,48.9017,105.1891
331.6012,215.0656,47.6143,104.7457
332.3686,213.6605,46.0794,105.284
332.0683,209.3892,44.4271,104.8151
328.2034,212.6191,43.2892,102.7893
326.7312,214.7607,44.0661,100.6735
322.7879,215.7378,45.501,98.7194
320.9574,211.3741,47.0147,98.8576
314.1649,209.4244,49.7215,98.4059
309.3566,205.8687,52.6907,98.8699
