1
338.261,122.4867,20.0092,30.7023
332.0493,121.7344,20.3412,31.3579
328.2171,122.2053,21.5406,31.0872
322.6215,121.1553,21.72,31.8551
320.2078,121.266,22.5481,31.9544
314.5882,120.3955,22.9221,31.6472
309.767,121.3811,22.5023,31.9249
307.034,121.1767,22.7021,32.1901
301.6091,122.0059,22.5491,32.7862
298.7677,121.717,22.4661,33.7214
296.2096,121.3987,22.4544,34.5867
293.4092,121.5637,22.2183,35.838
290.508,121.7129,22.2779,36.5256
287.8201,121.0185,22.4217,37.0957
284.7551,121.1812,22.7992,37.3461
282.028,120.2369,22.7715,37.5554
278.2995,121.0293,22.9079,37.1647
275.4925,120.392,22.6949,37.2809
272.5032,120.8529,22.8114,36.748
269.6212,119.4302,22.5653,36.6807
267.0384,119.1826,22.2008,36.9004
263.6393,118.2449,22.4996,36.871
260.4428,118.3413,22.5439,36.565
255.1658,118.0224,21.682,36.9421
251.7473,119.0292,21.8319,36.5032
246.3839,118.7429,21.4238,37.0662
243.1873,119.0067,21.2534,37.4455
236.8515,119.2613,21.3941,37.7955
231.4145,118.6078,21.8877,37.7611
228.5047,119.4284,22.1087,38.541
222.8521,118.0215,21.5822,39.2403
217.2365,118.4404,21.579,39.0331
213.0746,119.0325,21.3212,38.9185
210.3743,120.0601,21.7945,38.4393
204.8685,120.6155,22.1036,38.1365
200.075,120.8545,22.5088,37.7706
195.4085,120.9648,22.7383,38.0919
190.3326,121.3538,22.8863,38.9397
185.5356,122.0302,22.8869,39.6155
182.6543,121.306,23.0675,39.7908
177.7773,121.9808,23.072,40.4155
174.6029,120.8921,23.1032,41.052
168.6287,121.0504,23.1952,41.1137
165.7212,122.1762,23.4764,41.4522
161.1826,122.2102,22.7256,40.9766
159.2762,121.1381,21.9699,41.1921
155.2588,121.1227,21.1394,41.4103
154.048,125.3424,21.179,41.4325
150.761,126.7216,21.3594,40.7003
149.443,127.9909,22.8335,38.5168
149.005,129.3458,24.193,36.8402
145.6954,131.231,24.6786,35.9925
145.7164,134.8765,24.4842,36.1469
146.7956,132.1129,24.8063,36.0127
147.0888,135.105,24.9687,36.0283
149.2113,135.2761,25.4651,35.5579
149.798,135.1993,25.6444,35.5561
150.351,135.8403,25.815,35.2318
154.8211,133.1306,25.2814,35.0853
157.2287,129.7237,25.3815,33.9256
159.726,130.582,26.2354,32.622
159.2145,130.8552,26.034,32.8423
159.0205,131.9316,26.3292,32.4726
160.0344,135.7262,26.3624,32.5409
165.5518,139.8787,25.7134,33.5365
170.0207,139.3255,24.9939,35.4367
172.9664,139.7664,24.5022,36.635
175.3693,139.8991,24.5778,37.6438
179.8565,140.2236,23.5456,39.301
183.411,142.0596,23.002,40.6175
187.4055,143.7488,22.8369,41.382
191.56,144.0991,22.6749,42.013
196.5321,142.4459,22.3198,41.8407
200.9327,144.821,22.2266,41.4866
208.257,146.2628,21.7047,41.2396
212.6328,144.4743,21.6043,40.5428
2
0
0
0
0
1
254.4597,150.257,19.489,25.8124
259.765,150.3032,19.7993,26.1122
265.5464,151.0705,20.3436,25.5744
269.0081,150.0506,20.4361,25.8031
274.1431,150.7701,20.4109,25.9258
280.0593,150.5366,20.3941,26.1004
284.2041,151.7612,20.6514,25.7576
287.1251,151.4709,20.5903,26.0792
289.8265,150.8924,20.2021,26.4585
292.7601,149.873,19.7922,26.6488
294.2419,149.9544,19.6688,26.5104
296.4227,149.7808,19.1599,27.4602
297.3949,149.7956,19.0317,27.781
298.5134,148.555,18.7978,28.4612
299.6128,149.0022,18.6476,28.3882
299.8428,147.9242,18.7938,27.8433
300.3619,148.152,18.7758,27.8877
300.4319,147.9677,18.5317,28.2374
301.2701,147.7407,18.344,28.7115
301.2802,147.85,18.5997,28.5008
301.4071,148.102,18.5992,28.4982
301.5916,145.9395,18.58,28.5623
301.617,146.6902,18.7575,28.5852
300.6326,146.1918,18.8295,28.21
301.3074,145.3929,19.1194,27.8378
301.6599,144.6272,19.2947,27.3987
302.4344,145.2231,19.3242,26.7913
303.1532,145.0102,19.5489,26.5442
303.3663,145.1547,20.0232,25.6894
304.0008,144.8883,20.1885,25.4355
304.5267,145.9885,20.1932,25.1119
306.1079,145.3369,20.0902,25.0937
306.1493,145.4414,19.8027,25.5647
307.1725,145.001,19.6426,25.704
308.0101,144.5646,19.2631,26.0621
307.7543,144.8058,19.0126,26.5757
308.4268,144.309,18.789,26.7335
308.6127,143.4354,18.7012,26.6509
309.1823,142.6778,18.5672,26.6322
309.7528,142.0141,18.4611,26.7223
310.3443,141.5734,18.2799,26.5021
310.5667,140.7122,18.0953,26.7441
310.8166,141.0607,18.0631,26.6776
311.9162,140.9142,17.8376,26.5563
312.1301,140.3102,17.7079,26.708
312.4645,140.0133,17.5579,26.8819
313.119,140.098,17.5489,26.4899
313.6793,140.2283,17.596,25.9539
314.4529,139.4617,16.6546,27.1811
314.495,139.1392,16.7719,27.016
315.0181,137.8174,16.0818,27.8693
317.2298,137.8269,15.21,29.1696
316.83,137.5553,15.0802,29.5624
317.0268,137.6718,15.1025,29.5088
317.2051,137.1266,14.8814,30.1756
316.82,137.7435,14.906,30.1592
317.5267,134.7797,14.8828,30.1666
317.8176,134.0809,14.8637,30.5291
318.0217,133.4332,14.8816,30.7874
317.7087,134.5656,15.2227,30.0156
317.6375,133.9615,15.1768,30.2565
317.1386,134.2801,15.374,29.7404
317.5156,133.6536,15.5125,29.3965
317.6203,134.1172,15.4718,29.1095
317.8505,133.5615,15.4377,29.2355
319.5342,135.8052,15.5835,29.406
319.3702,134.3553,14.97,30.5117
319.1684,132.9623,14.8649,31.1272
319.0678,132.4238,15.1035,31.121
318.7879,132.0596,15.1935,31.1307
318.4649,131.7749,15.1419,31.8207
318.4092,130.8419,15.0906,32.3612
318.4098,131.1836,15.4148,32.1626
319.9247,132.3301,15.6443,32.2522
318.9103,131.8926,15.5161,32.8541
318.716,130.774,15.2864,33.973
318.2881,129.649,15.4474,34.723
317.7983,130.2853,15.7482,34.538
317.064,129.0363,15.6316,35.0623
316.63,128.8938,15.732,35.8205
315.8712,128.2517,15.7137,36.5888
315.0171,127.2488,15.7862,37.3514
314.4592,126.7258,16.1489,38.0803
314.461,126.1883,16.5667,38.7491
313.7617,126.2834,16.8846,39.4529
314.0202,125.5946,16.9207,40.482
313.8732,125.1713,17.2019,41.3076
313.5827,124.6808,17.271,42.2148
313.8179,123.5587,17.4517,42.9361
313.6287,123.989,17.6038,43.4809
313.2058,124.1469,17.594,43.8584
312.5858,123.2455,18.0637,43.1045
312.1105,123.9575,18.3266,42.7289
311.8641,123.7042,18.53,42.4403
311.3908,124.2095,18.7282,41.9371
311.4647,123.9173,18.693,42.0985
311.3223,123.7759,18.8165,42.6016
310.9093,123.7055,18.7512,42.705
311.1023,123.0574,18.9052,42.9035
310.7609,123.3041,19.2235,42.8578
310.4647,123.179,19.5831,42.7432
309.9938,123.1068,20.0536,43.021
309.2446,123.2651,20.351,43.0561
309.2805,122.003,20.0385,43.7412
308.8375,121.5087,20.2511,44.0123
308.4339,121.3367,20.4254,44.3322
308.8063,120.4733,20.8328,44.8169
307.78,119.6893,21.1593,44.8865
308.4683,119.4414,21.3369,44.9318
308.7874,117.4761,21.4283,45.3665
308.8166,117.7856,21.4534,46.0186
309.1231,117.651,21.6582,46.3106
309.1465,116.9072,21.718,46.617
309.8702,116.8467,21.9712,46.6025
310.0583,117.5983,22.2967,46.2718
310.1837,117.1212,22.3874,45.9827
310.7362,117.4392,22.8033,45.7893
310.448,116.923,23.2071,45.8048
309.7145,117.556,23.6848,45.2467
309.511,117.1367,23.7344,45.8292
309.3949,117.5259,23.2985,46.6293
309.7718,116.5827,23.2838,46.9479
309.7911,116.5347,23.4252,46.5171
309.8006,115.5547,23.1827,47.0496
309.397,116.0081,23.0408,47.6527
309.0002,114.5829,22.7717,48.1576
308.1271,113.2018,22.8607,48.6183
303.7521,111.6503,22.9367,49.0418
303.8334,111.3702,23.1152,49.0941
300.7577,115.1427,21.895,51.6032
301.8679,110.5386,21.0471,52.5815
302.6941,108.2743,20.471,53.2131
302.969,109.5006,20.2801,53.514
303.0649,109.7746,19.951,54.2499
300.0806,110.3822,19.7642,54.9467
300.5864,111.0706,19.7942,55.4728
300.9702,110.1818,19.3628,56.9496
300.4646,111.1439,19.9159,57.0752
300.2408,110.7352,20.0296,57.8622
300.2812,111.3295,20.1691,58.6385
300.4017,113.0858,20.4099,59.2198
300.1983,109.9211,20.8062,59.9054
296.888,112.7003,20.9049,59.9495
297.1943,110.4411,21.3876,59.1184
296.8368,112.7169,21.852,58.7386
296.0712,111.1089,22.3522,58.1762
294.4208,109.4857,23.6341,56.0316
291.2141,111.3232,22.895,56.6993
291.1692,112.3493,22.366,57.5705
290.7737,112.1459,22.11,57.7332
289.4169,110.6098,23.035,56.1679
288.6537,114.2498,22.7327,56.1724
287.2489,114.8672,23.492,53.9228
286.1268,114.8533,23.9694,52.5238
285.6305,113.289,23.71,52.6973
285.7561,111.07,23.4469,53.1753
285.3371,106.096,23.4129,53.5925
284.5747,106.1287,23.6701,53.535
280.6782,106.5441,23.6804,54.0293
280.7875,106.3178,23.5346,55.3175
281.0936,105.8302,24.2185,55.6488
280.4736,105.4832,24.4733,56.132
280.6945,104.8234,25.3617,55.4404
280.7633,104.5305,25.817,55.7468
280.7696,103.8059,26.1502,56.222
276.2499,104.4204,26.7156,55.5805
276.4964,103.9545,27.3775,55.6613
275.567,103.9269,27.5225,55.3668
275.1145,105.5417,27.2435,54.6532
274.2988,105.9481,27.5313,55.0029
272.9636,105.2386,27.6703,54.8621
267.9503,105.2635,27.4827,54.5977
267.6115,106.2645,27.4283,54.3072
267.5214,106.5625,27.3352,53.8944
267.1583,106.2409,27.0103,54.0641
266.5606,106.1202,26.7249,53.6245
265.7284,103.1878,26.9474,53.0505
264.1181,103.3857,27.3077,52.2648
268.4535,102.9289,26.2667,52.8281
267.5526,105.3399,25.7113,53.2917
267.1494,103.9055,25.1553,53.5535
267.1026,102.7905,24.8793,53.3655
267.0428,101.7548,24.5416,53.1663
2
0
0
0
0
1
249.1612,115.6826,14.7661,27.1664
248.642,115.7767,15.7484,26.2382
247.5414,115.289,15.9923,25.6329
246.9488,115.5714,16.602,25.0623
246.9453,115.5262,16.9347,24.6495
247.2744,115.6213,16.9444,24.4573
246.1757,116.1018,17.0123,23.8166
246.3214,116.3139,16.7043,23.4518
246.2387,116.729,16.3515,23.1829
246.4979,117.0903,16.0587,22.736
246.1107,117.2778,16.0713,22.1432
246.1681,117.5707,15.7757,21.6286
246.5738,118.6099,15.9354,20.9079
246.8246,118.7967,15.6541,20.739
245.623,118.6699,15.6022,20.5661
245.1098,118.9746,15.2656,20.5437
243.8726,118.4181,14.8317,20.4686
243.7461,118.589,14.6985,20.2506
243.5574,120.2567,14.4359,20.1871
241.9844,120.9845,14.0271,20.2335
241.9532,121.7016,14.0587,19.9
241.6669,122.4088,14.1189,19.4058
239.3722,121.6794,14.0188,19.4106
238.0012,121.386,13.8247,19.2776
237.7896,121.3105,13.5025,19.1768
236.4236,120.8539,13.2198,19.6309
236.4042,120.3604,13.2441,19.8187
235.2551,120.2988,13.4628,19.7571
235.2604,120.0129,13.5932,19.6352
233.9486,121.4163,13.8208,19.3638
232.6859,120.9246,13.6582,19.3556
231.8452,120.4237,13.3279,19.5424
230.8887,119.6228,13.1597,19.3166
230.1773,119.9612,13.1748,19.2741
229.1806,120.1126,13.3224,19.13
228.1536,120.1831,13.1988,19.0586
227.2886,120.351,13.2566,18.601
225.7703,120.9762,12.9101,18.5052
223.9678,119.8294,12.9572,18.0228
222.4027,119.2352,12.5234,18.055
216.03,120.159,12.5641,18.1028
212.7633,121.6115,12.848,18.1082
212.4487,121.1108,12.9378,17.9876
211.4888,122.1466,12.7872,18.1452
210.2482,121.7685,12.9287,17.763
208.2162,122.94,13.3828,17.5447
205.9547,122.2124,13.7445,17.5132
205.1151,122.2074,13.6612,17.5112
202.9527,123.2361,13.4753,17.6891
199.2892,122.8646,13.4636,17.9051
189.8747,121.0409,13.4885,18.2168
187.1276,121.2346,13.8021,18.3498
180.9786,121.4262,13.8086,18.5544
178.3953,121.3719,13.7582,18.9429
175.559,119.5184,13.9681,19.2476
171.5906,121.3821,13.912,19.4417
168.8073,120.7748,13.8462,19.5586
166.8244,121.1707,14.1603,19.5919
164.8516,120.2332,14.2967,19.925
164.2243,120.3908,14.4268,20.1077
162.2953,120.17,14.3814,20.5313
160.3467,119.7775,14.4043,20.8367
158.4554,119.012,14.5986,21.0972
155.8136,119.4226,14.8546,21.3831
152.92,119.1287,15.3041,21.3454
150.7075,118.0992,15.4167,21.8714
150.2458,118.1973,15.8618,21.8649
148.2715,117.1433,15.8277,22.3664
146.9227,117.0627,16.5772,22.2315
143.9226,116.9337,17.1367,22.1062
143.4127,118.9538,17.1337,21.8752
141.3241,118.313,17.057,21.9064
140.347,119.1596,17.1338,21.5422
137.47,119.709,17.0258,21.2453
136.8622,120.3224,16.5839,21.3679
134.3241,120.4725,16.1438,21.4307
131.3296,120.5407,15.925,21.321
126.6673,119.9211,15.6098,21.301
121.1198,119.724,16.0691,21.1893
115.9191,119.159,16.3799,21.0187
110.6509,119.5726,16.6672,20.7647
106.2486,119.5087,16.3493,20.9195
101.3959,120.2025,16.4205,20.5408
106.4648,119.9709,15.5369,21.2596
104.6071,121.2894,14.7932,21.8073
101.8595,121.1355,14.4002,22.0237
98.6514,121.456,14.2067,21.9256
95.6131,121.387,14.429,21.5734
92.5052,121.0127,14.4738,21.302
87.0873,120.4507,14.6263,21.0862
83.6398,120.7104,14.8106,20.6988
78.2417,120.7219,14.9886,20.5489
72.8475,120.7357,15.0309,20.4555
69.6522,120.2992,15.0635,20.5297
66.8735,120.2526,15.1396,20.4289
61.2428,118.6976,15.4767,20.5457
58.4085,117.165,15.6807,20.5505
52.9225,115.8545,16.1988,20.4842
48.0085,116.257,16.6999,20.3714
43.1799,114.5235,16.8742,20.2536
38.242,114.6684,16.5928,20.2089
33.9835,114.3773,16.0913,20.3354
29.6996,114.7186,15.8835,19.9115
25.5251,114.7508,15.8463,19.6939
21.9409,116.9105,15.688,19.7381
