1
289.5849,157.168,92.676,200.6735
288.7446,154.3515,94.1619,202.9903
288.728,153.0646,94.6654,203.5984
286.212,153.1122,94.6583,203.3988
284.7079,152.1322,93.3798,205.2078
285.6514,152.6411,92.5155,205.3081
284.3443,153.0248,92.4833,206.2207
287.6019,153.4734,92.9172,205.9829
290.1554,151.2374,92.7669,206.1949
290.7338,149.6294,95.2404,205.5249
291.8736,146.0898,96.3852,206.6359
290.7647,148.1777,97.7626,205.5689
289.3334,148.9827,99.6716,203.8476
289.0256,146.3824,101.99,203.7593
289.9557,143.8397,103.9874,205.127
288.1382,145.5584,106.1488,204.423
290.3128,141.7664,108.3188,206.4391
293.5267,141.3641,109.8338,206.5366
291.754,142.7947,110.3697,204.1484
289.7423,140.0394,110.0905,206.269
289.5075,139.2124,110.5492,207.2837
290.7617,135.6647,111.4021,209.566
289.7608,140.8028,112.1811,208.7749
289.9102,142.9123,112.6379,206.0721
291.5018,141.7586,113.2402,204.6883
292.9104,145.1719,113.3181,202.2897
294.1039,142.3398,112.2104,202.9402
292.5999,141.7458,112.5415,202.1317
291.8979,140.9014,112.7892,201.2795
293.0142,139.5874,112.2372,201.2601
292.0536,144.5311,112.4534,197.7366
292.6801,146.4058,110.8876,195.0342
293.4866,144.9009,108.5939,193.288
293.7122,145.3305,106.9922,191.0889
295.5455,136.4574,107.7167,192.5035
299.1221,132.1032,109.3206,194.486
297.8517,129.0618,109.5116,196.4574
298.1885,131.1545,110.1611,195.3476
296.4379,130.2227,109.8719,194.8809
295.6514,134.3401,108.3478,190.949
296.9896,131.2397,107.0491,190.1673
298.9118,123.9323,105.0771,192.0336
301.907,126.3052,105.195,190.8097
302.7971,123.7991,104.525,190.7517
302.4794,124.407,102.8526,189.6133
303.5046,125.04,100.6494,188.0942
304.7018,124.3131,99.1529,187.5737
307.7322,124.9699,97.9658,186.8566
308.9491,122.6654,96.5549,187.3808
311.0851,122.6846,96.7974,185.7679
312.5171,125.3762,95.9753,183.8579
314.221,127.3856,95.7447,181.804
314.7384,127.2622,94.1326,180.8341
315.3677,127.7968,93.6519,180.4533
316.3072,129.5676,92.3885,179.1773
318.7561,129.0832,91.1625,177.4796
320.9045,132.4667,90.492,175.5052
324.6925,139.2307,88.4298,170.5226
327.189,136.9298,88.5484,170.2834
329.2634,134.4265,87.7728,171.2144
331.9869,137.8069,87.3484,170.0926
333.9946,138.3873,87.7815,169.6676
335.3905,141.2399,89.351,166.6398
336.5902,143.6781,89.9475,163.5789
338.6352,143.7517,90.1822,162.0062
339.3584,146.5349,90.4565,159.7881
342.0271,145.8026,88.7504,157.753
344.5191,147.5184,87.9722,156.2183
345.0258,146.9093,86.9727,156.2825
348.2537,146.7718,85.0459,156.3087
347.5468,147.7922,83.4563,155.7517
350.7031,145.735,83.1727,156.2505
353.2319,143.5558,83.9718,157.4607
353.5361,143.7289,83.5512,157.2205
355.7096,144.6191,83.3194,156.2938
355.7982,145.9747,83.1431,155.4391
356.6129,143.9278,81.5443,155.2739
358.295,140.5707,79.8455,156.2053
359.4157,138.6585,77.7673,157.4988
360.0884,136.3292,76.0369,158.8425
361.7264,137.2598,74.843,158.5814
364.1653,136.2899,74.6883,158.8038
371.353,145.4156,73.3659,155.7084
370.3754,136.7648,74.0074,156.8087
371.8638,134.1122,73.941,157.0651
373.6227,134.1732,73.8718,157.7238
376.3363,132.7611,73.4737,157.9869
377.0478,139.9667,72.4542,156.1004
379.3232,135.2782,72.1286,155.8349
380.6229,134.195,71.8574,155.6482
383.3876,137.5742,71.6659,154.97
383.5116,137.2757,72.3482,154.5217
384.0299,136.767,72.7542,155.2141
385.3753,134.7723,72.6402,155.7999
387.6459,132.7908,71.5829,157.8869
388.9455,131.7479,71.2894,159.6488
390.1788,132.869,71.4362,160.5112
392.3781,132.2588,72.7367,160.649
392.9479,130.9652,74.6172,161.0061
394.016,132.0224,75.0328,161.5217
393.4612,127.842,75.2776,163.2218
392.2046,127.2489,74.527,165.764
392.4286,125.236,73.9586,167.8254
391.9628,124.6355,73.1384,169.6295
388.7369,123.5744,72.3958,171.7721
388.1751,123.1443,72.4977,174.212
387.5205,123.288,72.6349,175.7355
387.5523,119.1814,71.8225,177.6558
383.9022,124.395,69.9845,178.0114
385.8679,119.5153,70.3126,177.362
385.7203,122.1952,71.2075,178.3985
384.9095,117.4528,70.9509,179.2881
382.9524,118.8302,71.2451,181.4749
382.7066,121.1972,72.2124,182.1858
381.2068,115.3086,72.1607,183.9424
378.8718,116.6364,71.9588,186.5453
377.2063,118.0766,71.896,187.959
374.6166,116.9894,71.5961,189.0012
376.0366,113.699,72.0825,190.0452
374.4632,116.2217,72.8545,192.3071
374.0957,111.7102,73.2134,194.2937
371.6205,114.466,74.4039,196.8069
371.5601,110.6303,75.1406,197.046
369.348,113.1254,75.9572,198.6198
370.4389,109.5828,77.1646,199.1861
367.8956,110.6345,77.4288,199.7732
368.7334,110.904,78.8949,200.8614
366.1099,109.4707,79.377,201.674
366.7421,108.4618,79.0584,201.6633
365.3169,117.691,79.972,200.5257
363.6936,110.7046,80.9555,203.6484
363.2231,110.5612,82.607,204.6144
362.3112,112.2215,83.4619,205.3186
361.5468,111.1854,84.7277,205.975
360.5467,110.5089,85.9058,206.8645
361.2527,108.9534,85.7529,206.9249
359.7879,116.2424,85.664,205.1192
359.4295,110.5241,87.2725,205.5191
358.2117,109.6215,87.8876,206.7176
356.2153,110.3252,87.3753,206.8214
356.1867,110.4505,87.5643,207.9434
355.5521,111.1335,88.5731,208.0374
357.3945,112.115,89.9032,208.0507
357.5723,112.3082,90.5761,208.7647
357.4941,113.5152,91.8457,208.9943
358.6542,113.1159,92.51,209.3969
358.6526,108.2705,92.2884,210.309
358.5432,111.7482,92.1568,211.5808
357.8839,109.103,91.5672,211.2401
357.3049,113.6118,92.7312,211.6067
356.2743,116.8799,93.1862,211.3508
357.2973,118.7428,94.5829,210.9225
359.3575,115.6986,95.1286,210.4864
355.6207,118.8009,94.7566,209.4257
360.1825,129.6394,94.3728,202.7989
356.6952,123.4803,93.8631,201.1522
353.7123,125.4323,94.5643,197.6429
353.1721,126.5018,93.9491,195.0577
351.002,128.3483,93.5149,192.028
348.4818,128.1469,93.9964,189.5794
348.48,128.1218,92.4439,187.2642
346.8535,130.2024,91.3063,183.874
346.6628,129.9241,90.5191,182.2377
346.2993,131.5803,88.8892,179.6497
345.9424,132.4181,88.4378,176.6236
344.2042,135.0824,87.4825,173.5084
343.0432,135.1332,87.3717,171.9566
342.4772,134.9418,87.242,170.6785
340.6882,134.5128,88.2891,169.1702
338.5767,136.771,87.067,167.2958
338.7706,143.4256,87.1845,164.7454
339.2536,144.7521,87.9595,162.9732
339.7691,141.1311,86.3949,163.9941
340.7473,142.0226,85.0893,164.9866
340.1513,142.3651,83.9215,166.0182
342.0427,140.0135,84.5208,168.0665
342.3771,145.0341,84.7313,165.8977
341.4295,145.1701,84.8164,165.4783
341.7727,150.3225,85.5538,163.0454
342.6867,145.5343,84.685,164.8335
339.7597,140.8355,84.2104,167.5803
338.3576,140.1066,82.0614,168.5147
339.8979,140.7979,79.932,169.0904
344.0123,150.4661,79.7572,165.4391
342.1319,143.5261,79.8821,168.105
339.2015,137.7137,77.4599,171.0556
337.0016,136.9308,76.0838,172.1529
334.0277,135.6298,74.1367,174.2557
330.838,133.893,73.1186,176.5147
327.6168,132.7875,72.9635,178.1763
326.6496,130.3094,73.919,179.2519
326.6587,132.6489,75.4394,180.2102
325.2404,131.6784,78.6248,180.5393
323.1572,134.4345,81.2547,180.761
318.3267,133.5838,82.4151,180.8019
318.3863,133.2839,82.3468,181.9499
318.3116,135.4806,83.4495,181.6403
317.0224,137.482,83.9484,180.3019
317.1466,136.1832,84.134,181.0308
316.376,140.2565,85.5465,178.8588
316.1712,138.7782,86.2137,177.7346
316.9488,142.1681,86.7473,176.3447
316.3687,145.3593,86.6126,174.6193
318.6893,143.0515,87.6006,174.5266
320.6958,147.4313,88.8864,171.6265
320.82,144.4977,89.0314,172.2096
321.8106,143.063,89.3409,172.2771
323.3253,146.1167,90.2304,171.8465
324.9421,145.8268,90.5057,172.1672
327.0598,146.3582,91.1052,171.934
326.3237,147.6577,92.1054,171.226
325.78,147.201,92.0423,171.2428
327.1702,148.4112,93.036,171.1679
328.8008,147.6055,94.1619,172.8374
329.9662,147.4195,95.0299,174.0594
330.649,146.4059,95.9692,174.5546
331.9035,144.0496,96.2233,175.8933
332.5997,143.4042,96.2221,175.9841
334.3345,142.5839,95.7756,176.7778
336.254,136.6628,96.434,178.9495
337.6837,132.8149,95.7625,181.7221
338.5868,131.1368,95.3995,184.4201
339.6749,131.243,95.5367,187.2781
340.9111,133.0355,95.312,187.4164
345.5341,130.5942,93.5761,188.3934
348.7211,129.6777,91.1322,190.2778
350.8139,135.4636,90.4636,188.8841
356.2566,137.6144,88.6442,185.1472
357.3424,127.1976,83.7643,191.8012
360.3651,119.4712,79.5165,197.9927
361.8652,121.9267,77.0269,198.6768
361.4265,121.5997,75.3783,198.6137
365.3896,113.4967,74.7961,202.8303
366.672,115.9283,74.3966,204.7703
368.3589,114.3515,74.12,206.9331
369.221,112.0767,74.5963,208.6229
368.5504,115.0946,74.4332,207.9839
369.472,117.3755,74.37,206.7832
368.7297,112.0747,74.2771,208.9077
368.7202,112.9952,74.193,210.309
368.7673,113.5104,73.9178,211.6392
369.6659,112.7884,73.9241,211.884
370.1553,113.9367,73.6889,212.5113
371.1914,113.2856,73.0104,211.5936
370.2933,112.7278,72.657,211.3355
371.6341,115.0825,72.5812,210.8181
372.1067,114.7718,72.0205,209.9324
371.2821,116.7493,71.6632,208.7839
370.8677,118.8626,71.6975,207.3814
372.1019,115.2403,71.1045,208.0339
369.3414,118.0637,71.7259,207.5429
365.8051,120.4805,71.6738,205.3194
369.9304,114.0858,70.4452,205.3279
372.7992,112.4461,70.2369,205.7312
373.4205,113.2165,69.7643,205.7814
373.9952,113.2358,69.4121,206.5896
374.1158,111.8398,68.8935,207.3148
377.4132,113.6422,69.3969,206.9905
378.6952,109.2841,69.3632,208.583
377.1564,110.9998,70.8916,209.8695
376.6454,109.9172,71.4746,210.6135
376.2397,109.7182,73.1324,209.9268
378.9001,110.826,75.0391,209.4407
381.175,111.3915,77.1567,208.3511
382.5117,116.7709,80.2892,203.6572
383.5733,114.8889,83.9704,202.6461
384.3551,115.0847,85.9829,202.4161
386.2907,117.6025,87.7996,200.4623
385.5948,112.7992,89.7563,203.2461
388.3179,110.3773,91.5368,206.5678
390.145,113.4933,93.7015,207.5203
388.6824,118.7729,94.3568,205.231
387.4619,117.1981,94.0193,205.8643
389.9258,116.6989,94.7574,205.6042
392.0337,117.6279,94.8986,207.7554
394.3944,117.3693,95.9156,208.2811
393.912,112.2025,97.8059,210.1623
392.5827,110.5997,99.4555,211.4677
387.813,107.636,100.3438,213.182
386.0254,111.0199,100.1424,212.702
386.3804,115.8704,101.4067,210.3885
382.0464,115.0316,102.3185,208.5956
378.7636,109.0686,102.8919,209.5938
373.0026,109.1192,103.9697,210.6173
370.5127,109.0715,104.5455,211.5392
368.1396,111.2876,104.7822,211.7368
366.2597,112.3452,105.3475,211.2796
362.838,112.2958,105.075,211.8086
360.1273,112.418,105.7413,212.8365
355.5382,112.1707,106.3262,213.7286
351.7809,113.9264,105.7039,213.3344
347.491,116.993,105.0307,212.0957
340.8145,117.0154,104.7346,211.6788
334.1394,115.8467,102.7492,212.1729
329.677,115.6634,101.115,211.4786
324.03,116.2723,98.7785,213.584
322.9476,112.4966,96.7513,216.0757
319.6735,111.7677,95.6283,219.0721
320.1594,113.2913,94.1554,218.8979
318.919,109.2141,92.604,223.4181
318.2296,104.7773,91.101,227.464
315.9417,104.2542,90.8571,229.7279
315.409,104.6272,90.6533,231.0507
313.6502,105.6615,90.7006,230.2124
312.1801,105.3204,90.715,228.9117
311.6616,103.391,89.2735,228.939
309.4298,105.2269,88.3919,229.1437
311.1687,105.038,88.4592,229.7198
309.315,103.6986,87.824,231.0314
309.5122,106.453,87.8352,230.9033
308.5503,109.7411,87.6203,230.7133
309.1582,109.1591,87.4736,231.5046
311.1677,106.1715,88.4737,234.361
310.1243,102.6966,88.5365,236.8684
310.5724,101.3073,89.0715,240.1373
310.3809,101.3958,88.9504,241.2018
311.5067,95.9904,88.121,245.6236
311.5434,94.2101,88.7369,249.0685
311.962,89.0244,89.0529,252.5034
308.7369,83.4799,89.6338,255.4284
307.0522,81.1975,91.1978,258.6994
303.8293,75.6837,93.4971,258.4514
301.2241,80.4082,97.0235,253.5246
300.3773,74.4115,98.8801,256.4482
297.557,72.949,100.2016,255.8755
294.7305,75.8894,100.4859,254.6865
293.4848,79.3729,103.5309,253.6731
290.595,82.1509,105.0438,252.2013
292.3451,93.053,108.2426,247.3535
289.1157,89.102,110.5608,251.0478
287.9103,88.4238,111.5545,253.5908
282.897,89.249,111.9273,255.307
279.6589,85.2442,113.997,256.4594
280.1119,80.4569,115.118,260.1282
275.9101,79.7515,114.7278,262.4519
271.0095,73.5066,113.9738,266.8607
271.4454,67.3487,110.6062,271.0599
272.9898,63.3269,108.3164,273.8983
274.3872,65.5553,106.6696,276.236
271.1024,60.8286,105.6713,280.0518
272.4106,57.0711,103.6241,282.824
274.007,59.8489,104.8317,280.2367
274.6965,59.4226,105.7672,279.4647
278.0614,59.4977,104.2948,281.5081
279.4873,61.1574,102.3681,279.9054
281.9949,60.2127,101.1574,277.2426
283.0513,64.5672,99.1906,276.4285
281.5829,70.1596,98.2668,274.6203
285.4841,65.6056,96.8035,276.2843
287.8648,65.6491,95.408,277.5888
291.8352,67.8771,94.4464,279.0065
294.4296,68.5652,93.6895,278.4453
296.4561,66.9854,93.728,279.4787
298.1991,65.0977,93.5082,281.8029
299.7074,62.0431,94.1317,284.6151
300.3625,59.2274,93.5045,288.5566
299.1826,54.2238,93.8778,289.7924
295.7893,51.0168,93.2971,290.8679
291.4782,49.7982,92.5438,289.3997
289.0878,49.1848,92.7475,288.4411
285.7202,48.0996,93.3992,286.9884
286.9541,51.3412,94.7108,288.5926
287.9924,55.8153,95.6759,292.9158
288.1199,55.0408,96.3361,296.283
287.6444,55.3454,98.7513,295.8511
