1
212.7888,142.1428,92.5432,58.382
210.7506,141.6458,94.5219,59.3488
210.0725,141.8743,96.3189,59.5313
206.8398,142.8687,97.893,59.8981
204.6543,143.5025,99.6269,59.8436
203.0739,144.4263,100.7324,59.9151
200.7423,145.228,101.7109,60.0493
197.8772,145.9774,102.58,60.2121
196.6894,146.3976,102.7837,60.2183
195.104,146.9325,103.226,60.4036
192.6582,148.3229,103.2807,60.5399
190.8411,148.9577,103.4784,60.9074
188.1551,149.0055,104.5132,61.0935
186.1746,150.0338,105.3897,61.1466
184.5356,150.8344,106.0465,61.2232
183.4584,151.2733,106.77,61.3008
181.8701,151.8867,107.4,61.4546
181.6801,153.3455,107.6686,61.6697
180.4582,154.1889,107.7286,61.8245
179.2314,155.6351,107.5595,62.0607
179.4644,158.6511,107.0979,62.2719
178.9106,160.2646,106.7173,62.2635
176.2797,161.5141,106.6826,62.2354
175.3061,162.1661,106.024,61.8249
173.3246,162.5016,106.1141,61.5432
171.7947,163.0305,105.6785,61.5288
169.6114,163.5454,105.7148,61.8385
168.1863,164.6201,105.7717,62.1733
165.8216,164.8763,105.7883,62.4348
163.675,166.4986,105.6884,62.8367
161.2306,166.3399,105.6706,62.6293
159.0766,166.9468,105.762,62.6149
156.7547,167.481,105.3781,62.7066
155.1575,168.5387,104.7113,62.6024
155.1885,169.5006,103.6617,62.3405
155.7968,170.6998,102.6383,62.2873
156.8166,171.4009,101.002,61.8684
155.7946,171.7859,99.8354,61.7977
155.7061,170.5423,98.6215,61.8489
156.8978,171.1449,98.5129,60.583
155.208,169.2143,97.484,60.2319
156.1267,168.1346,97.1595,60.0474
155.6593,167.6064,95.7941,59.9245
155.4575,167.75,95.2431,60.3114
155.5298,167.1665,94.6054,60.6603
155.6815,168.2332,94.703,60.5111
156.5825,168.0798,93.9277,60.6162
157.5923,167.4806,92.6475,60.8118
157.8886,168.411,91.3591,60.9014
158.174,168.0,89.9623,61.1419
157.842,168.2474,88.3206,60.913
157.7114,168.2015,87.6686,60.9985
158.378,167.9537,86.5105,60.9368
158.2145,168.2234,86.2152,61.199
158.6593,168.7045,85.9795,61.4838
159.7634,168.5147,85.9553,61.4823
159.5752,167.9305,86.3804,61.6829
159.7553,167.4293,86.6758,61.644
160.0643,167.2481,86.7805,61.7121
160.407,168.4018,86.7189,61.9696
160.3948,168.0856,87.2811,61.6669
161.7486,168.2429,87.4062,60.9791
162.0428,168.6319,87.0986,60.493
163.2234,169.4131,86.911,60.0028
163.1197,169.3501,85.888,59.7332
163.5125,169.5845,84.9171,59.492
164.0206,168.5396,84.0166,59.5315
163.7419,168.5701,83.0885,59.8384
162.7597,169.2321,82.4146,59.7868
163.2223,169.3145,81.7719,59.9593
161.5824,168.67,81.335,60.0212
160.391,168.3491,81.0389,60.2761
159.9384,167.9857,80.8184,60.3315
158.6795,167.3467,80.8904,60.1941
158.6677,167.891,80.7263,60.3687
158.0461,168.7398,80.0818,60.491
156.9916,168.1816,79.628,59.9882
155.2548,168.2893,78.4522,59.7458
154.2953,167.1928,77.2078,59.3498
151.7112,167.1765,75.9208,59.342
150.1067,167.1976,74.7599,59.0843
148.9751,167.0458,73.4095,58.9409
147.281,167.7042,72.1743,58.6399
146.8763,167.7094,70.8566,58.6228
146.7446,167.4352,69.9122,58.561
145.3334,167.5084,69.2239,58.4553
146.0569,168.1609,68.3797,58.1807
145.9293,168.3134,67.6125,57.7433
145.4127,168.3476,67.046,57.3125
145.7485,168.4591,66.6987,56.96
146.9986,168.9608,65.9647,56.52
146.4104,169.0565,65.4733,56.0999
145.782,168.5389,62.6958,57.9902
145.0321,167.8856,60.2918,59.4037
145.9965,167.2782,58.0268,60.5728
147.6488,167.0698,55.9211,61.2524
149.0971,166.4087,54.019,61.9901
149.1469,166.728,52.19,62.7484
150.2589,166.3047,50.6505,63.4548
151.598,164.9149,49.094,64.1367
152.3924,165.5795,47.7622,64.704
155.1186,164.9401,47.0409,64.6631
157.9944,165.6214,46.4654,64.9285
160.7963,165.3003,45.8439,65.2039
162.0796,165.4579,45.0987,66.1373
164.0748,164.9153,44.5243,67.1484
165.2777,165.1133,44.1109,68.0132
164.9516,164.8655,43.5492,68.6728
165.112,163.5025,42.9095,69.3913
164.1841,163.3284,42.0132,70.5077
163.3469,163.0622,40.8969,71.7547
162.6726,163.1604,38.3749,73.1747
161.28,161.6927,36.6885,73.9496
160.4496,163.6397,36.2762,73.5124
160.4284,161.5295,36.0477,73.8274
159.8439,161.2715,35.731,73.8967
158.913,161.2071,35.601,73.7128
159.7521,161.2874,35.5916,74.252
160.3151,160.3541,35.3048,75.3538
160.6522,160.5283,35.0048,75.5381
162.1887,160.4685,35.1165,75.2715
163.7811,160.9912,35.498,75.3953
165.2274,159.9218,36.0525,75.988
164.4152,162.0433,36.1192,76.0172
164.5543,162.4226,36.0963,76.2577
163.0431,160.1812,36.4888,77.1763
162.3807,161.8777,36.803,76.9411
162.053,161.4757,36.9163,76.953
163.9979,160.7679,36.7467,76.5093
163.7069,161.7154,36.5641,76.4166
163.9075,162.0505,36.613,75.509
164.6361,163.038,36.1333,75.7192
166.029,162.6501,35.7619,75.7114
167.7342,162.3652,36.0696,75.862
168.5274,161.3584,36.488,76.2691
169.0293,160.1048,36.6492,76.8375
169.0816,159.9653,36.4988,76.4589
170.2892,159.7393,36.7642,75.6479
172.0435,160.7602,37.4333,74.4446
172.561,160.7286,37.7975,73.2369
172.8087,161.3013,39.2571,70.9768
175.2345,163.0394,40.452,69.2975
176.4248,162.4619,41.1427,68.1215
176.9596,164.396,42.5071,66.5117
177.0203,164.4665,43.943,65.3188
179.4669,165.9236,44.8903,64.4445
179.0008,165.855,45.8161,63.554
179.0141,166.9249,46.722,62.9223
179.5501,167.1855,47.5417,62.4311
179.4696,167.272,48.589,62.0075
179.7517,167.8937,49.4071,61.4894
179.5781,168.5699,50.112,60.9785
178.2735,168.7322,50.8685,60.9411
175.5037,170.3359,54.165,58.5021
172.8197,172.4034,57.1919,56.5016
171.013,173.2313,60.211,55.0376
169.888,173.8505,62.9986,54.2433
167.5237,174.5966,66.3735,53.5
166.0487,174.8716,69.2067,52.5733
165.0903,175.7719,70.9467,51.6428
165.1168,176.3889,72.8256,50.7793
163.6112,176.6994,74.2581,50.2041
164.5385,176.6958,75.9654,49.8654
166.0231,177.2343,76.8878,49.733
167.2042,177.4595,78.058,49.6305
168.5482,176.594,79.5962,49.8319
170.506,177.0145,81.441,50.0421
172.5003,176.606,82.2918,50.1123
174.3809,176.4307,82.7941,50.1288
176.8498,176.477,83.2333,49.925
178.3385,177.9243,83.5082,49.991
179.8395,179.6389,83.6595,50.1412
181.5589,181.4488,83.2504,50.2553
182.1146,183.5087,83.0086,50.3312
183.1316,184.8675,83.1726,50.1843
182.6325,186.4994,82.8961,50.2126
183.5785,188.4913,82.8958,50.1847
183.7484,189.9245,82.741,50.1146
182.8456,191.6798,83.2966,50.1775
182.3228,192.6393,84.2266,50.401
181.5846,194.5449,84.6476,50.9017
179.7429,196.1024,85.4151,51.5679
179.1103,197.1105,85.1936,51.9421
179.0166,198.4025,85.4939,51.9845
177.5729,199.5988,85.5623,52.1442
177.5643,201.2578,85.6483,52.3191
175.6111,202.1205,90.8702,49.5573
175.6324,203.3482,92.5203,48.2055
174.4846,203.4235,93.5114,47.778
174.7595,204.508,92.614,48.2421
175.1819,205.0575,93.8237,47.828
173.9824,207.0762,93.7695,48.946
172.8484,209.0809,91.1769,52.4556
170.175,209.8185,86.3227,54.9396
169.3351,206.7888,84.1501,57.1924
170.8786,205.0959,83.3661,58.0226
173.7738,205.2892,83.1199,59.2973
174.0742,205.165,84.5083,60.0032
175.0229,203.6263,86.9186,60.8496
176.4233,202.9511,88.4629,61.9346
174.396,201.797,89.9866,62.6108
175.0314,200.9066,91.5323,62.589
174.8631,199.0914,93.2602,62.6283
175.8653,199.8512,95.0646,62.9557
174.9211,198.6608,96.9404,62.8132
175.1539,198.5494,98.4272,62.6824
175.3108,197.0063,99.9349,62.683
173.4661,196.5506,101.9398,62.4783
175.42,197.1154,104.3207,61.8462
176.3183,197.0157,105.3227,62.3669
175.347,197.2875,106.4045,63.1956
174.0258,197.8546,107.427,63.6039
172.8073,197.9634,108.9009,63.5
172.7087,198.7393,109.4255,63.6927
173.5714,198.2291,111.3103,63.692
163.803,200.5014,111.137,62.5723
155.5279,206.2465,107.4847,60.5279
161.4388,210.0347,103.9538,58.5745
164.5646,209.5027,100.3653,56.9972
164.4219,209.6298,96.7958,55.8628
165.699,209.1364,92.9503,54.9893
167.2982,209.3013,89.6443,54.0983
169.8281,208.6641,86.7421,53.4831
170.8465,210.0745,84.823,52.6098
172.9771,211.2629,83.137,51.5306
173.5024,212.0367,81.9906,50.3364
173.2786,212.6253,79.5285,49.7314
173.5833,214.074,77.5041,48.6665
174.4372,214.3299,76.0215,48.1836
175.5798,213.5289,74.4332,47.7895
174.8582,213.7398,72.1247,47.5011
174.4922,213.497,70.1643,47.2523
174.1042,214.1873,68.2042,47.2271
174.2257,213.3533,66.1926,47.1951
174.5965,214.1784,63.9917,47.1917
175.6059,214.3071,62.5691,47.1067
176.1654,213.7232,61.5921,46.9064
177.019,213.4937,59.101,48.2755
178.9686,213.3136,56.8721,49.2125
179.8126,212.5804,55.0331,49.9293
179.8059,211.9169,53.3095,50.2784
181.0207,211.1882,51.409,50.5948
181.5107,210.4391,49.8623,50.9135
182.0274,210.1782,48.4256,51.1808
182.0678,209.9255,46.791,51.7913
182.979,210.1536,45.4802,52.497
185.9463,209.9402,44.0635,53.0013
187.9915,210.1023,42.6864,53.0738
190.0958,209.3839,42.0588,53.0057
189.2837,209.4096,43.0189,52.1608
189.3429,209.5125,42.7843,51.749
189.27,209.3708,42.9109,51.7672
192.6297,208.2606,42.4799,51.8342
194.9755,208.7872,43.0017,51.6967
196.6427,208.1408,43.497,51.6006
198.2484,208.2618,44.439,51.6149
198.8553,208.2572,45.9959,51.7983
198.7262,208.2311,47.8124,51.7269
198.1331,208.9652,49.8229,51.928
197.7118,208.9412,51.9791,51.9936
196.4335,208.7394,54.0909,52.0982
196.5623,207.794,55.927,52.2768
195.9693,206.2088,57.9384,52.496
195.0349,205.484,60.1484,52.5803
193.9765,204.7504,62.8207,52.808
192.5913,203.7102,65.5896,53.318
191.9056,202.6498,67.4404,53.5284
191.7128,202.8415,69.6027,53.6385
191.9699,200.8432,71.0535,53.8134
190.0542,200.9829,73.503,53.7724
190.5165,201.0807,75.1522,53.8858
189.5038,201.1478,77.1414,54.0262
188.6086,200.1517,79.282,54.4707
189.023,200.2676,80.6048,54.8507
191.6719,199.9812,81.3463,55.1057
193.2354,199.7683,81.9515,55.0574
193.9595,200.6026,82.7852,54.792
195.1944,200.206,83.4007,54.6076
196.0593,200.7257,84.1242,54.6792
197.5593,200.473,84.9368,54.7575
197.6348,199.9158,86.0073,54.8232
197.4023,199.1132,87.2158,55.0253
196.8116,199.9419,88.8641,55.385
193.7041,199.4787,92.7775,54.5468
192.9548,199.9671,96.0619,54.0739
192.7189,200.128,98.3355,53.7401
191.994,199.5962,100.418,53.4936
192.7586,199.0699,101.3515,53.2836
194.479,199.3566,101.7611,53.4562
196.0665,199.7357,101.6097,53.603
197.2495,200.0285,101.4033,53.7851
198.4779,199.2188,101.6786,53.6535
203.6219,200.1168,101.451,53.0162
202.9457,201.1987,102.4768,52.2947
205.5885,201.6995,102.653,52.0203
208.7932,200.4273,103.0624,52.0835
211.5473,200.6362,102.4167,51.6804
214.4869,199.9352,101.6002,51.5705
216.7891,199.9848,101.4647,51.0469
218.6014,200.0147,101.515,50.7373
219.63,198.0823,100.6066,50.4963
220.511,197.6937,101.4014,50.0268
221.1836,197.0936,101.5939,49.8413
222.2376,197.241,102.7381,49.5829
223.4669,197.4876,102.9805,49.2903
225.8124,197.5893,103.3553,48.9157
226.6346,196.8574,102.854,48.7783
230.0423,195.8194,103.2138,48.7779
230.664,196.7939,102.5786,48.8673
234.7872,196.9044,102.7897,48.8815
236.5451,198.4742,102.2503,48.9948
237.5455,199.2509,101.7537,49.0579
240.785,199.24,102.0668,49.1254
242.9963,199.9958,101.1082,48.9729
244.9425,200.1349,100.1827,48.9683
246.9893,200.655,100.1004,49.0566
248.4793,200.4745,100.2383,49.3218
251.061,201.3402,100.5035,49.522
252.9579,201.4914,99.9803,49.8795
256.6165,201.4651,99.8637,50.2151
257.9707,201.6155,99.483,50.7087
261.874,202.0082,100.0986,51.1808
262.789,202.6164,99.9148,51.8674
266.0273,202.3859,100.3306,52.0831
269.0343,203.403,100.0549,52.2248
270.6148,204.3079,99.8416,52.4598
273.485,204.3284,99.9412,52.548
275.7164,204.0481,100.022,52.6102
278.036,203.5821,99.9472,52.5065
279.6978,203.9373,99.8292,52.6026
282.0591,204.8392,99.7565,52.4866
281.9967,204.3011,99.6248,52.2076
284.8842,203.7565,99.835,52.0615
286.8511,204.0775,99.6098,51.991
287.1765,202.9848,100.1209,51.9975
289.0596,200.2291,100.3472,52.2789
289.2635,196.7549,100.8277,52.2241
291.6054,195.2744,101.4369,52.1066
291.9418,193.6164,101.7767,51.8048
292.5873,191.8029,102.3659,51.4688
294.0946,189.1863,102.7636,51.1368
294.8317,188.0639,104.1525,50.5838
295.2684,188.3694,105.1649,50.1177
298.2398,187.7928,105.5457,49.5674
298.6593,187.3431,105.7465,49.2318
302.5692,185.7698,105.4017,49.1824
303.8869,183.8815,104.0864,49.2557
307.7119,183.142,103.4715,49.0963
307.0186,182.4231,102.8349,49.5547
309.6155,181.843,103.0859,49.7948
311.2187,181.3527,102.4065,49.8636
312.8662,182.0161,101.453,49.9378
313.6769,182.695,101.1449,50.0025
316.9493,181.7649,100.6404,50.063
317.868,180.8141,100.1201,50.4522
317.3969,180.0607,100.0599,50.7191
317.3525,179.2294,100.669,51.1187
317.4867,178.8697,101.5877,51.2548
318.0019,178.829,101.7305,51.1016
320.0266,178.9231,102.4827,51.1244
320.0372,179.1084,102.7997,51.3003
320.0326,179.0826,103.4477,51.5364
321.534,178.7422,103.9273,51.6049
322.6952,179.1127,103.4115,51.8583
321.7099,178.8172,103.128,52.2292
320.2998,178.1248,103.3861,52.4324
318.2315,177.5844,103.9983,52.647
316.2904,177.1444,105.2317,52.5719
315.7157,177.5095,105.7689,52.4275
315.5588,177.5974,106.8915,52.827
316.6472,177.2692,107.0898,52.8658
317.0443,176.761,107.1691,52.9177
317.2688,177.1235,107.1571,53.0355
319.3563,176.7244,106.7429,53.1334
317.2572,177.0204,107.021,53.2839
318.2572,176.3212,107.0442,53.4207
318.4793,176.0503,106.8626,53.1939
320.0402,176.1227,106.5227,52.9497
319.3132,176.9851,105.8422,52.8265
318.8118,176.5249,104.8922,53.1197
317.6277,176.7374,104.7889,53.158
318.5326,176.6042,104.8431,53.0757
317.6839,177.5057,105.1002,53.2502
318.3535,177.5008,105.3211,53.7173
321.0539,179.0086,105.1019,53.504
322.5498,179.5091,104.9442,53.64
323.1596,180.897,104.2701,54.1222
324.9455,180.5647,104.2034,54.4072
326.9824,180.7909,104.7598,54.8865
327.8223,181.0457,105.2945,55.4058
328.012,181.7847,106.3451,56.2741
326.6145,182.4249,107.2462,57.0265
328.1562,183.2114,107.8755,57.1579
329.0722,184.2513,109.1449,57.5422
329.4169,185.2819,110.3936,57.8522
331.8969,185.9003,110.9221,57.9606
334.4271,186.423,111.375,57.8046
337.0643,186.4628,112.326,57.8822
337.4084,187.1668,113.0112,58.0829
341.5824,186.1091,113.8021,58.5241
343.4216,185.8371,113.9467,59.0387
346.4203,185.6823,114.7367,59.1648
350.356,185.88,114.6803,58.9824
352.4596,186.4729,114.9057,59.3099
356.7923,186.3444,115.8229,59.4796
359.2644,185.0373,116.3028,59.8892
362.4444,184.8025,116.5835,60.4567
365.5233,184.3394,117.4086,60.7434
367.005,183.7902,117.2392,60.8294
368.8648,183.5145,116.3747,60.7916
370.8002,183.4184,116.028,60.7922
372.3674,183.1845,115.6964,60.4598
374.5018,182.8713,114.9852,60.1365
376.3417,182.23,114.3117,60.012
377.6508,182.6391,112.8703,59.3249
379.3434,182.7828,111.3898,58.8202
379.7225,182.6915,109.7003,58.231
380.4323,182.206,108.6088,57.8747
381.002,181.3887,107.4215,57.6445
381.9947,180.3677,106.1609,57.6507
382.5885,178.9109,104.3456,57.4615
382.1773,179.0901,102.6155,57.298
381.4406,177.7465,101.2005,57.1784
381.1369,177.6238,100.7474,57.2299
379.8736,178.0489,100.2989,57.234
379.3179,177.6823,100.0805,57.1645
377.6723,177.2115,99.9464,57.198
375.0981,174.3328,95.4539,59.7718
375.6938,173.249,92.7807,61.2466
377.6067,172.4419,91.2233,61.7561
379.3904,173.0878,89.8889,62.0322
380.5689,172.52,88.9892,62.6033
381.0989,172.3856,88.5742,63.3388
382.9901,171.9597,87.674,63.8634
385.2178,171.9721,86.771,64.3142
389.2674,172.2099,85.558,64.3389
393.599,170.9097,84.5255,64.3479
396.9031,170.4199,83.3664,64.5148
399.0642,168.9602,82.1787,64.744
403.2969,167.7831,79.1691,66.6306
407.3736,166.8273,77.0741,68.1204
410.2189,165.7497,75.6045,69.1248
413.4305,165.2134,74.5645,69.811
415.3101,165.6048,73.6343,70.69
416.0405,164.8226,73.0091,71.4014
416.9029,164.7172,72.7123,71.7974
415.1067,164.9151,72.4366,72.2415
413.6979,165.1636,72.639,72.1676
413.4848,164.0099,72.2838,72.5023
411.6899,163.8095,71.6496,72.4399
412.0582,163.6403,70.4733,72.4953
412.0257,162.5869,69.2193,72.4069
412.1573,163.6467,67.4787,72.8485
411.2644,163.3109,65.5964,72.9006
411.7503,162.8065,63.7286,72.5151
412.8443,163.1745,62.0365,72.3851
411.6925,162.2401,59.7982,72.0833
411.8448,162.2835,57.557,71.9344
412.1315,162.8614,56.1203,71.3687
411.5168,163.2891,56.0693,70.0037
409.1495,163.7697,55.868,69.0818
408.7455,162.7717,55.2231,68.7294
406.9081,164.381,55.08,68.729
404.0211,164.7066,53.5537,69.1622
402.6697,164.2581,52.21,69.3743
402.8783,165.3663,51.4904,69.3541
404.7029,166.362,50.2246,69.192
402.337,166.3194,48.8704,68.7973
400.9777,165.0807,45.1374,69.6175
399.7284,165.7769,42.3004,69.69
398.979,165.5471,39.9547,69.6582
399.1062,164.7588,38.3453,69.298
398.6623,164.8705,37.0732,68.8385
398.8627,165.1383,36.0191,68.983
399.0199,165.8746,35.2442,68.4133
398.3847,166.7264,34.5314,67.6954
397.8547,166.4556,34.0713,67.2105
398.2417,167.0361,34.3692,66.3486
399.6478,167.1015,34.2729,65.5434
399.8587,167.7188,33.8882,65.5843
399.9695,167.7251,33.3319,65.5505
402.276,166.9336,33.3095,64.9902
402.0896,167.2457,33.1731,64.4212
404.2078,168.0542,33.1717,63.7474
402.2087,167.6042,32.7796,63.1769
404.7905,167.9647,32.8815,62.3512
403.2716,168.5035,32.7114,61.542
402.9165,168.7937,32.7174,60.8717
403.6325,168.5417,32.4734,60.5086
404.513,168.4027,31.8411,60.3126
405.4534,169.7809,30.9414,60.208
407.3232,168.6844,31.1263,60.0619
407.8922,169.015,31.4649,59.7525
409.0176,169.7433,31.7113,59.8455
409.8886,170.5424,31.6432,60.061
410.5116,170.5395,31.3914,60.2199
409.9707,170.4003,31.1106,60.4942
410.0871,170.6981,30.925,60.6949
407.836,170.2558,30.909,61.2635
406.629,169.1134,30.8185,62.1412
406.0715,168.0366,30.4686,63.0294
406.2678,168.8434,30.5889,63.129
405.7353,168.7676,30.226,63.3499
405.97,167.3511,30.3462,63.8653
405.7742,166.7997,30.6066,63.9726
406.8147,166.4245,30.9123,63.8931
407.3098,165.6759,31.4934,63.7315
407.4946,165.9653,31.9399,63.8096
406.5818,165.958,32.1052,64.3938
406.8634,165.9475,32.4081,64.9818
407.2543,165.1044,32.683,65.5374
406.7192,163.6048,32.9233,65.0995
406.0916,163.1231,32.7751,65.2004
405.4697,162.4098,33.3025,65.3388
405.7066,162.1018,33.6743,65.4695
405.9386,160.8701,34.3299,65.74
405.8183,160.2897,35.3674,66.379
406.1159,160.2017,38.5227,65.9165
