1
230.4342,141.2462,55.5242,76.6376
229.2531,141.8472,55.8034,77.9785
225.3772,140.0498,56.3944,78.5739
224.8064,136.9258,56.5834,78.4144
222.5619,135.189,57.4129,77.1549
220.485,133.2567,57.9709,76.3958
219.7034,130.818,57.7164,75.8399
218.4091,126.1117,57.7917,75.9675
215.8551,120.9139,57.7221,76.1982
214.6868,115.1931,57.5962,75.925
210.5167,110.6523,57.9567,75.8324
207.1496,105.5585,58.2781,75.7825
205.3954,99.8983,58.9067,75.5
205.2858,95.6329,59.7963,74.3813
204.7789,92.3766,61.2881,73.6485
202.9989,90.581,63.3504,72.916
201.865,90.3535,65.9442,72.1902
200.5731,90.8906,67.7878,70.9768
198.7977,89.983,68.7199,70.5793
199.1986,91.1661,69.9501,70.1709
198.5509,92.3931,70.5463,70.2474
195.7187,93.7619,68.1005,71.585
192.6752,94.9879,64.8136,72.1303
196.4801,97.5331,64.2746,71.4703
194.4949,100.5964,62.4238,71.1561
194.8678,104.9037,61.0203,70.3247
197.093,108.5354,59.052,70.0631
199.7692,111.4479,57.4134,69.9709
205.7429,111.0583,56.1385,70.5846
205.6269,111.0947,55.0736,71.2626
205.9956,108.5959,54.136,71.9396
211.2234,101.3399,53.4949,72.6942
211.308,96.9894,53.0228,73.9039
211.5005,89.3281,52.3796,74.7694
212.8678,85.4398,52.5056,75.613
214.5133,80.2693,52.5775,76.4971
216.2464,76.3944,53.1072,77.2784
217.6712,76.0407,53.6869,77.9822
219.8062,75.2033,54.3861,77.6415
220.9905,76.6843,54.8503,76.762
221.6954,78.6313,55.264,75.9243
222.3578,83.0095,55.6065,74.9889
222.6708,87.8266,56.2449,74.6555
221.4323,91.4038,57.1386,73.8105
220.8435,98.0132,58.06,73.2943
221.5969,103.8215,58.2209,73.217
221.599,110.9052,58.6282,72.9413
224.0623,116.9396,58.3993,73.9235
226.0523,121.2705,58.2166,75.2507
228.1208,126.2846,58.4819,76.1291
230.1495,127.6437,59.0982,77.3719
230.7523,127.0909,59.4383,77.3602
233.1911,123.7197,60.2352,77.6186
235.0142,119.8896,61.0043,77.7039
236.7673,114.4943,61.1013,79.5085
237.7458,106.6604,60.5536,81.1194
238.9144,97.8285,60.0885,80.9563
239.5933,89.9093,59.5779,78.4861
238.9238,85.1237,59.4587,75.3147
239.4824,89.1077,59.2202,72.3743
241.8102,94.0548,59.5701,70.0559
242.5659,99.6083,60.4104,67.9121
241.4076,102.9298,61.4362,65.5336
243.9573,105.5991,62.0144,64.3242
244.4148,107.7062,61.6731,64.649
245.4327,107.2886,61.1505,65.5109
248.6682,109.0088,59.548,67.7948
247.8372,106.9818,58.921,69.2241
249.6041,107.8082,58.6781,69.5682
249.8155,108.6576,58.1244,70.122
251.6265,110.3035,57.4455,70.7623
253.9282,113.4391,55.7642,71.4974
254.1955,116.6165,55.16,72.1462
255.4138,117.6463,56.1685,72.5154
255.3026,119.1323,57.2273,72.6161
254.9478,116.9976,57.8634,73.2738
255.1941,113.9235,57.9332,74.9016
255.5562,109.2804,57.8652,76.079
256.3518,102.0503,57.6807,77.3914
257.5033,92.3532,57.7309,78.0075
258.2599,81.3575,57.9194,78.1026
259.4044,73.5452,57.6073,77.7942
260.8819,67.9759,57.4368,77.0191
261.9437,66.8209,58.183,75.5042
261.581,66.3523,58.7545,74.7915
261.7336,67.102,58.8593,74.2857
261.6421,67.4871,59.6727,73.2035
262.1576,69.3571,60.1336,72.3673
262.2437,71.3534,60.6342,71.9405
262.513,73.3144,61.2426,71.4175
263.2027,76.0323,60.8971,72.0646
263.2678,78.5492,61.0735,72.3614
264.067,81.887,61.7385,71.7162
264.3105,85.856,61.253,72.3332
263.9916,89.4392,60.4739,73.4085
261.8894,93.8172,60.2061,74.7113
260.9847,99.2792,60.4198,76.0141
257.8967,102.8089,60.9309,77.0546
251.5217,102.5297,61.8398,76.6669
248.0433,102.2949,62.439,77.4328
244.241,99.4863,62.6464,78.7729
242.5309,88.8268,62.7314,79.8116
243.5285,82.5773,62.5458,81.1244
244.6721,70.0776,62.1988,80.8896
247.1497,62.8942,61.2622,80.4921
249.3034,58.0622,61.8813,78.6094
250.4927,59.3418,63.5341,77.1669
252.9808,70.0946,64.9836,76.1508
256.1808,78.2486,65.6696,74.7205
257.2937,81.6891,66.6933,72.2384
257.6843,88.3205,66.3676,71.7711
256.7908,90.3796,66.6925,70.8972
256.426,93.6621,66.797,70.0273
256.4348,95.3505,67.0586,69.8605
255.6051,93.7967,66.385,71.3417
254.9838,91.2073,65.5824,73.5448
253.0229,88.394,65.2196,75.35
252.2413,90.7165,64.5724,77.469
251.5382,91.8391,63.1326,79.9663
249.5766,95.1227,61.7474,81.5021
247.9374,98.6934,61.9782,82.4415
243.1338,98.798,64.219,80.7887
243.0395,99.654,64.9865,79.8742
244.9957,99.803,64.5484,81.3277
247.0895,93.7356,64.6537,81.4523
252.4583,85.9427,64.2425,82.7322
254.6677,75.4656,63.5703,83.4471
258.3872,70.2161,62.4457,84.1905
261.5078,66.9392,61.9537,83.2255
266.9048,69.6471,61.5026,83.7769
266.7008,74.1515,62.9131,83.5179
268.2056,81.569,64.76,81.8961
269.3631,91.5864,66.2775,78.9556
269.6616,98.8401,67.3764,77.0178
269.3716,104.0258,68.1748,75.898
269.7843,103.111,68.8741,73.6101
268.5896,103.2376,68.9111,72.2838
268.7329,103.788,68.1005,72.5029
268.7447,104.5226,66.013,73.8881
265.3098,103.6634,63.513,75.579
264.0795,104.7745,61.6972,76.9617
263.9869,105.9062,60.8682,77.9851
260.7055,108.2788,61.235,78.235
253.9782,109.2118,62.7138,76.5867
247.8887,113.7167,63.9864,76.1775
242.2278,115.6062,64.5142,76.7995
240.3989,114.4567,63.9204,78.9297
240.6022,110.5194,63.3608,80.912
243.2069,98.3928,63.1893,81.9786
246.0157,91.592,62.2146,82.6594
250.0441,84.6905,61.7898,84.7711
251.4348,74.8666,62.8014,85.2724
254.8422,68.8773,65.0669,84.7074
257.0729,70.8244,66.9851,81.5619
257.775,79.4688,69.0306,78.8009
258.0045,87.361,69.9241,76.2238
259.118,96.5126,70.281,74.7434
259.8465,104.6543,70.1704,74.2851
259.7641,110.3729,70.1981,73.5881
259.8942,114.0573,69.9928,74.268
255.0468,109.9084,69.7939,73.614
251.8067,107.5545,69.2556,73.5127
248.714,102.7286,68.2477,75.2377
246.2657,101.0923,67.3711,77.2598
244.0567,99.9548,66.1164,78.7975
240.7186,100.0037,65.513,80.0655
238.822,102.7665,65.2243,81.699
235.3579,104.6955,66.3339,81.1011
230.7865,108.6234,67.9232,79.587
227.8031,110.1625,68.3572,79.4036
227.8613,109.1675,67.3162,80.7629
231.2753,105.2118,67.1579,82.2816
233.731,99.4087,65.0671,85.7194
235.1457,89.7882,64.2883,89.3685
236.1962,80.2114,64.8145,91.6446
237.8189,71.4655,66.2631,92.231
239.7542,68.0187,67.5934,90.9703
241.9971,70.534,68.7242,87.9523
242.2188,74.6815,69.9468,84.2162
244.1886,84.2478,70.7264,82.6777
242.175,87.507,71.154,79.5879
245.3922,94.0719,70.5759,78.831
242.8307,97.1888,71.0389,76.7113
242.826,100.215,70.6586,75.7353
241.313,102.0164,70.1108,75.2708
241.4394,102.6859,69.2479,75.1857
241.1968,104.0995,68.4038,75.5344
240.064,105.6722,66.9844,76.8538
238.7263,106.8929,65.7599,78.269
237.8552,106.9325,63.8824,78.9563
236.0286,108.22,64.7939,78.5515
234.2694,111.1801,65.0287,79.3135
230.3438,111.0558,65.2169,79.8509
228.1175,110.0442,65.4492,80.1866
226.5955,107.2161,65.6088,81.2029
225.6375,102.2752,65.8609,82.3913
225.2,93.9655,65.589,84.1816
223.959,83.5854,66.0068,85.3277
224.8449,71.0186,65.3225,85.0492
223.7711,64.3241,65.3349,84.807
220.8326,58.3988,66.1025,84.1921
219.7837,54.7909,65.9056,83.5162
218.7354,53.868,66.3568,82.8735
219.1337,54.518,66.3958,82.0581
219.3604,56.0698,66.5221,81.3935
219.7329,58.8283,66.4654,81.3505
219.8229,61.909,66.7273,81.0786
219.3408,65.0797,66.8605,80.73
220.5228,70.4057,66.7872,80.4266
220.1636,76.2346,66.5785,80.7418
220.8572,81.7373,66.4749,80.5857
220.9376,87.6992,66.5212,81.0204
221.6011,93.6621,66.0911,82.1512
222.006,99.2259,66.2884,82.5496
222.6417,104.7156,66.6885,82.344
223.7042,109.2764,66.8282,82.8085
224.7492,112.8595,67.1577,83.3622
224.0168,112.1883,67.7816,82.3708
225.6833,109.6773,67.5473,83.2423
227.8618,101.8654,67.4122,84.1713
231.6123,95.0389,67.1801,85.7548
234.3394,87.2427,67.1795,86.6505
235.7681,80.576,67.178,86.7368
235.1338,75.1527,67.1323,88.4802
234.4647,67.2046,67.8499,88.5029
235.7568,60.6739,68.6285,88.998
237.4897,53.292,69.0746,89.1382
238.2962,45.9735,69.2614,89.0444
240.3635,40.589,69.0205,88.9618
243.2969,35.9399,69.2859,89.0115
245.7639,33.1809,69.4123,89.6496
247.7698,32.1676,70.0594,90.2761
249.0899,32.1134,69.9523,90.7803
249.9274,33.6414,71.1032,90.3916
250.7107,35.634,72.523,89.8683
251.2507,38.3617,73.6231,89.8866
253.597,41.0373,74.0454,90.54
253.1311,45.6991,75.175,89.9734
252.5797,51.0025,76.1133,87.9801
253.731,59.7607,75.935,88.654
250.419,66.1181,77.0694,88.8861
248.1858,67.4958,77.7708,88.8233
245.4689,65.0315,78.9321,88.9211
239.2183,60.9822,79.9936,88.9316
234.1491,54.4859,81.6719,88.8102
228.4747,47.7646,82.1736,88.9714
223.7388,41.6841,82.888,88.6946
216.8934,37.3948,83.3486,87.8082
214.6804,34.8121,83.299,87.1566
210.91,35.5455,82.932,87.0832
208.2149,37.4335,82.7177,86.4721
205.6152,40.3526,81.9757,86.848
202.9057,43.415,81.1735,87.3373
198.0144,45.9336,80.8824,87.1708
195.5174,47.6151,80.5109,86.6459
190.3489,51.9982,79.6704,86.9504
187.1257,54.6174,79.0835,87.1816
184.1409,57.4277,78.7499,87.1039
182.251,60.2877,78.706,86.9275
178.2975,64.6968,78.2341,87.1293
176.0531,67.4022,77.5339,87.4489
173.4766,71.7854,77.7491,86.7565
168.4148,74.708,77.3703,85.4522
165.6071,81.2085,77.3818,84.7624
164.9304,82.2852,77.8745,84.3204
167.2212,82.3857,77.5909,84.5603
170.9355,75.7915,77.5262,84.0473
174.6056,69.761,77.7008,84.5937
180.3201,63.9582,77.4921,86.0465
184.0941,52.4741,78.4804,84.9635
187.4637,42.5058,79.5529,82.701
191.1609,40.1754,79.2368,83.6629
194.1324,37.3228,78.8392,83.9594
197.3347,35.5582,77.6085,85.8177
198.8634,32.8104,76.9474,87.1775
204.0285,30.334,76.3287,87.622
208.2126,28.3417,75.9782,88.0494
214.6841,27.0854,76.0696,88.5873
219.5808,26.0979,76.3112,88.7343
223.0066,28.9184,77.4277,89.3316
225.7061,30.1458,78.7939,89.4813
226.7402,36.686,78.7536,92.4028
229.9259,38.7785,79.3243,93.1489
233.3487,43.7044,79.6722,93.7856
234.4191,50.2561,80.2344,93.4142
236.1509,59.5941,81.149,91.899
237.965,71.0334,80.3786,93.0241
232.5823,76.8789,81.0606,92.9095
227.6086,82.219,81.5603,93.2076
221.8023,78.1716,81.7307,93.3378
216.2644,65.7929,82.1624,93.3417
209.404,52.4039,83.5114,93.0324
205.7105,40.4025,84.2275,92.4298
201.6385,35.8137,83.1975,94.0624
193.2794,24.5156,83.2345,91.2026
189.9126,24.5216,82.4585,90.7515
186.9994,25.2436,80.4098,90.7807
182.9904,28.2544,77.8909,91.8891
182.4285,30.9971,74.8058,93.6218
180.0415,32.8728,74.1635,92.79
175.831,37.152,75.2869,90.2807
172.4864,40.0567,76.4891,87.2513
170.7226,44.0923,77.613,85.0934
167.4667,48.0016,78.0201,84.1943
166.0449,50.583,78.0224,83.4327
164.6768,53.3002,77.1823,83.3052
161.8344,57.467,76.4612,84.0755
159.3918,62.3959,75.8619,84.082
158.0267,70.2454,74.8053,85.1456
156.4079,76.4291,73.7365,84.758
154.284,84.3545,72.9448,84.7554
152.392,85.0559,73.1396,83.6431
152.3849,84.7646,73.9303,82.3389
154.1117,81.3375,73.4711,82.1929
157.1515,71.1177,73.3957,81.3115
160.7748,61.549,73.258,81.6483
165.8225,49.9487,71.8116,82.9465
170.4392,38.7055,70.5464,84.4608
173.2389,33.3181,70.3302,84.1514
177.8024,29.7916,70.5395,84.2534
179.6984,25.7434,70.5766,83.9921
183.3685,24.6957,70.433,83.6866
186.3447,24.6774,69.847,83.4361
188.4494,24.3829,69.7923,83.2836
190.6112,23.6947,69.5669,83.5799
193.4158,25.0341,69.115,83.7974
194.907,26.4312,69.2227,83.7748
196.1096,29.9454,68.9059,83.8487
196.4037,33.0841,69.0002,84.4595
197.0266,36.6839,69.2877,84.2198
197.1157,42.0993,69.783,83.617
196.574,47.7051,70.4334,83.0227
196.4625,56.5814,70.4312,83.895
195.3518,61.4384,70.9825,83.5308
195.7026,64.5419,71.6047,82.277
195.5376,67.3815,71.764,81.6302
194.2834,67.2687,72.3058,80.8795
193.1757,67.3553,72.5241,81.2018
191.8018,64.613,73.1274,81.5972
190.8484,55.6703,73.1426,82.7781
192.2887,52.8856,72.6754,83.9497
192.8201,47.5725,72.3934,85.188
192.6161,43.7785,72.2778,85.7373
191.6762,42.3795,72.364,85.4584
191.4479,42.8057,72.1056,85.8692
190.2639,43.2478,72.4005,86.0901
189.1761,44.3644,72.6218,86.9834
187.9686,43.2613,72.9605,87.0017
188.2736,42.3361,72.9454,86.7165
187.6956,41.5928,72.7438,86.3369
185.372,41.2608,72.8638,85.6663
184.4546,42.7211,72.6682,84.7128
182.3802,45.0606,72.686,84.091
179.1171,46.4073,72.9584,83.0229
175.2723,49.9305,72.6277,83.6337
171.3464,57.0485,71.4681,84.6691
170.1613,65.7032,70.5826,84.1866
165.5125,74.5586,69.7645,84.3861
162.3986,82.3593,69.2081,83.8546
156.8681,90.2622,69.1413,83.2008
154.764,97.9978,69.1332,83.1149
152.4462,105.4139,68.4548,84.1068
150.2233,108.6642,67.3336,85.5744
147.265,110.3322,67.8535,85.2072
