1
336.108,123.356,19.3811,30.5259
330.8833,122.2797,19.409,30.5942
326.3865,121.7763,20.0477,30.2086
322.0635,121.7193,20.2827,30.3225
317.5123,122.3222,20.2009,30.5296
314.5835,122.0004,20.3921,30.4649
309.1816,122.1057,20.5393,30.9649
304.6481,122.4243,20.2403,31.7686
301.743,127.353,20.2288,32.8272
298.5609,119.23,20.6448,32.7158
295.6734,119.0934,20.4299,33.7375
292.687,118.0087,20.3185,34.3859
289.665,121.0821,20.9833,35.1551
285.7559,117.6036,21.6819,34.9925
283.4605,118.855,22.2716,34.8904
280.3625,117.1709,22.0002,35.8331
277.4611,119.8442,22.0758,36.2137
274.0683,119.1426,22.2604,35.9667
270.5307,120.7491,22.7395,35.2272
267.7012,118.1563,22.6498,34.664
265.4218,120.7621,22.3412,35.1311
262.5769,119.5778,21.5251,35.8733
259.1136,118.476,21.1541,36.4551
254.1684,116.9278,20.4704,37.1114
250.9857,119.2793,20.3424,37.2785
245.5061,116.74,20.7454,36.6732
241.8064,121.3314,20.8569,37.2078
234.9261,116.4343,21.5033,37.1663
230.9612,118.2101,21.9644,37.764
225.8274,118.6392,22.9202,37.7524
219.8492,119.8442,23.6666,37.9294
213.7845,117.469,24.3901,37.4156
211.5845,120.0577,24.3823,38.4091
206.6973,119.1328,24.2959,39.3625
202.8822,118.2976,23.7415,40.1234
196.8548,119.4151,23.9461,39.7115
193.3994,120.3671,23.5863,40.534
188.966,121.3171,23.302,41.3793
185.3835,121.0974,23.0835,41.8187
180.9507,119.9666,22.6912,42.2287
177.7794,120.3196,22.5571,42.448
171.511,120.4862,22.127,43.0409
168.2746,119.0368,22.1063,43.1568
164.3522,120.2196,22.5191,42.6492
160.2596,121.8357,23.2761,41.2742
157.0111,120.3922,23.3265,40.4774
151.7068,121.4458,23.0161,40.1899
152.2448,126.1024,23.7409,39.8809
152.0018,129.2039,25.135,39.1253
146.8158,128.4532,25.3902,38.7873
148.0222,130.4648,25.7337,38.4392
144.9308,130.4419,25.4824,38.485
152.4633,131.1351,26.9007,38.0145
151.6856,131.06,27.5242,37.2329
150.7813,131.8799,27.473,37.4528
148.3585,132.2346,27.6563,37.676
150.1186,132.0357,27.8915,38.0737
149.0088,134.5868,28.2136,37.7155
151.8845,131.6527,28.1532,37.8928
151.8468,132.0265,28.2285,38.0955
151.2794,135.1,28.4087,38.6303
150.6527,135.7136,27.7307,40.3003
150.2513,137.676,28.5334,40.2961
150.3542,138.6807,28.3278,41.2665
150.1197,143.7098,27.7921,42.2594
152.1643,141.2488,28.7575,42.1269
168.2795,138.2276,27.2704,43.0454
172.3305,138.7359,26.2675,44.0571
175.1216,140.1016,26.7614,43.351
179.6322,142.0514,26.8332,43.4928
183.5364,144.1443,27.1341,43.3615
189.1164,143.5767,27.1574,43.4802
193.2106,145.0239,27.1199,43.6422
196.2433,144.0876,27.1784,43.4735
202.9508,146.6836,27.0116,43.377
208.8771,145.367,27.3376,42.9656
215.8465,148.0095,27.596,42.7511
217.9321,147.2503,28.5004,42.2392
227.0316,148.9549,28.7021,41.8968
231.7785,148.1819,29.4119,41.402
239.5648,150.5647,29.2057,41.7584
242.9555,148.6902,29.6098,41.4016
248.8956,148.8236,30.0612,41.1347
253.4435,147.0493,30.2434,40.5599
260.3362,148.528,29.7833,40.6774
263.3396,146.3037,29.8927,40.0291
266.6117,149.1903,30.427,39.3119
271.4156,148.6571,30.9069,38.3608
276.2059,150.8782,30.342,38.9273
281.6116,150.4097,29.5452,39.8644
282.7105,150.2164,29.3535,40.251
285.3297,148.1603,29.1446,40.3398
287.2245,149.3309,28.3664,41.01
286.972,144.8984,28.8714,39.8611
291.0054,147.236,27.749,41.1384
290.4948,145.2686,27.777,41.1004
292.4086,147.3134,26.9287,41.9761
292.6858,145.004,26.3744,42.6255
293.6412,146.1062,26.4496,42.407
293.8725,143.9445,25.9868,42.7666
294.6013,144.967,25.5179,42.6989
295.4312,142.8121,24.8381,43.0895
292.5379,143.5731,25.7532,41.5676
295.3375,140.4634,24.9878,41.9864
295.5422,143.0687,24.5784,41.5772
295.4808,141.6164,24.7013,40.6925
295.5228,141.0037,24.6173,40.0456
295.5916,139.4376,24.4796,39.4779
297.3544,140.591,23.6966,39.9136
299.0372,141.1336,23.0538,40.6438
300.0144,142.7932,22.9151,40.9557
299.8185,137.4323,23.307,39.8462
301.8004,143.5117,22.9437,40.2893
303.3517,138.7187,22.5431,39.9679
303.3277,140.4153,22.5912,40.1313
305.2956,139.7973,22.2248,40.475
305.9859,140.329,21.7355,41.1942
305.6289,138.8465,21.556,41.4781
305.2469,137.3336,21.4251,41.8195
305.222,139.3553,21.4749,42.2641
306.3805,137.6153,21.873,42.124
306.5676,138.2267,21.4987,42.7209
306.8261,138.1103,20.9818,43.8657
306.9996,137.3304,20.6348,44.5055
308.6698,136.3407,20.0649,45.5614
308.6094,137.5557,20.1857,45.9183
307.5655,136.1668,21.3372,44.9511
308.3806,136.5744,21.5912,45.0779
306.9455,134.7215,22.5646,44.0416
307.9904,136.2934,22.3746,44.6974
307.8494,134.6717,22.6565,45.0721
307.9739,135.5781,23.3742,44.2258
307.7824,132.9461,23.7574,43.6913
307.8307,134.2889,23.6607,43.9009
307.3271,134.2986,24.6679,42.915
307.1163,133.9655,25.0896,42.6122
306.8919,134.2337,25.5383,42.0759
307.7512,134.5897,25.7613,42.3347
308.4704,134.4023,25.3013,42.7096
310.9832,133.3574,24.1812,43.8229
310.6263,132.6424,23.9208,44.2789
310.6344,132.4646,23.9046,44.6344
310.5477,130.6639,24.078,44.3099
310.4879,131.7276,24.1977,44.1417
310.5034,129.8514,24.1666,43.9775
310.5549,129.0524,24.0636,43.6233
312.3211,128.6026,23.4388,44.5229
312.4037,128.1049,23.2736,44.5464
312.7193,127.4167,22.6425,44.9533
312.9157,127.8429,22.2495,45.0655
312.964,126.4086,22.153,45.0554
313.6505,126.1479,21.7378,45.5768
313.1187,125.2505,21.8431,45.4552
313.9596,126.0183,21.1195,45.836
313.8519,126.6833,21.3348,45.4574
312.6192,126.644,21.9013,44.5866
313.2737,125.6934,21.5388,44.5946
313.295,126.4159,21.4962,44.09
313.6149,127.1521,21.7888,43.5499
313.6584,128.0623,21.7018,43.5882
311.9083,122.9898,21.4882,43.5206
309.5884,123.91,21.5091,43.5277
311.6075,124.1736,21.1679,43.9246
310.3191,123.0812,20.972,44.261
310.3573,123.732,20.8956,44.8111
310.8616,123.208,20.8197,44.9265
311.5018,122.1055,20.4719,45.2659
311.9169,123.133,20.5735,45.0744
312.1254,123.0058,20.1565,45.3288
312.1844,123.8189,20.0385,45.5568
312.3272,123.2821,19.753,45.7019
311.8836,122.9329,19.7147,45.4748
310.6752,122.0608,20.2883,44.4544
310.9607,122.0417,20.634,43.5758
310.234,122.9795,21.1776,42.6102
310.2752,122.7041,21.0952,42.2559
309.8131,123.8948,21.1209,41.6714
310.9487,124.7812,20.6301,41.6791
311.1102,123.5597,20.3071,41.4762
310.5036,123.4918,19.7737,41.6119
311.0508,123.2307,19.5455,41.268
311.173,124.948,19.301,41.2624
310.6939,123.1283,19.4063,40.6371
312.2608,124.871,18.8092,41.3796
310.8151,124.7087,19.1622,40.858
310.6254,120.0096,19.5416,40.1211
309.7743,117.8682,19.5632,40.2022
309.252,115.3279,19.7659,40.2313
309.9957,117.9334,19.9701,40.0952
309.2189,121.4408,19.829,39.859
308.8407,121.5139,19.7441,39.7127
310.289,116.9067,19.361,39.7111
310.9962,118.341,18.7778,40.1675
312.1224,120.0658,18.181,40.0293
312.6764,120.5466,17.8886,39.8831
313.477,118.5429,17.0955,40.6575
315.2079,119.7364,16.8563,40.6874
315.2377,118.2662,16.7968,40.4205
315.5845,119.0441,16.8999,40.4585
316.8252,121.1252,17.6159,40.2928
317.0532,119.3208,17.9694,40.6638
311.7026,114.4036,18.8182,39.8248
311.7229,116.3797,19.6009,39.1667
312.8391,118.0428,19.8505,39.1498
310.4383,116.6574,19.6641,39.4264
312.0989,116.2355,19.6718,39.438
305.7113,111.364,20.7917,38.3581
305.3162,110.1438,21.5817,37.456
303.1839,109.9091,21.6688,37.09
302.6738,109.1627,21.026,37.7513
302.9542,108.8493,20.4652,38.378
303.3981,108.6478,20.4077,38.7809
303.5158,108.788,20.1724,39.3359
303.1442,105.9651,20.076,39.1048
302.7467,108.0842,20.0365,39.0392
302.8011,107.3552,19.9277,38.8313
300.8754,106.9903,19.6394,38.7331
301.2989,105.8738,19.614,38.5014
301.6059,107.5979,18.9999,39.142
302.2204,107.7143,19.4043,38.9091
302.1144,106.5242,19.6162,38.8288
301.0084,106.8007,20.1829,38.2759
299.8135,108.0525,20.1005,39.0685
300.0779,108.6649,20.4061,39.5126
297.4632,108.4806,20.5584,39.8813
298.1201,105.791,20.9531,40.1351
297.1565,107.2326,21.1508,40.7106
293.9487,107.1801,21.4305,40.8157
293.3933,105.7451,21.6584,41.037
291.9728,104.6734,21.8293,41.4003
290.7545,107.7613,21.5708,42.411
289.1462,108.9198,21.152,43.7295
288.1498,104.7739,21.3027,43.7317
287.6375,106.4246,21.4037,44.1251
284.4512,104.4905,21.2578,44.2686
285.2615,104.2369,21.4988,43.845
285.0489,105.7007,20.9952,44.6323
284.3279,103.127,20.5742,45.1217
282.0783,103.4796,20.4162,45.3481
281.4423,101.4933,20.7562,44.6607
281.509,102.2162,20.6228,45.0707
280.4566,107.4378,19.933,46.7372
279.6827,104.7239,20.5372,46.5027
279.6375,105.562,20.6276,46.7284
273.1069,106.6136,20.3079,47.4924
274.1301,107.3419,20.1841,47.9584
271.1462,111.1677,19.3909,49.9653
273.3986,106.8251,19.7901,49.8232
271.3096,107.818,20.0246,49.8091
268.4179,106.2104,19.8691,50.055
268.0276,107.2777,19.6591,49.9015
266.5505,107.8426,19.6593,49.7565
265.1578,107.0168,19.4971,49.4428
264.5745,105.2706,19.6884,49.0345
263.975,106.4169,19.9147,48.6874
261.0928,106.4783,19.8491,48.5645
260.4219,107.4941,19.2535,49.439
259.4504,105.6305,19.2549,49.2831
257.9975,106.3162,19.2551,48.8803
256.2172,106.488,18.9646,48.5368
256.127,107.2736,19.1451,47.9182
252.8857,106.95,18.9992,47.6185
252.5271,109.5653,18.7764,47.0879
251.1234,109.3065,18.7987,46.6772
253.4284,109.8258,18.8028,46.5612
252.0561,110.4697,18.7837,46.1948
245.9022,120.672,19.1886,45.9336
248.4152,109.8225,18.7574,46.496
244.0301,120.3924,19.2521,46.5048
241.7124,119.6094,19.2458,47.1424
241.6957,118.8268,19.2792,47.7702
244.0312,107.2347,19.3438,48.2226
248.7942,109.2822,20.3212,47.9469
243.5161,106.6397,20.2282,48.3915
239.8871,111.2511,20.6757,47.925
240.4669,108.4523,20.4901,48.6523
240.2112,111.064,21.0016,48.3355
246.3542,118.6972,22.5151,46.8689
250.1776,125.5522,22.7933,47.0274
249.3878,122.7362,23.3752,46.6731
249.009,124.6087,23.1304,47.9408
248.8148,119.0733,23.5187,47.8252
249.0087,128.5933,23.1308,50.2459
2
0
0
0
0
1
241.5142,119.6762,15.7951,24.6631
241.0358,120.2108,16.752,24.1409
239.1243,120.1991,17.2475,23.6097
238.9759,121.6141,17.5443,23.5515
237.5735,120.3328,17.5579,23.3229
236.5028,121.7261,17.4798,23.3108
236.4631,120.4326,17.5591,23.1304
236.392,121.3568,17.7014,22.938
235.4836,120.0715,17.8644,22.7525
234.9743,121.4393,17.7813,22.7716
233.8112,119.9133,17.9079,22.5241
232.9843,121.2682,17.9174,22.5546
233.3134,121.0983,17.808,22.3456
231.959,120.5495,17.7983,22.3559
231.7449,119.2358,17.6829,22.2649
229.639,119.3324,17.5711,22.612
228.6101,118.2845,17.4528,22.5317
225.5638,119.2164,17.5951,22.2906
224.5259,117.4259,17.5131,22.0955
223.9611,119.2392,17.0374,22.2147
222.1265,117.7585,17.0009,21.9996
220.847,118.8395,16.9328,21.9396
218.0233,118.7644,17.3457,21.5663
215.8816,119.7675,17.436,21.6567
213.3163,118.8498,17.2966,21.911
211.4372,120.399,17.3535,21.9853
209.36,121.4278,17.2611,22.051
208.2855,121.6601,17.2886,22.1168
205.2239,119.2844,17.5614,22.0814
202.7044,120.0315,17.7797,22.1941
194.3274,124.2209,18.308,21.9282
188.4018,123.8297,18.1685,22.1656
187.9629,123.1611,17.9532,22.4098
183.1057,123.9511,17.822,22.4707
180.3635,123.3675,17.8477,22.5462
178.6219,121.1662,18.0463,22.5691
175.5216,118.6193,18.1865,22.7045
172.6842,119.6055,18.3084,22.9532
166.6523,120.4104,18.5888,23.0268
164.9577,120.5857,18.5777,23.2429
161.8796,120.2019,18.4647,23.4406
159.9212,120.693,18.383,23.6008
158.913,117.8164,17.5376,24.7748
157.017,117.9053,17.2905,25.1739
156.5063,116.8429,17.1536,25.5613
155.197,118.9499,16.8581,26.01
152.3863,119.254,17.2161,25.9865
150.3729,117.188,17.7011,25.9862
146.7871,117.7206,17.694,26.1175
143.9839,116.1955,17.8993,26.1671
144.3266,117.6999,18.4224,26.1795
140.3984,115.6136,18.9241,26.0617
139.453,119.4242,19.5765,25.8709
136.3517,118.7907,20.1385,25.8843
132.6443,120.4159,20.558,25.8136
129.8175,119.5699,21.0795,25.5812
128.5745,118.8655,20.9809,25.6975
123.881,118.7347,21.3181,25.3128
120.3111,120.477,21.355,25.0569
116.1344,119.6015,21.3586,24.8809
111.784,119.6306,21.1053,24.8228
107.3601,119.7487,21.0679,24.5866
102.2909,120.1507,21.1206,24.4129
97.684,119.5454,20.9075,24.3667
93.7288,119.5638,20.7012,24.3298
92.5127,119.0307,20.6512,24.155
87.9899,119.9416,20.4417,24.1841
85.3169,118.7323,20.2604,24.1461
93.0562,119.5805,20.0493,24.2817
88.3305,116.416,19.7487,24.5158
85.0377,119.089,19.6421,24.6455
82.119,120.073,19.3921,25.1122
77.5967,117.7773,19.2566,25.4196
74.4202,117.8221,18.8489,25.9446
68.9666,118.7422,18.6649,25.953
64.9068,117.6265,18.8112,25.7309
59.8943,119.5459,19.04,25.5658
54.7137,114.8397,19.5868,25.1639
49.9771,110.8051,19.8212,25.2261
54.4649,109.1522,20.1549,24.8082
55.0954,111.1799,20.1327,24.4692
44.0988,110.2324,20.0309,24.523
41.0847,111.7432,19.9293,24.5663
36.2372,110.3959,19.8314,24.8127
33.7899,110.3586,19.8113,24.8873
29.9155,108.3666,19.5626,25.18
26.0796,109.1045,19.8449,24.9358
