1
336.2907,171.8934,28.8572,44.1572
336.9899,170.6168,28.516,45.6533
337.0639,169.6795,28.368,47.5278
336.6427,172.441,28.1106,49.7031
340.9128,155.1925,28.5937,50.3631
335.1134,153.0686,29.8796,51.1733
333.4454,153.7076,30.8564,52.2546
329.0712,154.2301,31.1202,53.6337
329.061,169.3254,31.1405,54.3713
329.5489,168.9146,31.4132,53.9445
329.7644,169.0109,30.982,54.9985
329.8807,168.765,30.7496,55.4903
326.5424,168.7167,31.1337,55.587
327.3553,168.126,30.7742,56.7684
328.2829,168.4194,30.197,58.7372
325.7933,169.1008,29.9879,61.2658
323.3103,170.776,30.9616,63.2381
321.7631,169.8775,32.6797,63.6587
322.6935,164.8998,33.6432,62.317
323.6119,165.5345,33.2151,63.8652
325.1537,168.7335,31.5558,67.4375
326.4261,163.1527,31.9073,68.4622
329.9112,160.3624,33.7524,66.6966
326.6218,160.2068,34.4303,67.0078
323.7834,161.796,34.1414,68.3037
323.5686,163.1826,33.0654,70.0471
325.4483,159.2002,32.3311,70.4496
321.9002,159.1143,34.9105,70.6213
322.3294,161.2843,35.6049,70.9397
323.3483,160.7758,35.1364,71.9566
323.6217,158.0428,34.5897,72.6938
327.0582,156.8414,34.0272,73.519
327.0926,155.0081,33.9583,74.0259
326.4698,153.5315,35.2039,73.8069
325.3596,154.6623,35.8198,74.7544
326.5788,155.3991,35.0106,76.5389
326.8237,155.7033,34.5206,77.5716
326.7978,155.5904,34.5725,77.7975
325.5718,154.6819,37.0245,76.3109
326.0111,154.9932,37.8185,75.6883
328.0102,154.0394,37.1749,75.9187
328.4324,152.8422,36.3307,76.6434
328.8448,155.1659,35.5058,76.9927
327.7395,151.1172,36.06,76.8086
325.6718,151.9555,36.8689,76.7953
325.5553,153.4957,37.1019,77.069
325.9076,156.895,36.3973,78.6961
326.4385,155.4799,35.3354,79.8298
325.9424,156.1657,36.3278,78.4581
324.0273,154.7407,38.466,77.9241
329.7668,154.9761,37.3144,79.1746
329.0083,153.1303,37.1117,79.427
329.2588,153.7974,36.6109,79.8124
330.1899,152.9424,36.4653,79.8058
330.8008,154.2875,36.9576,78.8297
330.6134,154.9938,37.3323,79.1254
331.0715,155.3947,36.4161,80.043
331.5368,154.4127,35.4856,80.2903
330.9527,152.9304,36.6538,79.8469
327.1489,153.2744,39.1076,79.1588
326.4009,154.2604,40.6036,78.9373
328.9004,152.9041,39.1503,79.877
327.2292,153.3855,37.2077,80.6759
325.7585,151.2722,36.6698,79.6835
325.7356,151.5821,36.7155,79.0638
319.4824,153.121,37.2689,79.4011
320.7556,153.261,36.4446,80.8431
320.5826,152.4609,35.0618,82.4434
320.3284,152.0971,33.8425,83.171
315.0962,152.6128,35.7233,82.1396
314.6145,151.7918,38.4216,80.3117
314.1423,152.5933,39.3661,80.464
315.4622,148.3644,38.5002,80.0518
317.0279,152.1988,37.1219,81.148
317.0436,150.4408,37.0905,81.1739
315.8252,150.5159,37.7823,81.0237
316.8067,152.5275,37.5743,82.2648
318.339,150.3622,36.2787,83.0569
319.0193,149.795,34.9182,84.1912
319.0119,147.0045,34.9329,84.5208
315.5428,146.535,38.3602,83.7043
314.0041,149.5543,39.6337,83.0774
315.7289,151.3126,38.001,85.0115
316.5834,148.7694,36.2919,86.4645
317.9328,149.3006,35.4008,87.2098
316.0657,148.1591,37.3323,85.8875
315.3312,150.5073,38.8014,84.8264
316.3032,152.7794,38.6853,85.7661
319.0262,152.0447,36.9186,87.2356
323.5336,148.9467,35.2233,87.9417
321.0404,150.5997,36.5895,88.256
319.3432,149.1385,39.984,85.6617
323.0702,152.3453,41.8337,84.8305
328.8423,152.3848,39.6926,86.632
329.8966,150.0964,37.584,87.4692
330.9363,149.7665,37.3496,86.2841
326.6739,150.2627,38.5797,85.2916
332.2891,155.9162,38.3344,84.9698
332.7792,153.1348,37.3542,86.8888
333.695,149.2866,35.5226,89.0875
338.222,144.9921,37.4601,86.6851
329.8511,148.4326,41.3817,85.2984
330.2204,149.0102,44.4024,84.1433
334.0493,150.5937,44.4033,84.8055
333.9472,147.5946,42.683,86.9549
335.3553,147.1293,41.7933,85.959
336.0695,147.5865,42.2613,86.9411
335.1878,148.1411,44.0246,85.832
336.117,150.8828,44.0993,88.0807
337.7782,148.4706,42.7442,90.9378
344.0234,147.6152,40.1827,92.6485
344.0966,146.5627,42.0022,90.8218
342.0555,157.0396,46.0844,85.6371
348.0033,153.2358,47.9466,85.3831
349.3919,147.527,47.1629,88.8276
353.2988,147.8009,43.4109,92.3417
360.0518,149.341,42.0119,91.2792
358.8218,147.7111,42.4939,90.583
357.9863,147.8067,44.165,90.3918
358.2215,148.1409,43.6946,93.7284
359.0379,144.2259,42.0618,93.3862
357.0762,147.0668,43.9756,91.7234
357.1485,147.6208,45.8497,90.6154
355.7631,149.2907,48.6204,89.3104
357.4811,152.7633,49.3102,90.617
352.2072,147.4277,47.2941,90.8181
359.3698,148.6995,47.4066,88.2745
357.5329,154.8349,47.0267,88.1652
359.9337,148.9084,46.2625,89.9242
360.8347,150.0033,46.4922,91.7977
368.9403,150.4162,44.7232,95.0984
369.0594,141.6185,44.485,93.9655
368.4592,150.7657,47.7455,88.0325
367.273,167.047,50.118,83.8776
375.2679,152.2482,50.1884,83.3623
375.4967,171.1999,49.7309,85.4791
376.2368,157.2197,46.2257,89.141
376.7755,151.4468,45.1484,88.5698
376.0202,158.3683,46.659,88.6751
374.3388,161.2352,50.0217,86.9814
381.4414,165.7926,50.1815,90.1793
381.4889,160.3407,47.9843,94.7763
382.3553,153.4226,48.3839,91.5518
386.255,161.978,48.9525,89.0847
394.5413,171.944,50.9669,87.7398
396.1052,175.0484,51.9979,87.7691
396.757,173.4717,50.6942,90.9225
398.1224,159.5334,47.9634,93.3348
397.4734,167.4609,49.2614,92.2572
396.9769,169.4241,52.3718,90.4482
404.0411,169.2727,53.2469,90.751
403.3438,171.0116,52.479,91.5983
403.7417,158.0638,49.521,93.7091
403.6484,160.8024,49.7075,90.375
402.9533,163.0874,51.0977,87.9021
408.3037,172.3675,52.9009,86.0139
403.9966,170.9653,53.1706,86.7322
400.263,159.467,50.1311,90.8168
400.9843,160.6106,46.5777,92.7513
401.3082,166.6079,48.0084,91.1498
399.9094,164.7967,50.8061,90.6131
407.0526,165.9026,51.3551,92.6399
407.3457,164.7696,50.7688,94.9059
407.6102,165.0015,48.0577,96.6242
414.6697,164.0571,46.9045,96.3521
412.7348,161.192,50.7742,93.5341
420.1407,164.8864,53.2588,92.6314
431.2492,168.0304,50.759,95.1065
433.0892,166.2178,47.0789,96.5467
438.9721,164.7332,46.0278,97.373
437.6046,163.198,48.7629,96.1698
445.6822,163.5452,49.9393,95.4753
451.7668,163.0716,50.8286,96.4226
449.6921,162.3792,50.5669,97.8075
451.3548,162.0085,47.2416,98.5488
453.2943,155.0228,49.8877,95.1198
451.8339,156.0165,52.8083,93.1324
456.4422,156.1476,54.545,92.8703
457.6337,156.3915,54.378,94.5985
454.9587,154.9918,50.7723,95.159
455.946,152.418,48.7977,93.7484
453.6492,154.185,51.2597,92.346
451.8111,156.4874,54.936,92.0466
452.2496,159.6213,58.4797,92.4097
455.4069,162.0614,56.7152,94.3547
457.6197,161.4203,52.2895,95.637
464.2487,159.5071,52.3451,92.8067
455.9539,161.8868,55.8672,90.2252
460.2854,164.0432,58.1977,90.3099
459.4887,165.7179,57.5524,91.438
453.7519,167.4217,53.3106,92.5206
446.8907,166.1348,53.8929,90.7144
444.9749,166.9487,55.5517,89.0864
445.6175,166.7869,56.4428,89.4101
444.5658,168.4614,56.35,90.4534
438.9397,167.616,52.1308,92.1441
443.8801,167.052,48.7435,93.272
443.8921,164.6362,48.7194,91.7332
440.3923,164.9167,53.6187,89.0719
443.9222,165.026,55.1342,88.8532
439.9268,165.2968,56.6271,88.3116
445.5511,165.3917,51.9267,90.3045
442.1024,161.5188,50.2892,89.5155
437.8295,160.4357,52.5522,87.4931
438.2973,160.9222,55.8211,86.5201
444.4501,161.1245,56.3697,86.1155
436.996,160.7983,56.2605,86.7679
438.7649,159.3699,52.7226,87.4713
439.4597,156.5513,51.333,86.7937
431.7869,156.7359,54.25,84.3532
430.4248,157.2978,56.9742,83.2293
437.8454,158.1443,56.9155,83.6482
439.525,158.5639,53.5562,84.9262
439.2728,157.7924,49.8991,86.4692
432.9143,155.3717,50.3615,85.1831
435.6949,155.2215,52.9246,83.4525
442.1136,155.2451,54.4238,83.4053
440.7357,154.5952,55.1072,84.705
433.396,154.6743,52.961,86.6501
435.4203,155.8379,51.0092,86.4194
433.4665,152.832,52.8564,84.1895
433.0585,150.3152,53.6722,83.0492
441.243,151.414,53.739,82.906
441.6841,152.4592,52.8567,84.9224
441.8271,153.8427,48.4328,86.2935
442.0528,153.8789,47.9813,86.2211
437.9088,151.1964,50.2504,83.5608
436.7305,148.2636,54.6121,81.4064
452.416,148.3316,53.9197,81.2704
444.2643,149.0979,56.0009,81.7695
445.8952,149.0572,52.7391,83.9246
447.4456,148.1259,49.6383,85.7871
448.0148,145.7023,48.5,86.5784
451.8654,146.1097,50.9007,83.7434
458.6805,146.775,53.4196,82.4127
458.3011,147.641,56.2191,80.6807
461.7645,147.3068,53.4137,81.3491
474.6688,143.9458,49.8753,84.0219
483.728,138.4949,53.8187,80.8845
489.5928,134.5288,56.2587,78.6955
504.1849,135.1322,55.5118,79.52
506.6973,135.1774,54.5499,81.461
509.6088,133.8306,50.7719,84.1546
511.9887,131.5701,48.0348,86.6529
515.8643,128.182,46.3244,87.3883
520.3014,123.3748,47.4271,85.0306
525.9427,125.465,49.9993,82.8293
525.6124,125.2224,48.6702,83.3145
526.8281,124.3873,46.2386,84.9848
527.6252,125.5184,46.6028,82.7226
523.3913,120.4024,47.3464,81.3681
522.0079,123.6932,50.1131,78.6335
525.9857,120.6078,49.8733,79.0177
523.6912,120.8163,48.6701,80.5314
518.5393,124.4356,45.4412,82.9591
518.8141,120.9957,42.9767,84.0943
515.0036,121.375,41.1503,83.3356
514.6544,118.428,41.8486,81.842
513.0577,117.0496,43.205,80.9248
511.1208,118.0903,43.3854,80.6901
510.2072,119.9243,43.3663,80.7148
507.6228,118.313,41.1496,80.2445
507.1716,116.4705,42.0519,78.5251
506.6265,116.2189,43.1422,77.2365
506.6415,116.5555,43.1122,76.5634
500.1756,115.8247,41.7995,78.025
500.1248,114.2069,41.9012,77.7008
494.954,113.934,39.8049,78.2466
491.4038,110.6941,38.1602,77.7303
491.3626,105.2604,38.2424,76.6059
488.35,104.9641,39.1735,77.1984
487.4932,104.3518,39.1643,78.423
487.1734,103.1464,38.0634,79.0932
485.0815,98.5008,37.0529,77.9959
485.3586,95.5604,36.4988,77.0853
487.601,95.1326,37.0386,76.266
487.8531,91.2332,38.2068,75.7033
485.4063,92.66,38.0479,76.218
482.0479,93.3877,36.3197,78.1406
482.7135,91.9818,34.9885,79.2653
482.1313,90.7463,34.4725,78.3755
481.9623,89.9708,34.8105,76.6096
483.7239,85.7662,36.203,75.1874
484.4774,86.5712,37.9802,75.2195
486.9167,90.2796,36.4479,77.8415
487.3843,87.7823,35.5127,79.466
488.4965,85.9188,34.9808,79.8081
489.0485,85.7786,35.5648,78.4004
493.9451,82.2157,37.5167,77.1369
492.3733,81.734,38.967,76.4071
492.3275,81.5418,39.0586,76.7915
491.1243,84.8725,38.0353,78.7041
484.4393,84.6667,37.6034,80.841
484.7054,85.3386,37.0712,81.2462
484.7532,85.6548,36.9755,80.6136
485.1728,86.2827,37.8712,79.3579
484.0493,87.1697,38.3862,79.3159
478.1683,87.7532,37.9663,79.8892
477.2056,87.3654,38.1503,80.6648
470.6526,82.5647,38.9649,79.7307
469.2097,84.4101,40.0944,79.5527
466.4769,85.194,42.0136,77.9848
461.6763,84.8224,42.7,76.9452
460.2866,86.227,41.921,77.6944
453.7754,91.4216,40.7267,79.7447
447.3782,94.332,39.2258,81.0715
441.7473,93.3282,38.0242,83.0791
437.6418,92.97,39.0795,82.0065
436.2704,93.5579,40.0307,80.8308
435.1804,94.5377,40.4198,80.6621
431.6113,96.5326,40.3777,80.2624
430.5855,96.336,38.8523,80.6557
431.0159,97.2922,37.9913,80.5111
429.9489,96.597,36.6236,80.1508
428.6864,93.625,37.4268,77.4855
429.3492,94.5471,37.7979,75.6414
428.6038,96.652,37.6126,74.784
427.9658,97.5824,37.2281,74.5838
425.3425,98.4216,37.5219,74.5562
425.6757,100.1065,36.8557,76.153
425.8298,98.9383,36.5475,75.1545
426.1593,99.7464,35.8885,75.1858
426.2724,100.908,35.6622,74.4991
426.5881,101.9582,35.0308,74.0214
427.0989,98.536,34.0091,74.4471
424.8582,97.8046,33.7112,74.3167
421.1697,93.8273,33.1582,72.7552
421.2959,95.3385,32.9058,71.2865
420.5481,101.156,32.8737,71.874
415.8757,100.7552,33.0035,72.6756
411.3718,98.0889,32.7128,71.8092
410.887,99.0281,32.1503,69.9307
410.4617,99.6348,31.506,68.7173
408.8541,102.3441,31.7894,69.1626
408.0933,100.9881,31.8335,70.3972
408.1362,98.4297,31.7476,71.0256
403.7958,97.1514,31.4057,72.0783
398.7001,91.4024,31.0056,71.4715
399.0461,94.7747,30.3136,70.7159
396.4387,98.2939,29.6317,71.0482
394.9955,98.1848,29.5843,71.2664
394.1236,97.631,29.8588,70.9049
389.6197,95.7551,30.0535,68.7812
384.1554,97.7365,29.4503,67.7014
378.4317,98.2525,29.576,68.0846
375.4816,95.8714,29.7841,68.5778
372.5392,96.2839,29.9338,67.7527
373.2437,96.7791,29.9493,66.7625
373.262,97.0068,29.9126,66.3071
