1
593.1029,205.1567,45.1409,41.8425
588.8344,204.7846,45.9973,41.3066
585.2059,202.5767,46.8313,40.5839
583.3602,200.0603,47.9513,39.1883
579.3379,200.3009,48.3159,38.707
577.8806,199.8774,48.6754,38.2763
576.1609,199.9424,48.2868,38.1465
577.6315,199.8728,45.3455,39.5536
581.0137,206.3897,41.0736,43.9667
582.2919,207.0986,37.2665,48.8018
582.3044,204.6689,34.7111,52.396
580.5958,204.4077,33.0149,55.4752
580.4489,202.7501,32.0125,57.494
578.132,200.6239,31.4077,59.127
577.6044,198.7271,31.1393,60.2736
576.471,197.3973,30.7344,61.5973
574.6243,196.7991,30.3826,62.7938
574.0602,196.7774,30.151,64.1971
573.3642,196.3393,30.1667,65.0732
572.6974,195.3309,30.1106,65.7006
572.0814,194.7428,29.9449,66.8768
572.0778,193.6752,29.9521,67.6001
571.316,192.7951,30.0533,67.9376
571.309,191.8163,30.0673,68.4661
569.97,193.586,29.8708,69.2381
569.9339,192.7768,29.9433,69.4116
569.8604,192.8273,30.0902,69.3107
569.7292,192.9357,30.3526,69.0939
569.1023,193.5105,30.155,69.3955
568.5552,191.9885,29.7971,69.5351
568.7623,191.3948,29.3828,69.2746
567.6057,192.132,28.8223,69.2371
567.2244,189.1565,28.1584,69.4825
566.5315,185.4111,26.7079,69.8823
566.0243,182.6409,26.3242,68.432
559.2293,178.9208,28.951,63.5386
554.072,177.2233,32.5359,58.858
550.658,179.3162,36.6865,54.6723
548.1769,181.0008,40.3035,51.303
546.1376,182.9387,43.0291,48.7799
544.536,184.5793,44.8754,46.8559
543.9246,186.6447,46.0981,45.4369
542.788,187.1889,47.0188,44.3484
541.845,187.6219,47.5556,43.4825
541.6261,187.9409,47.9934,42.8444
540.8186,188.2329,48.2682,42.2604
540.7677,188.9645,48.37,42.1322
540.7094,189.1134,48.4866,41.8344
540.7091,189.8593,48.4873,41.6739
541.3284,190.5245,48.5773,41.6723
541.9852,191.2134,48.5937,41.6247
542.7364,191.2507,48.421,41.55
543.4088,191.9606,48.4019,41.4559
544.2066,192.6044,48.1302,41.4921
546.6721,193.095,47.1603,41.8314
552.7129,193.8856,44.2554,42.8721
558.7227,198.4833,39.9331,46.5056
559.539,193.4306,38.3006,47.704
566.654,190.0237,40.515,45.6631
569.4228,188.9667,43.8566,42.7033
572.319,190.7879,46.9822,40.335
572.4218,192.2547,49.3445,38.6852
574.1525,193.4682,51.0546,37.5511
574.8766,194.4925,52.2059,36.8024
575.7335,195.3793,53.1014,36.3333
578.1125,196.1125,53.5835,36.177
579.9484,197.3575,53.8557,36.3163
581.8035,198.0196,54.1085,36.313
583.7139,198.6126,54.2618,36.4518
584.8948,199.1753,54.5587,36.6557
586.8472,199.7854,54.6656,36.7727
587.3471,199.7138,55.0065,36.9159
590.5983,200.3715,55.2453,36.9488
592.5518,200.3149,55.3955,37.062
593.8559,200.8005,55.5002,37.4472
597.2116,201.5053,55.6118,37.4022
597.8016,202.1807,55.7971,37.4169
599.135,202.0586,55.8672,37.6611
601.1561,202.6626,55.9459,37.8268
602.4486,203.1081,56.1161,38.3132
603.7076,203.6455,56.3748,38.6268
605.1278,204.1093,56.3292,39.0967
606.4154,204.0113,56.5634,39.2926
607.7578,204.5096,56.7013,39.7075
610.5026,205.1434,56.8937,39.8603
611.1442,205.7447,57.0364,40.0836
612.5789,206.2876,57.0304,40.4295
613.901,206.2307,57.2612,40.5433
615.237,206.792,57.4747,40.8636
616.339,206.8757,58.1735,40.6961
619.4154,208.0045,59.3156,39.8977
619.3479,208.4103,60.9135,39.086
620.247,208.7083,62.0606,38.49
620.5861,209.6366,62.8618,38.113
620.9416,210.3243,63.6358,38.2224
621.4867,211.0219,64.0437,38.3255
621.2122,211.0232,64.5929,38.3228
621.0082,210.8574,65.0009,38.6545
620.7817,210.7287,65.4538,38.9118
621.374,211.317,65.8059,39.2719
619.1774,211.7586,65.5547,39.9369
616.3464,213.0485,63.4377,42.0246
612.2775,216.9253,59.0965,45.1899
593.7365,216.7643,57.4887,47.0597
600.0922,216.1903,54.1009,49.7615
611.409,215.4501,50.0163,51.242
612.0911,213.0586,47.1462,51.5073
611.041,212.3948,44.8516,51.3698
611.2164,212.5135,43.0742,51.1325
609.963,211.4914,41.3976,50.3878
609.9529,210.5488,40.0616,49.5605
609.2515,210.238,38.8205,48.8601
606.4881,209.3821,37.8914,47.9897
605.6043,208.5582,37.1334,47.1118
604.0582,208.3751,36.5145,46.2411
601.9163,208.125,35.9436,45.5274
600.9458,207.2383,35.4978,44.9141
598.2273,206.9502,35.0506,44.3135
597.8502,206.6826,34.6444,43.6883
596.3223,206.8434,34.2677,43.3666
595.3089,206.4884,34.0283,42.9436
591.4781,206.1546,33.8306,42.4884
591.651,205.7711,33.4848,42.1428
590.6625,204.7725,33.2586,41.9367
587.9569,204.3687,33.1957,41.6496
588.2579,204.391,32.5936,41.605
589.3548,207.5913,30.3999,43.8365
589.1049,204.2642,28.7442,46.18
589.0532,200.4119,31.0193,44.1122
591.6674,198.0475,34.5267,41.1972
593.1707,198.7944,37.0383,38.5997
592.4197,199.7423,38.5403,36.7039
590.7631,199.9867,39.6626,35.1195
592.2994,200.5501,39.8514,33.9928
589.6944,201.0734,40.7746,32.9462
589.4614,201.4956,41.2406,32.1019
588.1445,201.811,41.751,31.471
588.9589,201.9551,41.1811,31.1829
588.0026,202.107,41.0025,30.8789
588.3928,202.2504,40.2221,30.5922
588.9477,202.3487,39.1123,30.3956
589.4167,202.5105,38.1743,30.0721
589.7611,202.1885,37.4855,29.7341
590.7442,202.3032,36.4853,29.5047
591.5974,202.442,35.7259,29.2271
591.8684,202.0934,35.1838,28.9934
594.1094,201.7587,34.3773,28.744
594.8554,201.8687,33.7878,28.5239
596.7881,201.9729,33.4823,28.3155
598.3402,201.6638,33.0238,28.0519
598.9653,201.37,32.6443,27.7688
601.1826,201.0723,32.5106,27.5042
601.9542,201.1743,32.6752,27.3001
604.6463,201.2828,33.262,27.083
610.1734,201.3852,34.2238,26.8782
614.0746,201.4381,35.9847,26.7725
617.3513,201.3835,37.4778,26.8817
618.494,201.294,38.8652,27.0607
618.8597,201.2107,40.0175,27.2273
619.8439,201.5645,40.9343,27.4814
620.0275,201.4118,41.5469,27.7869
621.0809,201.3461,42.4218,27.9182
621.892,201.236,42.818,28.1384
624.2743,201.1531,43.147,28.3041
625.1152,201.0753,43.5181,28.4599
625.4964,201.4525,43.7903,28.7401
653.5972,178.1345,43.9302,29.4681
647.2358,178.3011,42.9017,30.1926
635.3344,178.5325,42.4455,30.7846
626.8954,178.5481,41.3401,31.8113
615.5321,176.6884,40.7824,32.3555
603.9525,177.0956,40.6443,32.6001
2
0
0
0
0
1
609.2418,200.4713,59.3986,52.6105
609.3777,200.8606,60.8002,51.8319
608.9538,200.3206,61.648,51.2298
608.8445,200.4028,61.8666,51.0653
608.7958,200.4624,61.964,50.9461
608.8019,200.4676,61.9518,50.9357
608.8324,200.5492,61.8909,50.7725
609.3975,200.6386,60.7605,50.5937
607.8485,199.8008,57.2127,52.2693
612.0566,205.8264,52.0647,56.5596
608.0454,211.0834,47.1113,62.2655
609.7267,205.4908,43.7485,65.2942
610.3422,197.1794,42.5176,64.0704
609.9236,197.1458,41.7712,62.5539
609.4862,197.0515,41.0975,61.1942
609.0956,197.7312,40.3621,59.8348
606.6181,198.1507,39.3811,58.9957
606.9221,198.6297,38.7729,58.0377
607.2349,198.9904,38.1475,57.3163
606.8021,198.8617,37.6035,56.1643
606.2885,198.6751,37.2478,55.1545
604.5556,198.9728,36.6281,54.5591
604.617,199.2723,36.5053,53.96
604.0647,199.5015,36.2782,53.5017
603.4215,199.2132,36.2438,52.7574
602.2895,199.9114,35.8898,52.6701
601.6227,200.2588,35.9215,51.9753
600.3222,199.8495,35.9387,51.502
599.6511,200.7012,35.9959,51.0836
598.3418,199.6979,36.0557,50.5311
597.7128,200.5939,36.0416,50.0112
597.0299,200.3735,36.1434,49.188
595.836,200.5114,36.0253,48.9124
594.5998,200.6108,36.004,48.7135
593.9655,201.2617,36.0291,48.6551
593.3573,201.8924,36.0027,48.6366
592.7258,202.0045,36.0234,48.4124
589.7099,201.4904,35.8597,48.2016
589.6683,201.0873,35.9427,47.7746
589.6509,201.2665,35.9775,47.416
589.0589,201.3088,35.9385,47.3315
589.0758,201.2836,35.9046,47.3818
588.4268,201.2853,35.9811,47.3785
588.314,201.55,36.2069,46.8491
588.2283,202.2136,36.3782,46.7399
585.814,201.8155,37.5494,46.317
579.1369,203.2206,39.8206,44.7382
569.4429,204.3244,41.8069,42.5306
561.5911,205.3658,42.6385,40.4478
556.9915,205.9253,44.5238,38.1099
553.6254,206.9363,46.4152,36.0878
549.5123,207.6957,47.4071,34.5689
548.6033,209.4003,48.0298,33.5507
544.8701,210.3792,48.3702,32.7805
542.4277,211.2707,48.5359,32.1773
538.8812,212.0324,48.5969,31.8259
535.2412,212.7886,48.8752,31.4805
531.2809,213.4352,48.6393,31.3525
528.831,214.1555,48.9008,31.0714
524.3925,214.294,49.6676,30.7944
519.9204,214.7797,49.2901,30.9881
515.8142,215.311,49.3619,31.0885
511.1752,216.3857,49.3141,31.2705
507.0492,217.5346,49.3895,31.309
504.0163,218.0559,49.6058,31.4362
501.7169,219.2649,50.6788,31.3687
499.3342,220.4586,51.8743,31.3612
494.6345,220.952,52.822,31.5819
488.8076,221.4488,53.4497,31.8134
485.7572,221.9973,54.5973,31.9546
479.3866,222.409,54.7623,32.3889
474.1395,222.8509,55.1164,32.7726
469.5559,222.7506,55.3286,32.9732
464.8736,225.2945,55.6919,33.0289
460.2694,225.8388,55.8551,33.2325
456.1785,226.4235,56.2484,33.3611
451.3492,227.1655,56.7646,33.1833
446.7308,227.7299,56.8273,33.3651
443.4226,227.7692,56.8705,33.2865
439.494,228.4741,56.8442,33.1906
436.9776,229.1223,56.6295,33.2061
433.785,229.1491,56.4697,33.1524
432.6469,229.0887,56.1346,33.2732
432.0933,229.6494,55.9388,33.4547
435.449,232.1352,55.743,33.6956
436.2437,233.0083,54.1537,34.5582
436.8479,233.7926,51.6496,35.581
436.8523,236.9594,49.0893,36.902
435.9431,236.5949,47.1292,37.631
436.0197,237.0493,45.734,37.9642
434.1929,237.0164,44.4827,38.0299
434.0344,237.5891,43.5915,38.0926
432.7178,238.1283,42.6378,38.2099
432.9878,238.3159,42.0978,37.8347
432.6796,239.0483,41.5456,37.5386
431.7837,240.3392,41.0269,37.2672
431.3961,240.6897,40.6591,36.5663
431.0177,241.108,40.2901,35.7297
430.6423,242.0893,39.9341,34.8737
430.2678,242.9528,39.5957,34.2342
430.4017,243.8255,39.328,33.5603
430.4051,244.1114,39.3212,32.9887
429.8042,244.907,39.4758,32.4447
424.2869,245.5712,39.0631,32.1569
419.1568,245.8158,40.0562,31.6678
409.0635,245.3329,40.5467,31.597
405.2184,245.4602,40.9368,31.3423
404.8073,245.5547,41.759,31.1533
403.7594,245.7403,42.8011,30.7821
404.2103,246.4292,44.0255,30.4675
404.9151,247.659,45.8442,30.1601
403.5374,248.3073,47.5017,29.9614
401.5095,251.0743,48.2005,30.0225
402.6703,252.2201,49.2699,29.9915
399.9946,254.4584,50.0391,30.0973
398.4795,254.5014,50.7518,30.0113
397.0383,255.0273,51.2988,30.1272
396.7886,256.1957,51.7982,30.1457
395.4199,256.7782,52.1651,30.1661
396.2429,257.3076,51.71,30.2984
401.1892,258.4331,51.3109,30.4207
409.1541,261.8708,50.7594,30.6429
413.458,262.1363,49.2235,31.2905
414.3806,263.0005,47.3782,31.8964
415.7019,263.4248,45.8857,32.1979
416.28,263.9537,44.7296,32.273
417.2673,264.0421,43.8719,32.0963
418.5207,264.2447,43.5674,31.691
418.6709,264.9834,43.2669,31.3034
420.4749,265.618,42.8954,31.113
420.6462,265.7015,42.5529,30.9461
421.7313,265.8735,42.5069,30.6021
422.6994,266.0929,42.6821,30.1632
423.5601,266.2555,43.0628,29.8381
421.1142,266.3922,43.7499,29.5646
413.7684,265.425,44.7037,29.3856
405.643,263.3879,46.0045,29.1883
404.0282,262.8964,47.0666,29.0877
406.5502,262.832,46.4132,29.2165
407.7962,262.2291,45.0116,29.3319
409.5652,262.3869,45.7595,29.0164
410.6846,262.4899,46.7523,28.8103
410.8169,262.5636,47.5758,28.663
409.6828,261.4096,47.6484,28.7754
410.1277,261.391,47.8595,28.8126
411.5824,261.4706,48.2637,28.6533
412.8931,261.5674,48.9656,28.4598
413.322,261.5889,49.2224,28.4168
413.8025,262.1559,49.3792,28.4003
415.0221,262.1496,49.1794,28.413
416.9092,262.1365,48.7564,28.4392
419.1107,262.1508,48.7984,28.4105
420.795,262.1742,48.7641,28.3638
423.0677,262.1713,48.6589,28.3696
425.2109,261.5672,48.8071,28.4691
427.4223,260.8485,47.7219,28.7942
432.8634,260.8233,47.8621,28.8444
438.0623,260.6288,47.4107,29.2335
447.7766,260.5654,45.6656,30.4655
457.5905,261.4897,42.5444,33.0187
463.5637,260.0461,39.3701,35.9059
469.4605,258.3759,36.34,39.2462
473.4971,256.4728,33.7756,41.9507
478.8355,254.7923,31.9253,44.2084
483.3219,252.4809,30.7099,45.5065
487.1075,249.831,29.7875,46.3739
490.6896,249.0684,29.2596,46.7931
492.6115,247.7212,28.7266,47.2802
497.1154,245.6881,28.5352,46.9382
500.4976,244.1651,28.3331,46.703
504.4306,244.2042,28.0747,46.6248
508.2186,243.7973,28.0682,46.3573
509.9143,242.7896,27.9084,46.2184
514.2955,242.6632,27.7258,46.471
516.9779,240.5953,27.727,46.3141
521.2555,239.9794,27.7388,46.4749
524.931,237.4863,27.9022,46.0937
528.1917,236.4469,27.8036,46.0316
531.8268,234.5804,28.0091,45.493
534.1235,234.4689,27.6687,45.716
538.3585,232.7914,27.6861,45.8881
541.5369,230.6946,27.7123,45.8265
544.7455,230.1305,27.675,45.8913
546.8192,228.9373,27.7824,46.1503
548.371,227.8253,27.8867,46.2356
551.972,227.1444,28.1913,46.5251
552.7407,224.4304,28.8174,45.4623
551.8127,220.7106,30.6735,43.216
543.3647,219.4299,32.5521,40.414
538.509,217.6713,34.8439,37.5717
534.4873,218.9013,37.6286,35.1116
533.4787,217.7115,39.6456,33.2679
532.3571,217.315,40.8321,31.9475
533.3538,216.2493,41.9976,30.9199
535.1072,213.5504,42.7046,29.9972
536.0358,213.9733,43.9928,29.1515
536.2775,211.5029,44.5628,28.8255
536.6256,211.0977,44.9228,28.5796
538.1904,207.4975,44.9653,28.3785
538.7758,207.1617,45.9037,27.9956
539.9472,206.148,46.7462,27.8993
540.9838,205.6969,47.8905,27.7291
541.2984,203.4484,48.3475,27.8808
541.8733,202.914,49.389,27.8541
543.0788,201.2201,50.3091,27.9107
541.1659,199.4818,50.7606,28.0129
542.5026,199.4468,51.4866,28.0831
542.1993,198.3308,52.0933,28.0252
541.4022,195.379,52.5346,28.1651
541.666,195.3196,53.1686,28.2838
542.231,192.8406,53.2116,28.5501
541.5878,191.5634,53.3198,28.7481
542.1093,189.1947,53.46,28.7525
543.2661,186.793,53.5173,28.8145
543.1675,185.0021,53.7143,28.8344
543.7053,183.7723,53.8293,28.9131
544.9827,180.0917,53.6615,29.113
548.2471,179.7465,53.1058,29.8034
558.4777,179.3656,50.6225,32.9622
564.7926,182.5109,46.5065,37.618
566.7783,180.7793,42.5351,42.3136
568.5905,174.7134,38.9105,46.962
569.9631,171.0562,36.1654,50.4866
570.9926,170.2629,34.1064,53.3465
571.8181,166.0065,32.4554,55.4459
572.3394,164.7562,31.413,56.6599
572.7046,163.0121,30.6825,57.5739
573.029,161.187,30.0337,58.6476
573.2836,161.22,29.5243,59.8746
573.5415,159.3489,29.0088,61.0124
573.7346,158.2881,28.6225,61.8239
573.3416,155.84,28.0933,62.7745
573.3766,156.1944,28.0233,63.3856
573.4896,154.5444,27.7972,64.0306
572.273,155.3097,27.5648,65.1656
572.303,151.1184,27.5047,65.4767
571.7396,150.7963,27.2828,66.1209
571.1687,148.5065,27.0705,66.6381
570.5509,149.5301,26.9483,67.3066
569.3297,145.7341,26.6601,68.072
568.7843,147.1724,26.3796,69.309
567.6203,145.8235,25.9396,70.623
567.6892,146.5387,25.8017,71.9825
567.095,146.4301,25.5782,73.6115
566.3518,144.5075,25.6335,74.5944
566.2182,142.9026,25.9007,74.9118
566.1541,143.2507,26.0288,75.6711
565.5323,141.299,25.8036,76.6369
564.8264,139.5417,25.7369,77.1945
564.7699,141.6081,25.8499,77.5174
563.9627,140.5284,25.9725,78.1849
563.235,140.8524,25.9241,79.0405
562.4989,138.3482,25.8814,79.5042
562.5213,138.9824,25.8368,79.7564
562.5032,136.6819,25.8728,79.7868
562.55,138.8187,25.7793,80.0872
561.9115,136.3989,25.529,80.3453
561.3864,137.5561,25.053,81.0834
560.9405,139.9578,25.9449,80.8638
552.5526,127.3929,30.3907,75.1687
542.7697,126.9317,36.0974,69.9315
534.2462,130.1582,42.2028,65.0416
530.5224,132.5835,48.0575,60.191
527.1009,134.6424,53.2857,56.0732
524.1284,136.1823,57.597,52.9934
521.7222,138.0068,60.7577,50.9961
519.7556,138.6723,63.023,49.6651
517.147,139.1527,64.8787,48.7043
515.6187,139.334,66.2424,48.3416
513.4469,140.1256,67.1709,48.4659
513.0412,140.0022,67.9824,48.7127
512.6669,138.9826,68.7309,49.0121
512.3147,138.9105,69.4354,49.1564
512.0497,138.7745,69.9654,49.4284
511.9526,138.4643,70.1596,50.0488
511.0173,138.222,70.2353,50.5334
510.8698,138.109,70.5303,50.7593
510.7985,137.9166,70.673,51.1441
510.698,137.7994,70.8739,51.3785
509.7122,137.6113,71.0178,51.7548
509.652,137.5254,71.1383,51.9265
508.6894,137.3813,71.2227,52.2148
508.6612,136.2701,71.2792,52.5905
511.0645,135.9219,70.1802,53.2868
516.1365,136.2164,67.4313,54.5464
525.1605,140.2623,62.1772,57.4211
528.1358,151.3249,56.2268,63.9941
531.8934,148.3551,50.5158,69.9336
535.3998,142.7884,45.3069,75.6552
537.5657,141.1484,40.9752,80.7392
539.262,139.2448,37.5825,84.5465
540.6192,137.8952,34.8682,87.2457
541.6503,135.2186,32.8059,89.0114
542.3755,133.8725,31.3556,89.9213
542.936,133.5327,30.2344,90.6009
543.2885,133.3868,29.5295,90.8928
543.5848,133.2803,28.9369,91.1059
542.9694,132.4803,28.4259,90.964
543.0855,132.6981,28.1938,90.5285
542.3651,132.765,27.9148,90.3948
542.5176,131.2369,27.6097,90.0253
542.4715,133.3482,27.7021,89.2066
542.471,132.9764,27.7029,88.2581
542.4548,131.0991,27.7353,86.9769
542.5152,133.1583,27.6146,86.1806
542.538,132.0421,27.5689,85.118
542.6338,133.0729,27.3773,84.6878
541.9985,131.6777,27.0261,84.2345
542.0469,131.2498,26.9293,83.4814
542.204,132.1498,26.6151,83.2779
542.2471,130.1314,26.5288,82.551
542.3255,131.1034,26.3721,82.1829
542.3947,131.3411,26.2335,81.7075
542.4676,129.9575,26.0879,81.3577
542.6144,131.4659,25.7942,81.4427
542.6672,129.366,25.6887,81.0024
542.7996,130.7597,25.4239,81.292
542.8317,130.8741,25.3597,81.0633
541.5116,129.9248,24.9333,81.4286
541.5783,129.9861,24.7997,81.306
540.9037,129.3091,24.6226,81.1335
540.8631,127.4874,24.7039,80.2148
540.8397,129.7953,24.7506,80.1265
540.8887,127.794,24.6526,79.6027
540.2289,129.1923,24.4726,79.8052
540.2345,129.2979,24.4615,79.5941
540.2384,129.3243,24.4537,79.5411
539.5735,128.5943,24.2884,79.5063
539.5466,126.5521,24.3422,79.1162
539.523,127.492,24.3895,78.7232
539.5214,126.1082,24.3925,78.5265
538.8521,128.1283,24.2516,78.9247
538.957,126.6459,24.0418,78.9244
538.9506,127.9851,24.0546,79.2033
538.7394,126.0195,24.4771,78.6859
537.732,118.6161,26.4919,75.6929
536.7413,115.5282,29.9507,70.0484
536.1134,118.1151,34.1227,64.8747
534.8226,119.6471,38.159,60.3559
534.6182,121.3956,41.4787,56.859
534.8319,122.0862,43.9654,54.0208
534.6561,123.116,45.7705,51.961
534.0905,123.9505,46.9019,50.2922
534.3994,123.7711,47.726,49.209
534.1308,123.4467,48.2632,48.4199
534.0827,123.0789,48.3594,47.7218
534.1218,122.5506,48.2812,47.3542
534.1928,121.9621,48.1393,47.1142
534.3345,122.1554,47.8558,46.7276
533.7993,121.5509,47.5259,46.5363
534.1078,120.7567,45.5165,46.7325
531.5043,125.9295,41.1756,51.3908
532.7691,127.8049,38.6458,55.8489
524.3671,116.4898,41.4963,53.3625
516.701,113.4736,45.5987,49.5689
511.3135,115.0122,49.3234,46.4917
509.73,112.9245,52.4903,43.5702
507.8447,114.7737,54.8402,41.2924
506.1767,115.9622,56.7572,40.3344
505.537,116.3963,58.0367,39.4662
505.0187,116.6756,59.0733,38.9076
504.5987,116.0645,59.9133,38.6874
504.2619,115.3964,60.5869,38.5725
504.7542,113.9774,61.0614,38.4922
503.801,113.9813,61.503,38.4844
503.7501,114.4395,61.6049,39.0393
503.0032,114.1906,61.6166,39.5371
502.2014,113.7923,61.7294,40.3337
502.1091,113.6135,61.9138,40.6913
501.9684,113.4665,62.1954,40.9853
500.4472,112.3161,62.1901,41.7622
500.3354,112.2161,62.4137,41.9622
500.2222,111.9503,62.64,42.4938
500.1524,111.6111,62.7796,43.1721
500.1185,111.3747,62.8475,43.6451
499.399,111.0754,62.7082,44.2436
499.6567,111.3753,62.1927,45.23
503.4287,112.0863,59.4335,46.9978
511.4009,125.65,54.5664,53.1024
514.041,120.494,49.2862,58.595
516.598,108.9203,45.7819,60.8166
519.8296,105.2491,45.6688,58.6337
519.492,106.4027,46.3441,56.3265
519.1922,106.6625,46.9437,54.2795
518.0957,107.4656,47.6316,52.6733
517.9588,108.0892,47.9052,51.4262
517.1751,108.4078,47.997,50.789
516.4951,108.5794,47.8899,50.4458
516.5693,108.8208,47.7415,49.963
515.9657,108.8873,47.4988,49.8299
514.5736,108.9281,47.3948,49.7484
514.7399,108.31,47.062,49.5434
514.1503,109.143,46.8086,49.3101
514.2601,108.4444,46.5889,49.2822
513.6609,109.2422,46.3662,49.1079
512.9975,108.5212,46.2783,49.1349
513.0816,108.5306,46.11,49.1162
513.19,108.4493,45.8932,49.2786
513.2448,108.396,45.7837,49.3853
513.2895,108.37,45.6941,49.4373
512.6554,109.0422,45.5529,49.5025
512.7764,109.0391,45.3109,49.5085
512.182,108.965,45.0951,49.6568
512.3746,108.9649,44.7099,49.657
511.8268,108.9348,44.408,49.7171
511.7015,108.8523,43.265,49.8823
512.7039,112.1299,39.8822,52.9736
514.4975,118.3402,36.2949,58.3842
507.859,108.0003,38.4136,56.7472
499.7323,104.3302,43.4255,52.846
493.0823,106.2802,48.1651,48.9461
489.7359,108.7303,51.9768,45.4864
487.9962,110.3146,55.4563,42.3177
486.7316,112.2257,57.9855,39.9407
485.764,113.2309,59.9208,37.9304
485.7897,113.832,61.3077,36.7282
486.049,113.0075,62.2274,35.5005
487.0828,113.6017,63.021,34.3121
487.6694,113.8932,63.2696,33.7292
487.3905,114.2228,63.8274,33.07
487.8201,114.4832,64.38,32.5492
487.8769,114.5625,64.2663,32.3905
488.5239,115.3441,64.3783,32.2335
488.5575,115.4783,64.3112,31.9652
488.5571,115.5633,64.312,31.795
489.2226,116.3638,64.3773,31.5905
490.6459,116.3866,64.3178,31.5448
490.6188,116.4439,64.3721,31.4301
491.3206,116.3732,64.3591,31.5715
492.019,116.9773,64.3554,31.7564
492.7394,116.912,64.3108,31.8869
492.8108,117.4331,64.168,32.2427
494.2366,117.4451,64.1207,32.2186
494.866,118.0027,64.2629,32.5044
496.3405,118.4617,64.13,32.9946
497.7641,118.4337,64.1123,33.0505
497.7269,118.4939,64.1868,32.9301
498.4902,118.4222,64.0746,33.0736
499.8792,119.0234,64.1274,33.2865
499.9608,119.6793,63.9641,33.3946
500.1665,120.3737,63.5527,33.4252
500.4604,121.0524,62.965,33.4817
501.4777,122.5394,62.3368,33.3205
501.4353,122.7594,62.4216,32.8804
501.5455,122.9849,62.201,32.4295
501.7465,123.1267,61.799,32.1459
501.7714,123.8648,61.7493,32.0356
501.808,124.0043,61.6761,31.7566
502.5974,124.6254,61.4547,31.8719
502.6087,124.7247,61.432,31.6732
503.4042,125.3747,61.1935,31.7258
503.4399,125.4705,61.1222,31.534
503.5967,125.4954,60.8085,31.4842
504.9494,125.5283,60.7832,31.4184
504.3166,125.5494,60.7104,31.3763
505.0476,126.1469,60.585,31.518
505.8482,126.7409,60.3212,31.6674
506.0054,126.7537,60.0068,31.6417
506.2672,127.3745,59.4832,31.7313
506.9758,127.4602,59.391,31.56
507.6983,128.1203,59.2668,31.5606
509.0057,128.3672,59.29,31.0666
510.2883,129.1116,59.3462,30.8886
510.8814,129.2774,59.4682,30.557
511.6139,129.3923,59.3074,30.3271
511.5872,129.5602,59.3608,29.9913
512.9204,130.2106,59.2801,29.9833
513.4683,130.277,59.4757,29.8504
514.3197,130.1702,59.0649,30.0641
515.6961,130.7615,58.8917,30.1713
516.8971,130.7523,59.0679,30.1896
517.3691,131.3613,59.4158,30.2637
518.5449,131.972,59.661,30.3407
518.9921,132.1051,60.0699,30.0745
519.8031,131.3834,61.0568,30.2133
525.4341,130.8012,60.3647,31.3778
537.3771,135.1979,56.4545,35.9015
544.0243,145.717,52.6279,40.5619
546.3598,138.2873,47.957,45.8071
550.9447,128.3952,44.3364,48.9442
553.3801,126.5556,42.2261,49.8627
555.4953,125.7089,40.7183,50.1949
556.0547,125.511,39.5994,50.5907
556.4467,125.4058,38.8155,50.8011
556.7793,125.3695,38.1503,50.8736
558.4226,125.8951,37.4864,51.1339
558.6196,125.8697,37.0923,51.1846
558.8455,126.251,36.6405,51.721
558.9185,125.8889,36.4946,51.1453
559.0094,126.1191,36.3128,50.685
559.0582,125.7188,36.2152,50.2071
559.8075,125.6373,35.9862,50.3701
559.9853,126.0753,35.6306,50.7625
560.9171,126.3964,35.0356,51.3889
561.9144,125.9649,34.3095,52.252
562.9758,129.6053,32.1867,56.3968
567.2318,126.9361,30.156,60.4389
557.1911,119.2092,34.38,56.0712
546.0541,117.4715,39.3879,51.5777
541.1381,120.2744,43.851,47.3141
540.4772,122.7668,47.867,43.6763
539.4438,124.8186,51.2855,40.9244
538.785,123.9049,53.9621,38.6745
537.9622,125.3767,55.6078,37.0931
539.2348,126.0822,57.1432,35.682
540.0323,125.9007,58.2661,34.6861
540.3125,124.2056,59.0643,34.0008
540.6075,124.4129,59.8326,33.5861
540.3942,124.5708,60.2592,33.2703
540.2632,124.7033,60.5213,33.0054
540.0683,124.7484,60.9111,32.9152
539.9482,124.8339,61.1512,32.7442
539.8405,124.874,61.3667,32.664
540.3625,124.903,61.6914,32.6059
540.1395,124.9123,62.1375,32.5873
540.1029,124.9303,62.2108,32.5514
540.2349,124.919,61.9466,32.5739
539.6674,124.8407,61.706,32.7305
539.7258,124.7847,61.5892,32.8425
540.6511,123.9551,61.1139,33.1266
547.1321,124.0759,59.1374,35.6313
558.9835,136.6317,54.8602,41.0457
561.4489,130.4379,49.9294,46.3577
564.41,122.4419,48.2871,46.6569
564.8627,121.8675,48.7875,46.3996
564.6365,121.9112,49.2401,46.3123
564.56,121.8408,49.393,46.453
563.9613,122.0315,49.1707,46.0716
563.939,122.0847,49.2151,45.9652
563.9408,121.3601,49.2115,46.0053
564.2016,121.3408,48.6899,46.0438
563.6105,121.3238,48.4698,46.0777
563.0226,121.2559,48.246,46.2135
563.0145,121.1904,48.2623,46.3445
562.9633,121.167,48.3646,46.3915
562.9199,121.1144,48.4515,46.4967
562.8788,121.0642,48.5336,46.5969
562.8628,121.0037,48.5656,46.7179
562.9066,120.9867,48.4779,46.752
563.6349,121.0044,48.4319,46.7167
563.7036,121.0983,48.2945,46.5288
563.687,121.0851,48.3277,46.5552
563.6807,120.3567,48.3402,46.607
563.7422,120.4154,48.2173,46.4896
563.8157,120.3925,48.0703,46.5354
563.8319,120.3745,48.0379,46.5714
563.7717,120.3238,48.1583,46.6729
564.336,120.1751,48.4341,46.9701
564.7407,120.0344,49.0376,47.2516
564.4442,119.8069,49.6307,47.7066
564.5202,120.3447,50.9224,48.0747
564.593,121.4322,52.2463,48.8388
563.9166,121.339,53.5991,49.0251
564.7589,122.1814,54.9668,48.8665
565.0346,122.1933,55.9603,48.8427
565.7735,122.1493,56.042,48.9307
566.2977,122.1371,56.5557,48.955
567.7991,122.2061,56.6941,48.8171
568.4751,122.3003,56.9124,48.6287
569.0364,122.5131,57.3606,48.203
569.0915,122.5096,57.2503,48.2101
569.825,122.5279,57.3523,48.1734
571.3667,122.5581,57.4089,48.113
571.4878,122.5569,57.1667,48.1154
572.271,121.8136,57.1666,48.0358
572.2304,121.0867,57.2479,47.9248
572.9146,121.1267,57.4437,47.8446
572.89,121.1241,57.493,47.85
572.8538,121.1434,57.5653,47.8112
572.8513,121.1365,57.5705,47.8252
572.8214,121.1645,57.6303,47.7691
572.853,121.1542,57.567,47.7897
573.0237,121.059,57.2256,47.9802
573.6828,120.2225,55.9074,48.0883
571.1626,118.7459,51.6686,51.0413
573.547,130.3436,46.8999,56.8876
568.7377,115.6759,47.2484,55.3229
562.315,111.8494,50.9362,52.2921
558.9678,113.3205,54.5567,49.3499
557.5676,114.4541,57.357,47.0827
557.3427,115.135,59.3591,45.7208
557.373,115.4837,60.8589,45.0235
556.8281,115.6708,61.9487,44.6492
556.4207,115.6857,62.7634,44.6195
556.0385,116.377,63.5279,44.8301
556.5929,116.0069,64.0273,45.5703
556.4453,115.6545,64.3226,46.2751
556.1926,115.4412,64.828,46.7016
556.6012,115.3252,65.6698,46.9337
555.2943,116.0364,66.6081,47.1868
553.1176,116.9749,67.5738,47.0037
551.0576,116.9829,68.2835,46.9875
549.9176,117.1249,68.848,46.7037
548.7939,117.2359,69.3761,46.4817
547.8907,117.1547,69.4591,46.644
547.7373,117.9214,69.7658,46.838
546.7384,117.8144,70.0285,47.052
546.5745,117.6992,70.3564,47.2823
545.6698,117.6158,70.4142,47.4491
545.6344,117.5938,70.4851,47.4932
545.5471,117.5259,70.6596,47.629
545.4921,117.5133,70.7696,47.6542
545.4598,117.5186,70.8342,47.6436
545.4113,117.4875,70.9312,47.7057
545.3617,117.4291,71.0305,47.8225
545.3217,118.1685,71.1105,48.1143
545.3121,117.9501,71.1296,48.5512
545.3159,116.8407,71.1221,48.9856
546.423,116.6274,70.6993,49.4122
554.6021,115.6348,66.8871,51.3974
562.7894,128.2653,61.1191,57.9567
565.783,122.7655,55.1318,63.5987
568.7878,115.5085,50.903,67.4283
570.0218,108.8061,48.435,68.4295
570.9776,108.6325,46.5234,68.7767
571.7168,107.9249,45.045,68.4711
571.4649,108.2129,43.8571,67.8951
571.8674,107.1972,43.0518,66.5995
571.3854,107.8426,42.3854,65.3087
571.7244,108.5283,41.7075,63.9373
571.4442,108.9609,40.6995,63.0721
571.9957,115.0901,38.0582,66.1986
572.2298,115.6793,34.5076,71.1845
563.102,105.4767,38.7763,66.7241
553.1272,104.6344,44.6766,62.1645
548.6881,107.5045,50.3744,58.0145
545.4791,110.0651,55.1744,54.5111
543.5735,111.6338,58.9856,51.3738
542.1473,112.6971,61.838,49.2471
541.1567,111.7458,63.8192,47.838
540.3989,112.2503,65.3348,46.8289
540.6659,112.7459,66.4695,45.8379
540.3109,113.0962,67.1794,45.1373
540.0441,113.3236,67.713,44.6824
539.0261,113.4027,68.0808,44.5243
538.8947,113.4942,68.3437,44.3413
538.7665,113.4642,68.6,44.4013
538.6774,112.6398,68.7782,44.3733
538.6178,112.6063,68.8974,44.4403
538.6157,112.532,68.9015,44.5889
538.7563,112.1812,68.6203,45.2905
543.6339,111.3398,65.6335,46.9734
554.0208,125.7346,59.9403,53.3717
557.7409,123.6561,54.194,59.2226
560.5339,107.7878,52.0029,58.7079
562.6103,107.9735,51.1594,56.6817
562.7987,108.0889,50.7826,54.8414
562.9589,108.0912,50.4623,53.2621
563.1788,108.724,50.0223,51.9964
563.3649,108.3279,49.6502,51.2706
563.464,108.8229,49.4521,50.2808
563.6124,109.2011,49.1552,49.5244
563.7575,109.4487,48.865,49.0291
563.9209,109.5859,48.5381,48.7547
564.0128,109.6625,48.3545,48.6014
564.1089,109.7612,48.1622,48.404
564.1908,109.8894,47.9984,48.1477
564.254,109.1683,47.8719,48.1647
564.4156,109.1873,47.5489,48.1267
564.4538,108.5578,47.4726,47.9677
565.2688,108.7321,47.2566,47.6191
565.3906,108.8111,47.013,47.4612
565.5039,109.0247,46.7865,47.0339
565.6218,109.1095,46.5505,46.8644
565.7857,109.2229,46.2229,46.6377
566.7711,108.5973,45.6254,46.5152
567.5032,108.3908,44.1614,46.9281
567.6763,117.945,39.7775,52.0452
565.5245,108.7986,40.0141,51.3585
553.2545,105.9173,44.3201,47.6786
547.6917,106.3873,48.6449,44.0182
546.6726,107.945,52.0522,40.9027
545.2633,109.1591,54.8708,38.4745
544.9502,109.9975,56.8693,36.7978
544.8988,110.5874,58.3461,35.6179
545.3101,110.9658,58.8991,34.8612
545.0385,111.2152,59.4423,34.3624
544.824,111.3418,59.8712,34.1092
544.7009,111.4696,60.1174,33.8536
544.5167,111.6212,60.4858,33.5502
544.4363,111.7792,60.6467,33.2343
543.7393,111.8312,60.6725,33.1303
543.648,112.5328,60.8551,33.094
543.8756,112.5639,60.3997,33.0318
543.3615,112.6533,60.0669,32.8531
542.907,112.7309,59.6227,32.6978
542.9687,113.4007,59.4993,32.7022
542.3539,113.3942,59.3867,32.7151
541.7964,112.7622,59.1608,32.6383
540.4809,112.8958,59.1194,32.3712
539.8298,111.6327,59.0904,32.2354
541.3945,111.2751,58.6175,32.9505
552.2927,111.2536,55.4928,35.661
559.7539,117.3537,51.2443,40.8058
561.6691,124.3792,47.4139,45.7461
563.1102,119.0353,43.1538,50.9226
565.1652,117.7378,39.0439,56.3025
566.3328,113.0854,35.2999,61.3809
567.9485,113.073,32.0686,65.6746
569.2838,111.8103,29.3979,69.6311
570.3596,110.9245,27.2464,72.8451
571.2347,107.3465,25.4962,75.65
571.8102,107.9347,24.3451,77.3912
572.2257,109.2817,23.5142,79.0848
572.4358,106.7361,23.094,79.7625
572.5775,107.9183,22.8106,80.3439
573.4794,105.4258,22.4827,80.9014
573.5801,106.0002,22.2812,81.2302
574.3705,106.7778,22.1789,81.1534
574.3973,105.9622,22.1253,81.3091
575.1502,105.8869,22.0962,81.4598
575.194,107.1929,22.0086,81.8043
575.2947,105.5653,21.8072,82.0965
575.1121,105.6972,22.1723,81.8328
576.3925,105.7031,24.0664,80.3359
579.6438,96.6034,28.0578,74.5494
578.4303,98.3226,33.4637,69.6216
576.5502,101.523,38.7369,64.7339
575.7551,103.6016,43.3884,60.5767
574.5819,105.4249,47.2799,56.93
573.9746,106.8292,50.0461,54.1216
573.5239,107.9083,52.4994,51.9633
572.6731,108.6452,54.2009,50.4896
572.1693,109.161,55.2085,49.4579
572.5484,109.5915,56.0084,48.5969
573.0599,109.814,56.5416,48.1519
572.9376,110.7863,56.7861,47.7646
573.5938,110.9196,57.0287,47.498
573.5754,110.9593,57.0653,47.4186
574.2605,111.02,57.2484,47.2972
574.9772,111.0185,57.3692,47.3002
574.9509,111.0144,57.4218,47.3083
575.6291,111.1414,57.6224,47.0543
575.5528,111.1903,57.7749,46.9565
575.5342,111.2342,57.8121,46.8689
576.2596,111.2522,57.9171,46.8328
576.4191,111.259,57.5981,46.8191
576.5584,111.2505,57.3196,46.8361
576.8959,110.1558,55.0968,47.4779
574.9307,120.2843,49.8819,53.1323
575.6783,109.9873,46.8531,55.3225
568.1066,105.8094,49.8368,53.0384
563.6966,103.597,54.0624,49.8058
558.8954,105.7733,57.4813,46.9991
558.3244,106.826,60.1762,44.8939
558.0351,107.4662,62.3136,43.6134
557.9771,108.6708,63.9995,42.774
558.1447,109.6455,65.2451,42.4054
557.7703,109.7217,65.9938,42.2529
557.4712,109.5944,66.5921,42.5075
557.1966,109.4277,67.1414,42.8409
556.9625,109.9888,67.6095,43.3475
556.7,109.7541,68.1345,43.817
556.4108,109.5884,68.7129,44.1482
557.0802,109.4625,69.0484,44.4001
556.9607,110.0226,69.2873,44.9633
558.4883,109.9138,69.625,45.1809
558.4087,109.7339,69.7842,45.5406
558.4234,110.4236,69.7549,45.8749
558.4763,110.2279,69.6489,46.2663
558.554,110.057,69.4937,46.6081
558.6185,109.9263,69.3646,46.8696
559.6154,109.6917,69.1005,47.3387
564.5515,109.697,66.1629,49.0618
574.2743,123.6164,60.4635,55.5883
579.7921,124.9597,54.641,61.5903
583.8878,105.0549,53.4161,59.6015
584.527,105.4616,53.8288,57.097
585.1707,106.4058,54.1997,55.2085
585.1228,106.3073,54.2953,53.7714
585.1353,106.864,54.2703,52.6579
585.1933,106.5394,54.1544,51.7124
585.4138,106.9457,53.7134,50.8997
586.215,107.1496,53.669,50.492
586.9693,107.2912,53.7113,50.2087
587.6096,107.3051,53.9775,50.181
588.1991,107.2814,54.3492,50.2285
588.0941,107.2892,54.5592,50.2127
588.2394,107.3068,54.2685,50.1775
589.9422,107.2144,53.973,50.3624
590.6315,107.3043,54.1479,50.1827
591.1158,107.3365,54.7325,50.1181
591.7789,107.2809,54.9676,50.2294
593.1764,107.2592,55.3059,50.2728
593.6229,107.2434,55.9855,50.3043
594.8986,107.3613,56.6012,50.0685
595.0178,107.6381,57.9521,49.5149
595.4566,107.6949,58.6756,49.4014
596.1239,107.6388,58.9512,49.5135
597.6422,107.6115,59.147,49.5682
598.2368,107.0261,59.578,49.1188
598.8157,107.0768,60.0394,49.0175
599.4989,107.1533,60.298,48.8644
599.5136,107.1289,60.2687,48.9132
600.3704,107.0774,60.1816,49.0162
600.3872,107.1,60.1479,48.9711
601.125,107.1476,60.298,48.8758
601.0426,107.1789,60.4629,48.8133
601.8457,107.2124,60.4845,48.7462
601.873,107.2612,60.4299,48.6487
602.7185,107.243,60.3636,48.6851
602.7778,106.4525,60.2448,48.6417
603.5181,105.5094,58.7643,48.9061
600.5988,110.8349,53.3783,54.2903
602.9417,111.939,48.6925,60.1162
596.3181,100.9775,50.5735,57.6833
593.8527,99.3406,53.8885,54.4931
591.4076,101.4911,57.1606,51.8102
590.1076,102.9769,59.7606,50.4645
589.1331,104.1971,61.7097,49.6682
588.4453,103.5582,63.0853,49.2852
588.7597,103.6302,64.132,49.1411
589.1574,103.5895,65.0254,49.2226
588.7932,103.5796,65.7537,49.2424
588.5495,103.4747,66.2411,49.4521
588.3753,103.3472,66.5897,49.7073
588.2352,103.2117,66.8697,49.9782
588.1347,103.141,67.0709,50.1197
588.0181,103.0824,67.3039,50.2368
587.9635,103.0381,67.4131,50.3253
587.8912,103.0285,67.5578,50.3446
587.837,102.9774,67.6662,50.4468
587.8346,102.9858,67.671,50.4299
587.76,103.1644,67.8203,50.0728
586.8808,103.3271,67.8186,49.7475
586.9175,103.374,67.7452,49.6536
586.8905,103.4293,67.7993,49.543
586.9217,103.47,67.7368,49.4615
586.93,103.465,67.7202,49.4717
587.1333,103.3649,67.3135,49.6717
589.7285,102.9329,65.6145,50.5357
598.401,107.0423,60.41,54.4574
600.3209,112.9476,54.8515,59.8336
607.1909,99.0799,53.1334,58.3728
609.2322,98.7241,54.0527,55.7499
608.5867,99.7293,55.3437,53.7394
608.1184,100.402,56.2805,52.3941
607.7363,100.6977,57.0445,51.8026
606.8931,100.859,57.107,51.48
606.6892,100.9921,57.5147,51.2139
605.6701,101.0651,57.9312,51.0679
605.3333,101.1747,58.6049,50.8486
605.4688,101.2325,58.3337,50.7329
605.4397,101.2523,58.3919,50.6935
605.8084,100.2274,57.6545,51.1164
603.1474,100.2303,53.2424,54.3553
622.2578,96.7243,53.559,54.9444
589.7011,97.9938,57.1117,52.4054
587.4048,99.0377,60.0696,50.3177
587.0036,99.8697,62.5184,48.6536
586.2001,99.5644,64.1255,47.6077
586.3943,100.592,65.4006,47.2161
586.0277,100.7313,66.1338,46.9374
586.6152,100.8152,66.6413,46.7697
586.364,100.852,67.1436,46.696
586.2132,100.8743,67.4452,46.6515
586.1221,100.8411,67.6274,46.7178
586.8303,100.751,67.9123,46.8981
586.7445,100.6992,68.084,47.0017
586.6767,100.6119,68.2195,47.1761
586.5963,100.5398,68.3804,47.3205
586.426,100.521,68.721,47.358
586.332,100.4806,68.9089,47.4388
587.1261,100.3808,69.0532,47.6385
587.0648,100.2986,69.1758,47.8028
588.0118,100.0616,69.0243,48.2769
595.5603,99.4463,66.1649,49.5075
604.5506,111.2981,60.264,55.1402
607.856,97.8208,55.3806,57.911
616.1108,95.495,55.8259,55.7805
616.1416,96.521,57.4329,53.7286
616.252,97.3002,58.8732,52.1702
615.815,97.7627,59.7471,51.2451
616.2489,98.0615,60.5359,50.6475
616.8476,99.1699,60.9975,50.0898
616.815,99.2143,61.0627,50.0009
616.8609,99.2455,60.9709,49.9385
617.6714,99.2703,61.0039,49.889
617.6503,99.369,61.0459,49.6915
618.4433,99.5587,61.1113,49.3121
619.2121,99.6637,61.2196,49.1022
620.0954,99.774,61.0969,48.8815
620.9449,99.7933,61.0367,48.8429
621.8021,99.8666,60.9594,48.6964
622.608,99.9919,60.9809,48.4457
623.5193,100.0384,60.7882,48.3527
624.3862,99.3672,60.6795,48.0698
625.0956,99.3586,59.2608,48.087
622.7091,99.3232,54.4477,51.3532
641.6732,96.4569,55.9364,50.7791
617.8502,98.1085,55.8683,50.6569
610.7741,98.2062,58.9083,48.8739
609.4138,99.2026,61.6288,46.8813
608.3056,100.6534,63.8452,45.5935
608.2288,101.1769,65.6246,44.5465
608.3943,101.5251,66.9286,43.8501
608.7966,101.6296,67.7664,43.641
609.4256,102.3402,68.1602,43.8712
609.1762,102.2822,68.6589,43.9873
609.8497,102.0879,68.9824,44.376
610.4479,101.9937,69.4682,44.5643
611.1921,101.851,69.6721,44.8497
611.9996,101.5259,69.7573,45.4999
612.715,102.1296,70.0391,46.005
612.612,101.8949,70.2451,46.4744
612.6746,101.8087,70.1199,46.6468
612.5975,101.8254,70.2742,46.6134
612.5853,101.7044,70.2985,46.8554
612.5768,101.6276,70.3155,47.0091
613.4964,102.3491,70.2225,47.3123
614.2847,102.3578,70.396,47.2949
614.2168,102.3759,70.5317,47.2587
615.0244,102.3632,70.6701,47.2842
615.8473,102.3295,70.7806,47.3514
615.7635,102.2312,70.9482,47.5482
615.694,102.2171,71.0872,47.5763
615.6087,102.1845,71.2577,47.6415
616.5523,102.0185,71.1416,47.9735
620.8998,101.4287,69.5457,49.1532
630.5596,101.7902,64.3913,51.9715
655.0033,103.6389,64.205,53.492
637.5125,96.2682,60.438,54.143
641.3118,97.1046,59.6957,52.4701
642.0618,97.7498,59.8713,51.1797
642.0258,98.0957,59.9433,50.488
642.0363,98.3925,59.9223,49.8944
642.6851,98.6192,60.262,49.441
643.3648,98.8628,60.5376,48.9537
643.4114,98.9958,60.4444,48.6878
643.9739,99.1607,60.945,48.3579
644.737,99.249,61.0465,48.1814
645.5817,99.2581,60.9833,48.1632
646.3928,99.2166,60.9864,48.2461
647.262,99.2302,60.8746,48.2189
647.432,99.1865,60.5344,48.3064
648.1594,99.2486,60.7003,48.1821
648.8357,99.277,60.9689,48.1254
648.6748,99.2468,61.2907,48.1858
650.1663,99.2289,61.5681,48.2216
650.709,99.2332,62.1176,48.213
651.3102,99.1779,62.5583,48.3235
652.0689,99.1653,62.6925,48.3488
652.0757,99.1974,62.679,48.2846
653.2895,99.1513,61.9042,48.3767
651.3987,97.0747,57.4728,50.8873
653.8722,96.3088,54.1416,52.4192
672.7032,97.4018,53.026,53.4111
639.9238,97.8555,56.6775,50.9163
637.6919,99.5922,59.5371,49.047
637.9755,100.3451,62.205,47.5411
637.8751,100.7956,64.0393,46.6403
638.2151,101.6746,65.0054,46.5283
638.6474,101.7344,65.7997,46.4087
638.4041,101.6098,66.2862,46.658
639.7919,101.532,66.8708,46.8136
639.5433,101.4422,67.3681,46.9931
639.3146,101.4049,67.8254,47.0678
639.9883,101.2613,68.1881,47.3549
640.7021,101.9695,68.4808,47.6589
641.3973,101.7709,68.8202,48.056
641.1983,101.5741,69.2183,48.4497
641.9201,101.4041,69.5287,48.7896
642.6544,101.3169,69.8242,48.964
643.448,101.1648,70.0087,49.2682
643.5531,101.0613,69.7986,49.4751
648.2868,101.2157,67.4505,50.9462
659.1359,106.8999,61.6719,55.4975
662.0529,111.0408,55.8381,61.2551
669.2818,93.8328,55.4228,58.8094
669.4227,95.3036,56.8512,55.8678
669.666,96.3914,58.0508,53.6922
669.192,97.2347,58.9987,52.0057
668.7558,98.7467,59.8711,50.6391
668.4666,99.3328,60.4496,49.4669
668.523,99.6394,60.3368,48.8537
669.2526,99.7179,60.5041,48.6967
669.2806,99.846,60.4482,48.4405
669.3412,99.9368,60.3269,48.2587
670.031,100.0851,60.5641,47.9622
670.8548,100.0825,60.5319,47.9675
671.614,100.0821,60.6286,47.9681
671.7354,99.9483,60.3859,48.2359
672.663,100.6538,60.1478,48.4421
672.6974,100.7631,60.079,48.2236
672.7448,100.8062,59.9843,48.1372
674.2997,100.8497,60.0935,48.0503
675.0786,100.8419,60.1455,48.0659
675.0293,100.8236,60.2441,48.1024
675.9764,100.8599,59.9627,48.0298
677.1682,100.5622,57.5791,48.6252
674.2442,112.1158,52.3613,53.9729
675.3271,99.7411,50.1955,54.9343
665.9982,99.9511,53.1838,52.9475
661.1205,101.7057,56.6094,51.0207
660.4994,102.3499,59.4563,49.7323
661.0439,102.8272,61.6224,48.7777
661.1408,103.6033,63.0736,48.8703
662.2703,104.3309,64.1512,49.0836
661.8152,104.1489,65.0616,49.4477
662.2977,103.8924,65.8046,49.9606
661.9457,103.6904,66.5086,50.3646
661.6809,103.4269,67.0383,50.8916
661.5404,104.0287,67.3193,51.4498
661.3845,103.7558,67.6309,51.9955
662.1635,103.4973,67.862,52.5126
662.0706,103.2632,68.0477,52.9807
663.2767,103.8005,67.4468,53.7177
666.5124,103.1844,64.6043,54.9499
695.2704,105.7019,66.1951,55.2882
677.481,112.8511,59.8918,61.0202
680.161,99.0445,58.1627,59.5867
680.7794,100.3745,58.6916,56.9268
681.0559,101.4873,59.8703,54.7011
680.6568,102.2847,60.6684,53.1063
680.4149,102.8934,61.1523,51.889
680.3115,103.3494,61.359,50.9769
680.3114,102.8669,61.3592,50.265
680.5262,103.011,60.9296,49.9769
680.6278,103.0531,60.7265,49.8928
680.6636,102.1415,60.6547,50.0663
681.621,101.3581,60.3913,49.982
681.9414,101.5787,59.7505,49.5406
682.5229,101.7244,58.5875,49.2494
679.7225,99.8552,54.5498,51.3812
682.3201,111.198,49.3546,57.1123
676.4398,100.0084,50.0015,55.6763
667.4668,101.311,53.7677,53.0711
664.1875,103.1493,57.1392,50.988
663.5662,104.7437,59.9942,49.4115
662.5114,105.144,62.104,48.611
662.6422,105.1957,63.4918,48.5075
661.2159,105.2068,64.6755,48.4854
660.7755,105.0976,65.5564,48.7037
661.2576,104.9393,66.2953,49.0204
660.9454,104.7659,66.9197,49.3671
660.7065,105.2477,67.3975,50.1384
660.4455,104.9986,67.9196,50.6366
660.1965,104.8698,68.4176,50.894
659.1144,104.7161,68.7991,51.2015
660.0847,104.504,68.6521,51.6257
659.9715,104.3736,68.8785,51.8864
660.9491,104.2079,68.7291,52.2179
661.3522,103.8521,67.9229,52.9296
669.4747,103.9563,64.3386,54.5299
672.4348,116.1783,58.4186,60.3495
679.4446,99.6322,55.0892,61.3711
682.6216,97.7815,55.7163,58.0913
682.2008,99.2668,56.558,55.1208
681.1279,100.4276,57.034,52.7991
681.0452,101.4158,57.1995,50.8228
680.2013,102.1558,57.2766,49.3428
679.4556,102.7576,57.1802,48.1392
679.5446,103.1898,57.0023,47.2747
679.6101,103.4971,56.8713,46.6602
680.373,103.8147,56.8834,46.0249
680.414,103.9777,56.8015,45.699
680.4351,103.2898,56.7592,45.5535
681.1906,103.3888,56.7665,45.3555
681.133,103.4355,56.8815,45.2622
681.8517,103.4626,56.9594,45.2079
681.8584,103.5405,56.946,45.0523
681.7276,103.6297,57.2077,44.8737
682.3557,103.6463,57.4652,44.8406
683.1332,103.5959,57.4274,44.9414
683.1806,103.5865,57.3325,44.9601
683.9283,103.5594,57.3542,45.0144
684.6101,103.5638,57.5091,45.0056
685.2634,103.4145,57.7229,45.3042
686.8369,104.0588,57.6333,45.5443
687.4889,104.0161,57.8606,45.6297
688.8912,103.9286,58.1283,45.8047
690.3579,103.8673,58.2812,45.9273
690.7932,105.1765,58.958,46.4037
691.1084,106.81,59.893,46.2676
693.4989,108.5807,61.4217,45.881
693.6803,110.3235,62.653,45.5837
695.6837,112.0858,63.4694,45.2745
696.6474,112.3406,64.7716,44.765
698.7503,114.0927,65.4432,44.5125
699.9077,115.1271,66.3918,44.0752
701.9828,116.1281,67.1567,43.7116
702.4703,117.0963,67.8254,43.4188
704.7578,117.8324,68.1962,43.5954
706.9127,118.625,68.8577,43.6673
708.4636,119.4605,69.0922,43.6643
711.0459,121.7971,68.9425,44.0059
714.4537,123.4041,68.8274,44.1423
716.3159,125.8056,68.4546,44.3664
719.9531,128.0752,67.876,44.8492
723.2179,129.6371,68.0407,45.0726
724.2054,131.2278,67.7454,45.2506
726.3215,134.5767,66.87,45.2663
728.4524,136.0961,65.9393,45.5587
731.3721,137.6827,65.0695,45.6986
733.3642,140.1144,64.3774,45.773
736.0805,141.0183,63.855,45.6019
739.4805,142.7816,63.5591,45.3273
740.4648,145.1583,63.2077,45.4251
742.2938,145.9783,62.7765,45.3986
744.1026,148.3721,62.3721,45.4305
746.7065,148.5133,61.9671,45.1481
747.5499,149.3909,61.8703,44.9832
750.0794,150.2812,61.5693,44.7886
751.1687,151.8383,60.9688,44.8308
752.5993,153.2644,59.6777,45.1183
754.0515,154.0981,58.3284,45.0061
754.5738,155.6704,57.2838,44.9274
755.0161,157.2281,56.3991,44.8437
755.3144,157.1962,55.8026,44.9074
755.0276,157.01,54.8832,45.2798
752.2689,157.2689,54.46,46.2472
747.7672,160.7262,54.4966,46.8048
742.3523,161.1247,54.7978,47.512
737.0146,165.3041,54.8321,48.2741
730.9664,165.0316,54.664,48.8191
724.0067,167.155,54.7302,49.1902
712.4641,170.3095,54.6212,49.0662
702.0923,175.8293,55.311,48.8249
694.6522,182.3555,57.7967,48.1669
688.0584,189.3117,59.9477,48.4447
686.6579,196.5334,61.1346,48.5274
685.7587,201.1951,61.2997,49.0043
687.8699,201.944,62.0082,49.1503
689.5786,201.6271,61.9048,49.7842
691.2153,200.1866,61.9627,49.3337
693.2555,196.293,62.8599,48.825
693.7882,195.8032,63.4591,48.1401
699.176,190.8922,64.3189,47.9888
702.2756,189.3851,64.8106,47.6574
708.0542,183.8741,63.3012,48.6319
722.2675,183.1062,61.5618,50.1676
731.3663,182.5058,60.0316,53.0351
746.9462,173.2954,59.2905,56.2466
738.3542,171.8897,59.1735,59.058
730.0591,170.1242,59.8061,60.816
723.6234,168.5692,60.0017,62.1151
718.1462,167.1501,59.9493,63.1188
717.2377,161.1348,59.9167,64.0526
713.7158,160.84,59.5059,64.6422
711.5894,159.4877,58.1594,65.4804
709.1663,157.1321,57.4309,66.4751
709.1874,155.665,57.3888,67.5471
708.8134,154.3101,58.1368,68.3788
706.6765,152.9377,58.6046,69.2206
702.8505,152.4592,58.5621,70.1775
702.3032,152.121,59.6568,70.854
702.8178,152.8368,60.5933,71.3881
708.2449,152.672,61.6732,71.7178
712.3837,152.4072,61.4411,72.2473
721.3527,148.0085,59.6306,72.9811
726.3707,145.6278,57.5876,73.746
729.7807,144.6191,54.7219,75.7632
731.0391,140.4063,52.205,76.3432
2
0
0
0
0
1
739.494,208.348,24.046,49.5313
738.6345,205.619,25.7651,48.653
733.882,204.8848,27.762,46.9036
730.2368,203.132,28.5707,46.088
726.8905,200.3701,28.774,46.204
2
0
0
0
0
1
737.4411,173.5796,19.8182,55.2881
733.2849,170.5226,20.6762,55.0126
726.3845,170.2446,21.5601,54.492
720.0258,169.394,22.3462,54.024
715.8359,166.8509,23.083,53.6509
715.7866,164.8893,24.2809,53.1765
713.034,164.5459,25.3324,52.7498
710.2797,164.6153,26.3392,52.6111
707.5378,163.471,27.2599,52.6181
705.4211,162.3379,28.0233,52.5709
702.3797,161.7149,28.2612,52.6479
701.656,159.947,28.5345,52.6613
698.132,159.865,28.5086,52.8253
695.1653,159.1277,28.537,53.1189
692.2467,159.5339,28.4453,53.4924
692.2773,159.8976,28.384,53.9548
691.7812,162.0722,28.1806,54.3878
687.9928,166.684,27.3681,54.752
685.5153,174.2581,26.3734,55.073
681.8558,183.5458,25.45,55.3373
679.9962,197.0155,24.5077,55.2007
675.7793,216.2521,23.7664,55.7225
671.3405,237.4012,23.5119,55.6594
665.6812,259.888,24.6058,53.8574
660.6981,270.424,27.7977,50.8503
659.3775,271.3267,30.4389,49.0449
652.9406,272.7137,32.8991,47.4279
649.5803,273.7601,34.9268,46.5083
