288.0,143.0,35.0,42.0
290.0,143.0,34.0,42.0
292.0,142.0,34.0,42.0
294.0,142.0,34.0,42.0
296.0,142.0,34.0,42.0
297.0,141.0,34.0,42.0
297.0,140.0,34.0,42.0
298.0,141.0,34.0,42.0
298.0,140.0,34.0,42.0
299.0,141.0,34.0,42.0
299.0,141.0,34.0,42.0
299.0,143.0,34.0,42.0
299.0,143.0,34.0,42.0
298.0,142.0,34.0,42.0
297.0,142.0,34.0,42.0
297.0,142.0,34.0,42.0
298.0,142.0,34.0,42.0
298.0,143.0,34.0,42.0
298.0,142.0,34.0,42.0
297.0,144.0,34.0,42.0
298.0,146.0,34.0,42.0
297.0,146.0,34.0,42.0
297.0,148.0,34.0,42.0
296.0,148.0,34.0,42.0
294.0,148.0,34.0,42.0
293.0,149.0,34.0,42.0
293.0,149.0,34.0,42.0
294.0,149.0,34.0,41.0
293.0,150.0,34.0,42.0
291.0,150.0,34.0,41.0
291.0,150.0,34.0,42.0
292.0,151.0,34.0,42.0
292.0,151.0,34.0,41.0
292.0,151.0,34.0,41.0
293.0,150.0,34.0,41.0
293.0,148.0,34.0,41.0
293.0,149.0,34.0,41.0
294.0,149.0,34.0,41.0
295.0,148.0,34.0,41.0
295.0,148.0,34.0,41.0
295.0,148.0,34.0,41.0
296.0,149.0,34.0,41.0
296.0,148.0,34.0,41.0
296.0,148.0,34.0,41.0
296.0,149.0,34.0,41.0
296.0,148.0,34.0,41.0
295.0,148.0,34.0,41.0
294.0,148.0,33.0,41.0
293.0,149.0,33.0,41.0
292.0,150.0,33.0,41.0
291.0,151.0,33.0,41.0
291.0,151.0,33.0,41.0
291.0,151.0,34.0,41.0
291.0,152.0,33.0,41.0
291.0,152.0,34.0,41.0
291.0,152.0,34.0,41.0
290.0,154.0,34.0,41.0
290.0,155.0,34.0,41.0
290.0,156.0,34.0,41.0
291.0,155.0,34.0,41.0
291.0,156.0,34.0,41.0
291.0,156.0,34.0,41.0
291.0,156.0,34.0,41.0
291.0,156.0,34.0,41.0
292.0,155.0,34.0,41.0
293.0,155.0,34.0,41.0
294.0,155.0,33.0,41.0
295.0,155.0,33.0,42.0
296.0,155.0,34.0,42.0
297.0,155.0,33.0,42.0
298.0,156.0,33.0,42.0
300.0,156.0,33.0,43.0
301.0,157.0,33.0,43.0
304.0,157.0,33.0,43.0
307.0,159.0,33.0,43.0
310.0,162.0,33.0,43.0
314.0,166.0,33.0,42.0
316.0,171.0,33.0,42.0
317.0,179.0,33.0,42.0
318.0,184.0,33.0,42.0
320.0,190.0,34.0,42.0
319.0,195.0,33.0,42.0
317.0,198.0,33.0,42.0
314.0,201.0,33.0,41.0
311.0,205.0,33.0,41.0
307.0,205.0,34.0,41.0
301.0,204.0,34.0,42.0
296.0,200.0,34.0,42.0
292.0,193.0,35.0,42.0
288.0,185.0,35.0,43.0
284.0,173.0,35.0,43.0
281.0,163.0,35.0,44.0
280.0,152.0,35.0,43.0
281.0,146.0,35.0,44.0
282.0,139.0,35.0,44.0
283.0,133.0,35.0,45.0
284.0,131.0,35.0,45.0
286.0,130.0,35.0,45.0
288.0,131.0,35.0,45.0
290.0,136.0,35.0,44.0
292.0,141.0,35.0,44.0
294.0,150.0,35.0,44.0
297.0,160.0,35.0,44.0
301.0,171.0,35.0,43.0
302.0,185.0,35.0,43.0
302.0,194.0,35.0,43.0
301.0,197.0,35.0,43.0
298.0,199.0,35.0,43.0
294.0,195.0,35.0,43.0
288.0,188.0,35.0,44.0
279.0,181.0,35.0,44.0
271.0,172.0,35.0,44.0
265.0,165.0,36.0,45.0
255.0,163.0,37.0,44.0
249.0,161.0,37.0,45.0
244.0,161.0,37.0,45.0
240.0,160.0,38.0,45.0
238.0,161.0,38.0,46.0
236.0,167.0,38.0,46.0
237.0,173.0,38.0,46.0
239.0,178.0,38.0,46.0
242.0,179.0,37.0,46.0
246.0,177.0,37.0,47.0
250.0,169.0,38.0,46.0
261.0,161.0,38.0,46.0
271.0,152.0,38.0,46.0
280.0,145.0,38.0,46.0
286.0,143.0,38.0,45.0
296.0,142.0,38.0,45.0
302.0,141.0,38.0,45.0
308.0,142.0,38.0,45.0
314.0,144.0,37.0,45.0
320.0,150.0,38.0,45.0
324.0,159.0,38.0,45.0
327.0,169.0,38.0,45.0
329.0,180.0,37.0,46.0
329.0,186.0,37.0,46.0
327.0,191.0,37.0,46.0
325.0,194.0,36.0,46.0
323.0,191.0,36.0,47.0
319.0,185.0,37.0,47.0
313.0,178.0,37.0,47.0
307.0,169.0,37.0,47.0
302.0,160.0,37.0,47.0
298.0,151.0,37.0,47.0
293.0,145.0,38.0,47.0
289.0,142.0,38.0,47.0
284.0,139.0,37.0,48.0
281.0,141.0,38.0,48.0
278.0,142.0,38.0,47.0
274.0,146.0,38.0,47.0
272.0,151.0,38.0,47.0
271.0,162.0,38.0,47.0
270.0,167.0,37.0,47.0
269.0,171.0,37.0,47.0
267.0,172.0,37.0,47.0
266.0,170.0,37.0,47.0
264.0,167.0,37.0,47.0
261.0,164.0,37.0,47.0
259.0,161.0,37.0,47.0
254.0,156.0,37.0,47.0
254.0,154.0,37.0,48.0
255.0,153.0,36.0,48.0
257.0,152.0,36.0,47.0
258.0,154.0,36.0,47.0
261.0,158.0,36.0,47.0
262.0,162.0,36.0,46.0
263.0,167.0,36.0,46.0
264.0,176.0,36.0,45.0
266.0,181.0,35.0,45.0
266.0,188.0,35.0,45.0
268.0,191.0,34.0,45.0
267.0,188.0,35.0,44.0
266.0,183.0,34.0,44.0
266.0,174.0,34.0,45.0
267.0,169.0,34.0,44.0
270.0,165.0,35.0,44.0
272.0,162.0,34.0,44.0
277.0,160.0,34.0,44.0
283.0,159.0,34.0,45.0
290.0,160.0,34.0,44.0
299.0,163.0,34.0,44.0
305.0,166.0,34.0,44.0
311.0,170.0,34.0,43.0
314.0,172.0,34.0,43.0
316.0,172.0,35.0,43.0
314.0,171.0,35.0,43.0
311.0,169.0,35.0,43.0
307.0,171.0,35.0,43.0
303.0,176.0,35.0,43.0
300.0,180.0,35.0,43.0
298.0,189.0,35.0,43.0
296.0,195.0,35.0,43.0
291.0,203.0,35.0,43.0
284.0,208.0,35.0,43.0
276.0,209.0,36.0,43.0
269.0,205.0,35.0,44.0
265.0,197.0,36.0,45.0
264.0,188.0,36.0,45.0
266.0,181.0,36.0,46.0
270.0,174.0,36.0,46.0
275.0,169.0,36.0,45.0
285.0,168.0,36.0,45.0
293.0,169.0,36.0,45.0
302.0,175.0,35.0,45.0
311.0,181.0,34.0,46.0
318.0,189.0,34.0,46.0
318.0,195.0,34.0,45.0
316.0,201.0,34.0,45.0
314.0,203.0,34.0,45.0
309.0,201.0,35.0,45.0
302.0,197.0,35.0,45.0
292.0,191.0,36.0,45.0
282.0,186.0,36.0,45.0
273.0,184.0,36.0,45.0
269.0,183.0,36.0,46.0
264.0,183.0,37.0,46.0
261.0,187.0,37.0,45.0
260.0,188.0,37.0,45.0
262.0,189.0,37.0,45.0
266.0,187.0,37.0,45.0
269.0,182.0,37.0,45.0
277.0,178.0,37.0,45.0
282.0,175.0,38.0,45.0
285.0,175.0,38.0,45.0
286.0,175.0,38.0,46.0
286.0,177.0,38.0,46.0
285.0,180.0,38.0,45.0
287.0,183.0,38.0,44.0
286.0,183.0,37.0,45.0
282.0,182.0,37.0,44.0
278.0,177.0,37.0,45.0
273.0,169.0,37.0,45.0
269.0,161.0,36.0,46.0
264.0,155.0,36.0,45.0
258.0,151.0,37.0,45.0
255.0,151.0,36.0,44.0
251.0,151.0,36.0,44.0
248.0,153.0,36.0,44.0
244.0,158.0,36.0,43.0
242.0,161.0,35.0,43.0
239.0,168.0,35.0,43.0
238.0,173.0,35.0,43.0
239.0,174.0,35.0,43.0
242.0,173.0,35.0,42.0
244.0,170.0,35.0,42.0
248.0,163.0,34.0,42.0
253.0,159.0,34.0,42.0
259.0,154.0,34.0,43.0
265.0,151.0,33.0,42.0
270.0,149.0,33.0,42.0
277.0,148.0,33.0,41.0
282.0,148.0,33.0,41.0
286.0,148.0,33.0,41.0
286.0,149.0,33.0,40.0
285.0,152.0,32.0,40.0
282.0,153.0,32.0,40.0
277.0,150.0,32.0,40.0
270.0,144.0,32.0,39.0
266.0,138.0,31.0,39.0
261.0,132.0,31.0,39.0
252.0,128.0,31.0,40.0
243.0,126.0,31.0,39.0
230.0,130.0,31.0,39.0
212.0,140.0,32.0,39.0
194.0,149.0,32.0,38.0
181.0,160.0,32.0,38.0
169.0,176.0,32.0,37.0
163.0,188.0,32.0,37.0
166.0,196.0,31.0,38.0
168.0,203.0,31.0,37.0
168.0,206.0,31.0,37.0
170.0,203.0,30.0,38.0
171.0,198.0,31.0,38.0
172.0,193.0,30.0,39.0
176.0,186.0,30.0,39.0
182.0,180.0,30.0,39.0
187.0,178.0,30.0,39.0
191.0,178.0,30.0,39.0
198.0,180.0,30.0,39.0
203.0,187.0,30.0,39.0
204.0,192.0,30.0,39.0
205.0,198.0,30.0,39.0
208.0,203.0,30.0,39.0
215.0,209.0,30.0,39.0
216.0,215.0,30.0,39.0
210.0,220.0,30.0,39.0
206.0,223.0,30.0,39.0
204.0,222.0,30.0,40.0
203.0,217.0,31.0,40.0
204.0,211.0,31.0,41.0
205.0,208.0,32.0,41.0
204.0,207.0,32.0,41.0
207.0,208.0,33.0,41.0
207.0,209.0,33.0,41.0
206.0,213.0,33.0,42.0
204.0,217.0,33.0,41.0
204.0,221.0,33.0,41.0
204.0,222.0,33.0,41.0
202.0,218.0,33.0,42.0
201.0,213.0,34.0,42.0
202.0,204.0,34.0,42.0
202.0,199.0,34.0,42.0
202.0,195.0,34.0,42.0
201.0,192.0,34.0,42.0
199.0,192.0,34.0,43.0
199.0,193.0,34.0,43.0
200.0,196.0,34.0,43.0
199.0,200.0,34.0,43.0
199.0,204.0,34.0,43.0
198.0,209.0,34.0,43.0
198.0,207.0,34.0,43.0
199.0,203.0,35.0,43.0
201.0,198.0,34.0,44.0
202.0,194.0,34.0,44.0
202.0,192.0,34.0,44.0
202.0,193.0,35.0,44.0
202.0,194.0,35.0,44.0
200.0,197.0,35.0,44.0
201.0,201.0,35.0,44.0
202.0,205.0,35.0,44.0
201.0,211.0,35.0,43.0
199.0,219.0,34.0,43.0
198.0,223.0,34.0,43.0
198.0,222.0,34.0,43.0
199.0,218.0,34.0,43.0
199.0,210.0,34.0,43.0
198.0,202.0,34.0,43.0
196.0,195.0,34.0,43.0
192.0,189.0,33.0,43.0
185.0,186.0,33.0,43.0
179.0,185.0,34.0,42.0
179.0,184.0,34.0,42.0
177.0,185.0,34.0,41.0
174.0,190.0,33.0,41.0
169.0,198.0,33.0,41.0
168.0,203.0,33.0,41.0
169.0,208.0,33.0,41.0
169.0,214.0,33.0,40.0
170.0,214.0,33.0,40.0
172.0,211.0,33.0,40.0
174.0,207.0,33.0,40.0
174.0,207.0,32.0,41.0
177.0,207.0,33.0,41.0
181.0,207.0,32.0,41.0
188.0,210.0,32.0,41.0
193.0,214.0,32.0,41.0
199.0,218.0,32.0,40.0
209.0,222.0,32.0,40.0
221.0,226.0,32.0,40.0
230.0,230.0,31.0,40.0
239.0,226.0,31.0,40.0
252.0,217.0,31.0,39.0
259.0,206.0,31.0,39.0
267.0,198.0,31.0,40.0
276.0,192.0,31.0,40.0
285.0,189.0,31.0,40.0
293.0,187.0,31.0,40.0
296.0,188.0,31.0,40.0
297.0,193.0,32.0,40.0
295.0,198.0,32.0,39.0
292.0,207.0,32.0,40.0
287.0,216.0,32.0,40.0
280.0,225.0,32.0,39.0
271.0,229.0,32.0,39.0
257.0,231.0,32.0,39.0
242.0,231.0,32.0,39.0
223.0,234.0,32.0,39.0
209.0,238.0,32.0,39.0
200.0,240.0,32.0,39.0
194.0,242.0,32.0,39.0
189.0,244.0,32.0,39.0
178.0,244.0,32.0,39.0
165.0,239.0,32.0,39.0
158.0,231.0,32.0,39.0
158.0,221.0,32.0,40.0
162.0,207.0,33.0,41.0
169.0,197.0,33.0,41.0
179.0,195.0,33.0,41.0
189.0,196.0,33.0,41.0
198.0,201.0,33.0,41.0
211.0,209.0,33.0,40.0
224.0,222.0,33.0,40.0
237.0,232.0,34.0,39.0
251.0,245.0,33.0,39.0
265.0,252.0,33.0,39.0
279.0,255.0,33.0,40.0
289.0,254.0,32.0,40.0
303.0,250.0,32.0,40.0
317.0,245.0,31.0,40.0
334.0,238.0,31.0,40.0
348.0,235.0,31.0,40.0
361.0,233.0,31.0,40.0
370.0,231.0,31.0,40.0
375.0,232.0,31.0,40.0
376.0,233.0,31.0,40.0
371.0,234.0,30.0,40.0
363.0,235.0,31.0,39.0
347.0,243.0,32.0,38.0
329.0,251.0,32.0,38.0
307.0,257.0,32.0,38.0
289.0,260.0,32.0,38.0
271.0,259.0,31.0,38.0
254.0,253.0,32.0,38.0
238.0,246.0,32.0,38.0
224.0,240.0,32.0,37.0
211.0,235.0,32.0,38.0
202.0,230.0,32.0,38.0
198.0,224.0,32.0,39.0
196.0,221.0,32.0,39.0
197.0,220.0,33.0,39.0
200.0,219.0,32.0,40.0
207.0,219.0,32.0,40.0
213.0,221.0,31.0,40.0
221.0,221.0,31.0,40.0
233.0,219.0,31.0,39.0
249.0,214.0,31.0,39.0
259.0,208.0,31.0,39.0
268.0,202.0,31.0,38.0
276.0,197.0,31.0,38.0
286.0,192.0,31.0,38.0
294.0,191.0,31.0,38.0
300.0,192.0,31.0,38.0
308.0,197.0,31.0,38.0
314.0,202.0,31.0,38.0
322.0,209.0,31.0,38.0
329.0,220.0,31.0,38.0
335.0,228.0,32.0,37.0
342.0,236.0,32.0,37.0
346.0,239.0,32.0,37.0
349.0,237.0,32.0,37.0
354.0,233.0,31.0,38.0
357.0,228.0,31.0,39.0
355.0,222.0,31.0,40.0
355.0,217.0,32.0,41.0
352.0,213.0,32.0,41.0
348.0,211.0,32.0,42.0
339.0,211.0,33.0,42.0
331.0,212.0,33.0,42.0
320.0,219.0,33.0,42.0
307.0,228.0,33.0,42.0
297.0,239.0,34.0,42.0
287.0,245.0,34.0,42.0
273.0,245.0,34.0,43.0
261.0,240.0,34.0,43.0
248.0,233.0,34.0,44.0
238.0,226.0,35.0,44.0
228.0,222.0,35.0,45.0
216.0,215.0,36.0,45.0
206.0,214.0,37.0,46.0
197.0,212.0,37.0,46.0
189.0,209.0,37.0,47.0
186.0,209.0,38.0,47.0
183.0,208.0,38.0,48.0
186.0,204.0,38.0,48.0
190.0,200.0,38.0,48.0
197.0,189.0,38.0,49.0
210.0,178.0,39.0,49.0
225.0,172.0,39.0,49.0
237.0,169.0,39.0,49.0
255.0,170.0,39.0,48.0
267.0,175.0,40.0,48.0
275.0,181.0,40.0,47.0
283.0,187.0,40.0,47.0
290.0,193.0,40.0,47.0
291.0,199.0,39.0,47.0
293.0,204.0,39.0,48.0
292.0,203.0,39.0,48.0
288.0,198.0,39.0,49.0
284.0,188.0,39.0,49.0
281.0,178.0,40.0,49.0
279.0,171.0,41.0,49.0
275.0,166.0,41.0,50.0
270.0,165.0,41.0,50.0
266.0,168.0,41.0,49.0
265.0,172.0,41.0,49.0
265.0,178.0,41.0,49.0
268.0,183.0,40.0,49.0
273.0,191.0,39.0,48.0
277.0,202.0,39.0,48.0
278.0,211.0,39.0,47.0
279.0,215.0,38.0,47.0
281.0,214.0,39.0,46.0
284.0,205.0,39.0,47.0
288.0,192.0,39.0,46.0
291.0,178.0,39.0,46.0
292.0,169.0,38.0,47.0
291.0,160.0,38.0,47.0
288.0,152.0,38.0,46.0
289.0,143.0,38.0,46.0
288.0,138.0,38.0,45.0
283.0,137.0,38.0,45.0
277.0,138.0,38.0,45.0
270.0,139.0,38.0,45.0
264.0,141.0,37.0,45.0
257.0,145.0,37.0,45.0
253.0,148.0,36.0,44.0
249.0,150.0,36.0,44.0
243.0,156.0,36.0,44.0
237.0,161.0,36.0,44.0
229.0,170.0,36.0,44.0
225.0,180.0,36.0,43.0
219.0,188.0,36.0,43.0
216.0,194.0,36.0,43.0
215.0,199.0,36.0,43.0
214.0,200.0,35.0,43.0
216.0,198.0,35.0,43.0
222.0,190.0,35.0,44.0
229.0,178.0,35.0,44.0
238.0,162.0,35.0,45.0
240.0,149.0,34.0,45.0
238.0,137.0,35.0,45.0
237.0,129.0,35.0,45.0
238.0,124.0,35.0,46.0
237.0,122.0,36.0,45.0
237.0,122.0,35.0,45.0
234.0,128.0,35.0,44.0
230.0,137.0,36.0,44.0
229.0,147.0,36.0,43.0
230.0,157.0,36.0,43.0
232.0,168.0,36.0,42.0
234.0,179.0,36.0,42.0
235.0,188.0,35.0,42.0
236.0,191.0,35.0,42.0
234.0,191.0,35.0,42.0
230.0,189.0,34.0,42.0
221.0,183.0,34.0,42.0
218.0,175.0,34.0,42.0
214.0,171.0,34.0,43.0
206.0,170.0,33.0,43.0
200.0,171.0,33.0,42.0
199.0,174.0,33.0,42.0
199.0,176.0,32.0,42.0
198.0,181.0,32.0,42.0
196.0,187.0,32.0,42.0
196.0,194.0,32.0,42.0
197.0,196.0,32.0,42.0
199.0,196.0,32.0,42.0
199.0,191.0,32.0,42.0
200.0,184.0,32.0,42.0
205.0,175.0,32.0,42.0
209.0,169.0,33.0,41.0
212.0,165.0,33.0,41.0
216.0,165.0,33.0,41.0
219.0,165.0,33.0,41.0
225.0,169.0,33.0,41.0
227.0,173.0,33.0,40.0
228.0,181.0,32.0,41.0
229.0,186.0,32.0,40.0
231.0,195.0,32.0,40.0
229.0,202.0,32.0,40.0
224.0,210.0,32.0,40.0
220.0,213.0,32.0,39.0
218.0,213.0,32.0,39.0
215.0,209.0,32.0,40.0
212.0,201.0,32.0,39.0
212.0,190.0,32.0,40.0
212.0,180.0,32.0,41.0
212.0,171.0,33.0,41.0
211.0,161.0,33.0,41.0
207.0,156.0,34.0,41.0
203.0,150.0,34.0,41.0
199.0,148.0,34.0,41.0
197.0,148.0,35.0,41.0
197.0,150.0,35.0,41.0
197.0,154.0,34.0,41.0
197.0,161.0,34.0,42.0
200.0,168.0,34.0,42.0
203.0,176.0,33.0,43.0
207.0,187.0,33.0,44.0
212.0,194.0,33.0,44.0
214.0,197.0,33.0,44.0
216.0,197.0,34.0,44.0
219.0,191.0,34.0,44.0
224.0,180.0,35.0,44.0
226.0,166.0,36.0,44.0
230.0,153.0,36.0,44.0
240.0,143.0,36.0,45.0
248.0,134.0,36.0,45.0
253.0,126.0,37.0,45.0
255.0,119.0,37.0,46.0
259.0,118.0,37.0,46.0
269.0,112.0,37.0,46.0
273.0,109.0,37.0,47.0
273.0,113.0,38.0,46.0
271.0,120.0,39.0,47.0
271.0,129.0,38.0,47.0
270.0,144.0,39.0,47.0
267.0,159.0,39.0,48.0
264.0,170.0,40.0,47.0
263.0,180.0,39.0,48.0
257.0,182.0,39.0,49.0
253.0,182.0,40.0,49.0
253.0,172.0,40.0,51.0
250.0,163.0,40.0,53.0
247.0,158.0,41.0,54.0
248.0,147.0,41.0,54.0
253.0,142.0,42.0,55.0
255.0,137.0,43.0,56.0
259.0,133.0,43.0,57.0
263.0,133.0,44.0,57.0
268.0,136.0,44.0,58.0
