70.0,51.0,107.0,87.0
67.0,53.0,107.0,87.0
67.0,51.0,107.0,88.0
69.0,52.0,107.0,88.0
66.0,51.0,107.0,88.0
67.0,51.0,107.0,89.0
67.0,51.0,108.0,88.0
63.0,51.0,107.0,89.0
63.0,52.0,107.0,91.0
63.0,50.0,107.0,91.0
62.0,51.0,107.0,91.0
61.0,51.0,108.0,92.0
62.0,51.0,108.0,93.0
62.0,48.0,108.0,93.0
60.0,49.0,109.0,93.0
61.0,49.0,109.0,94.0
60.0,49.0,110.0,93.0
59.0,47.0,110.0,94.0
59.0,50.0,111.0,93.0
58.0,49.0,111.0,93.0
58.0,49.0,112.0,93.0
59.0,47.0,111.0,94.0
57.0,49.0,111.0,93.0
58.0,50.0,111.0,93.0
56.0,49.0,112.0,94.0
56.0,49.0,112.0,94.0
56.0,47.0,112.0,95.0
55.0,48.0,113.0,93.0
55.0,48.0,113.0,93.0
55.0,48.0,113.0,93.0
56.0,49.0,112.0,95.0
55.0,48.0,112.0,94.0
55.0,46.0,112.0,94.0
56.0,47.0,111.0,95.0
55.0,46.0,112.0,94.0
57.0,47.0,112.0,95.0
53.0,46.0,113.0,95.0
56.0,45.0,111.0,96.0
58.0,48.0,110.0,96.0
55.0,47.0,112.0,94.0
58.0,46.0,111.0,95.0
58.0,47.0,111.0,95.0
54.0,46.0,112.0,95.0
57.0,49.0,112.0,94.0
57.0,47.0,112.0,94.0
57.0,47.0,111.0,94.0
59.0,49.0,111.0,94.0
60.0,48.0,110.0,94.0
59.0,48.0,109.0,95.0
61.0,47.0,108.0,95.0
61.0,48.0,109.0,94.0
61.0,50.0,110.0,92.0
62.0,49.0,108.0,93.0
61.0,52.0,107.0,93.0
62.0,51.0,107.0,93.0
62.0,52.0,108.0,92.0
62.0,52.0,108.0,92.0
62.0,52.0,109.0,91.0
61.0,54.0,107.0,92.0
63.0,52.0,107.0,92.0
63.0,49.0,107.0,92.0
62.0,53.0,106.0,93.0
63.0,52.0,105.0,92.0
65.0,52.0,106.0,92.0
63.0,50.0,106.0,92.0
63.0,51.0,107.0,92.0
63.0,50.0,107.0,91.0
63.0,49.0,106.0,92.0
63.0,51.0,106.0,91.0
64.0,50.0,106.0,91.0
63.0,50.0,106.0,91.0
65.0,50.0,106.0,91.0
63.0,47.0,105.0,90.0
64.0,49.0,105.0,91.0
65.0,48.0,104.0,91.0
64.0,46.0,105.0,90.0
64.0,51.0,105.0,90.0
64.0,48.0,106.0,89.0
63.0,50.0,105.0,89.0
62.0,49.0,105.0,90.0
62.0,51.0,105.0,89.0
64.0,50.0,104.0,90.0
63.0,50.0,103.0,90.0
64.0,50.0,102.0,91.0
62.0,51.0,104.0,89.0
63.0,50.0,104.0,89.0
62.0,52.0,102.0,90.0
62.0,52.0,103.0,89.0
64.0,52.0,102.0,89.0
63.0,52.0,101.0,90.0
63.0,53.0,102.0,89.0
65.0,53.0,102.0,89.0
62.0,52.0,102.0,89.0
66.0,53.0,101.0,89.0
63.0,52.0,103.0,88.0
62.0,53.0,103.0,87.0
64.0,52.0,102.0,88.0
64.0,51.0,103.0,88.0
65.0,53.0,102.0,88.0
66.0,52.0,102.0,88.0
64.0,52.0,103.0,87.0
64.0,51.0,102.0,87.0
66.0,51.0,102.0,87.0
66.0,49.0,102.0,87.0
69.0,51.0,101.0,87.0
69.0,50.0,101.0,88.0
70.0,49.0,100.0,88.0
70.0,51.0,100.0,87.0
68.0,48.0,101.0,87.0
72.0,53.0,100.0,86.0
69.0,50.0,101.0,85.0
70.0,50.0,100.0,85.0
71.0,54.0,100.0,85.0
69.0,50.0,100.0,85.0
71.0,51.0,100.0,85.0
70.0,52.0,100.0,85.0
70.0,53.0,99.0,85.0
73.0,52.0,99.0,85.0
71.0,56.0,99.0,84.0
73.0,55.0,100.0,84.0
73.0,56.0,99.0,83.0
72.0,57.0,100.0,83.0
73.0,56.0,99.0,83.0
74.0,56.0,98.0,84.0
74.0,58.0,97.0,84.0
74.0,58.0,98.0,83.0
75.0,57.0,97.0,83.0
77.0,61.0,97.0,83.0
76.0,59.0,97.0,83.0
76.0,63.0,98.0,82.0
77.0,61.0,98.0,82.0
79.0,61.0,97.0,83.0
79.0,60.0,97.0,83.0
79.0,59.0,97.0,83.0
80.0,58.0,98.0,82.0
80.0,57.0,98.0,82.0
81.0,55.0,97.0,82.0
80.0,56.0,97.0,82.0
81.0,54.0,97.0,82.0
82.0,53.0,97.0,81.0
81.0,53.0,97.0,81.0
83.0,51.0,97.0,81.0
84.0,51.0,96.0,81.0
85.0,52.0,95.0,81.0
87.0,50.0,94.0,82.0
88.0,51.0,95.0,81.0
88.0,49.0,95.0,80.0
86.0,49.0,96.0,80.0
88.0,50.0,95.0,80.0
90.0,48.0,95.0,79.0
89.0,49.0,95.0,79.0
90.0,49.0,95.0,79.0
91.0,48.0,96.0,78.0
91.0,52.0,96.0,78.0
92.0,52.0,96.0,77.0
92.0,53.0,95.0,77.0
92.0,54.0,96.0,77.0
93.0,54.0,95.0,77.0
96.0,56.0,94.0,78.0
97.0,54.0,94.0,77.0
96.0,56.0,94.0,77.0
95.0,55.0,95.0,76.0
98.0,57.0,95.0,76.0
96.0,57.0,94.0,77.0
98.0,56.0,94.0,77.0
98.0,57.0,94.0,77.0
99.0,57.0,93.0,77.0
103.0,58.0,92.0,78.0
101.0,58.0,91.0,78.0
103.0,59.0,93.0,76.0
102.0,59.0,93.0,76.0
102.0,58.0,94.0,75.0
103.0,59.0,93.0,76.0
103.0,59.0,93.0,75.0
105.0,60.0,92.0,76.0
103.0,55.0,93.0,75.0
105.0,58.0,92.0,75.0
108.0,58.0,92.0,74.0
107.0,58.0,93.0,74.0
110.0,57.0,94.0,74.0
109.0,57.0,94.0,74.0
110.0,57.0,93.0,74.0
111.0,56.0,93.0,74.0
112.0,57.0,92.0,75.0
114.0,56.0,92.0,74.0
114.0,55.0,91.0,75.0
116.0,56.0,90.0,74.0
119.0,56.0,89.0,75.0
119.0,55.0,88.0,75.0
120.0,57.0,87.0,75.0
121.0,55.0,86.0,75.0
123.0,55.0,86.0,74.0
123.0,56.0,85.0,73.0
124.0,56.0,85.0,73.0
126.0,56.0,83.0,74.0
127.0,57.0,83.0,74.0
126.0,57.0,83.0,73.0
128.0,59.0,83.0,72.0
129.0,58.0,82.0,72.0
130.0,58.0,80.0,73.0
132.0,59.0,81.0,71.0
132.0,57.0,80.0,70.0
134.0,60.0,79.0,69.0
136.0,61.0,78.0,69.0
136.0,62.0,77.0,69.0
138.0,61.0,77.0,69.0
139.0,62.0,76.0,68.0
140.0,63.0,76.0,67.0
142.0,63.0,74.0,67.0
142.0,63.0,74.0,67.0
143.0,63.0,73.0,67.0
144.0,63.0,74.0,66.0
144.0,63.0,74.0,65.0
145.0,64.0,74.0,63.0
146.0,64.0,74.0,63.0
146.0,64.0,73.0,63.0
147.0,63.0,73.0,62.0
149.0,65.0,73.0,61.0
150.0,66.0,73.0,61.0
151.0,65.0,72.0,61.0
152.0,66.0,71.0,61.0
153.0,65.0,70.0,61.0
155.0,66.0,70.0,61.0
155.0,65.0,69.0,61.0
155.0,67.0,70.0,60.0
156.0,66.0,70.0,60.0
156.0,66.0,71.0,59.0
157.0,66.0,70.0,59.0
158.0,66.0,70.0,59.0
161.0,66.0,69.0,59.0
160.0,66.0,69.0,59.0
162.0,67.0,68.0,59.0
160.0,66.0,69.0,59.0
162.0,65.0,68.0,60.0
163.0,64.0,68.0,60.0
164.0,65.0,68.0,60.0
163.0,65.0,68.0,60.0
165.0,66.0,69.0,60.0
165.0,66.0,69.0,60.0
166.0,64.0,69.0,60.0
165.0,66.0,69.0,60.0
167.0,65.0,69.0,61.0
168.0,65.0,70.0,60.0
167.0,65.0,71.0,59.0
168.0,64.0,70.0,60.0
168.0,63.0,70.0,60.0
170.0,65.0,70.0,60.0
169.0,64.0,72.0,59.0
169.0,64.0,72.0,59.0
171.0,65.0,72.0,59.0
170.0,64.0,73.0,59.0
171.0,62.0,72.0,60.0
173.0,63.0,71.0,61.0
172.0,61.0,72.0,60.0
174.0,60.0,72.0,60.0
173.0,58.0,72.0,60.0
174.0,59.0,74.0,59.0
176.0,59.0,73.0,60.0
175.0,58.0,73.0,60.0
176.0,58.0,74.0,60.0
176.0,58.0,73.0,61.0
176.0,59.0,73.0,60.0
175.0,57.0,73.0,61.0
177.0,59.0,74.0,60.0
177.0,58.0,74.0,60.0
179.0,59.0,74.0,61.0
178.0,58.0,75.0,60.0
178.0,59.0,74.0,61.0
178.0,60.0,75.0,60.0
179.0,62.0,76.0,60.0
179.0,62.0,75.0,61.0
180.0,63.0,75.0,61.0
181.0,65.0,76.0,61.0
180.0,62.0,75.0,62.0
180.0,62.0,76.0,61.0
181.0,61.0,75.0,61.0
181.0,61.0,75.0,61.0
184.0,59.0,75.0,61.0
186.0,60.0,74.0,62.0
187.0,59.0,73.0,62.0
186.0,59.0,74.0,62.0
185.0,59.0,75.0,61.0
185.0,58.0,74.0,61.0
186.0,60.0,74.0,61.0
186.0,62.0,75.0,61.0
188.0,62.0,74.0,61.0
186.0,61.0,74.0,61.0
185.0,60.0,74.0,61.0
186.0,59.0,73.0,62.0
186.0,59.0,74.0,62.0
187.0,58.0,74.0,62.0
187.0,59.0,75.0,61.0
187.0,59.0,74.0,61.0
188.0,59.0,74.0,62.0
191.0,58.0,74.0,62.0
188.0,60.0,75.0,61.0
189.0,61.0,75.0,61.0
188.0,62.0,75.0,60.0
188.0,63.0,75.0,60.0
188.0,63.0,76.0,60.0
189.0,61.0,75.0,61.0
189.0,62.0,75.0,60.0
193.0,62.0,74.0,60.0
197.0,60.0,73.0,60.0
196.0,61.0,72.0,60.0
197.0,61.0,71.0,60.0
197.0,63.0,71.0,59.0
198.0,64.0,70.0,59.0
198.0,62.0,69.0,60.0
197.0,63.0,69.0,60.0
199.0,64.0,68.0,59.0
200.0,64.0,68.0,59.0
200.0,66.0,68.0,59.0
200.0,65.0,68.0,59.0
200.0,66.0,68.0,59.0
200.0,66.0,68.0,58.0
202.0,66.0,68.0,59.0
201.0,64.0,69.0,59.0
202.0,63.0,69.0,59.0
203.0,64.0,70.0,59.0
202.0,65.0,71.0,58.0
203.0,64.0,70.0,59.0
202.0,65.0,71.0,59.0
202.0,65.0,71.0,59.0
202.0,64.0,71.0,59.0
203.0,64.0,71.0,60.0
204.0,64.0,71.0,59.0
203.0,64.0,72.0,59.0
205.0,65.0,72.0,58.0
203.0,64.0,72.0,59.0
204.0,65.0,73.0,59.0
206.0,64.0,73.0,58.0
205.0,65.0,72.0,59.0
206.0,63.0,72.0,59.0
207.0,62.0,71.0,59.0
206.0,63.0,71.0,59.0
207.0,64.0,72.0,58.0
207.0,63.0,72.0,58.0
207.0,63.0,72.0,59.0
209.0,65.0,71.0,59.0
210.0,64.0,71.0,59.0
210.0,64.0,71.0,58.0
208.0,62.0,72.0,58.0
210.0,64.0,72.0,59.0
212.0,61.0,72.0,59.0
211.0,61.0,73.0,58.0
212.0,61.0,72.0,59.0
211.0,59.0,71.0,59.0
211.0,66.0,71.0,59.0
212.0,69.0,71.0,59.0
213.0,71.0,70.0,59.0
215.0,70.0,70.0,59.0
213.0,71.0,70.0,59.0
215.0,68.0,70.0,60.0
216.0,66.0,69.0,60.0
216.0,62.0,69.0,60.0
218.0,55.0,68.0,60.0
219.0,52.0,68.0,60.0
219.0,50.0,68.0,60.0
219.0,51.0,68.0,60.0
220.0,51.0,68.0,60.0
220.0,54.0,68.0,60.0
220.0,56.0,68.0,59.0
219.0,60.0,67.0,59.0
219.0,62.0,68.0,59.0
218.0,62.0,67.0,59.0
222.0,63.0,66.0,60.0
222.0,66.0,67.0,59.0
222.0,64.0,67.0,59.0
222.0,63.0,66.0,59.0
223.0,63.0,66.0,59.0
225.0,64.0,66.0,58.0
224.0,63.0,67.0,58.0
224.0,63.0,66.0,58.0
225.0,62.0,66.0,58.0
224.0,61.0,67.0,58.0
224.0,62.0,66.0,58.0
225.0,61.0,67.0,57.0
225.0,62.0,66.0,58.0
225.0,62.0,67.0,57.0
226.0,61.0,67.0,57.0
226.0,62.0,66.0,58.0
226.0,63.0,66.0,58.0
225.0,64.0,66.0,58.0
225.0,67.0,67.0,57.0
224.0,69.0,67.0,57.0
224.0,67.0,67.0,58.0
226.0,68.0,66.0,58.0
226.0,70.0,67.0,57.0
224.0,72.0,67.0,56.0
224.0,70.0,67.0,56.0
225.0,72.0,68.0,55.0
223.0,70.0,68.0,56.0
225.0,65.0,67.0,56.0
226.0,65.0,66.0,57.0
226.0,64.0,66.0,57.0
223.0,65.0,66.0,57.0
224.0,70.0,67.0,56.0
224.0,68.0,66.0,57.0
224.0,71.0,67.0,56.0
225.0,70.0,66.0,57.0
225.0,69.0,66.0,57.0
224.0,67.0,68.0,56.0
223.0,67.0,68.0,56.0
223.0,65.0,67.0,56.0
223.0,64.0,67.0,56.0
223.0,61.0,67.0,57.0
225.0,62.0,67.0,57.0
223.0,62.0,68.0,56.0
225.0,62.0,67.0,56.0
223.0,62.0,67.0,56.0
224.0,63.0,68.0,56.0
223.0,65.0,68.0,56.0
224.0,65.0,67.0,56.0
223.0,66.0,67.0,56.0
224.0,66.0,68.0,56.0
221.0,65.0,68.0,56.0
222.0,68.0,68.0,56.0
222.0,65.0,68.0,56.0
221.0,65.0,69.0,56.0
220.0,64.0,68.0,57.0
223.0,64.0,69.0,56.0
221.0,62.0,69.0,56.0
221.0,65.0,69.0,56.0
221.0,66.0,70.0,55.0
219.0,65.0,70.0,55.0
219.0,66.0,71.0,55.0
219.0,66.0,71.0,55.0
217.0,66.0,70.0,55.0
218.0,64.0,69.0,56.0
218.0,65.0,69.0,56.0
217.0,64.0,68.0,56.0
218.0,65.0,69.0,56.0
217.0,64.0,68.0,56.0
216.0,65.0,68.0,56.0
216.0,64.0,68.0,57.0
216.0,64.0,67.0,57.0
215.0,63.0,67.0,57.0
214.0,66.0,66.0,57.0
213.0,63.0,67.0,57.0
213.0,65.0,67.0,57.0
212.0,65.0,67.0,57.0
213.0,66.0,67.0,57.0
211.0,65.0,68.0,56.0
212.0,66.0,67.0,57.0
212.0,66.0,68.0,57.0
210.0,64.0,67.0,57.0
210.0,66.0,67.0,57.0
209.0,66.0,67.0,57.0
209.0,66.0,67.0,57.0
209.0,65.0,67.0,57.0
209.0,65.0,67.0,58.0
207.0,64.0,66.0,58.0
210.0,64.0,66.0,58.0
209.0,65.0,67.0,57.0
208.0,66.0,66.0,58.0
207.0,64.0,67.0,58.0
207.0,65.0,67.0,58.0
207.0,65.0,67.0,57.0
205.0,64.0,68.0,57.0
205.0,65.0,67.0,57.0
205.0,64.0,67.0,57.0
205.0,65.0,67.0,57.0
205.0,64.0,67.0,57.0
208.0,63.0,67.0,57.0
206.0,64.0,67.0,57.0
206.0,63.0,67.0,57.0
205.0,63.0,67.0,57.0
204.0,64.0,68.0,57.0
204.0,66.0,68.0,57.0
204.0,65.0,67.0,58.0
203.0,65.0,68.0,57.0
203.0,67.0,69.0,56.0
201.0,66.0,69.0,57.0
202.0,66.0,70.0,56.0
200.0,67.0,70.0,56.0
201.0,66.0,71.0,57.0
202.0,67.0,71.0,56.0
199.0,66.0,71.0,57.0
203.0,66.0,71.0,57.0
200.0,67.0,71.0,57.0
202.0,66.0,70.0,58.0
202.0,65.0,69.0,59.0
201.0,65.0,70.0,58.0
201.0,66.0,71.0,58.0
201.0,64.0,71.0,58.0
201.0,66.0,71.0,57.0
199.0,65.0,70.0,58.0
199.0,65.0,71.0,58.0
200.0,64.0,70.0,58.0
200.0,66.0,71.0,57.0
197.0,65.0,72.0,57.0
199.0,64.0,72.0,57.0
198.0,66.0,72.0,57.0
195.0,65.0,72.0,58.0
198.0,65.0,72.0,59.0
198.0,68.0,72.0,58.0
195.0,66.0,72.0,59.0
197.0,65.0,72.0,59.0
198.0,66.0,72.0,59.0
197.0,64.0,72.0,59.0
198.0,65.0,72.0,59.0
198.0,64.0,71.0,60.0
196.0,66.0,73.0,59.0
196.0,64.0,72.0,60.0
195.0,64.0,72.0,60.0
196.0,65.0,72.0,60.0
196.0,62.0,71.0,61.0
196.0,62.0,73.0,59.0
195.0,61.0,72.0,60.0
195.0,61.0,72.0,60.0
194.0,59.0,72.0,61.0
194.0,61.0,73.0,60.0
195.0,60.0,73.0,60.0
195.0,61.0,72.0,60.0
195.0,61.0,72.0,61.0
195.0,61.0,73.0,60.0
195.0,62.0,72.0,60.0
196.0,60.0,72.0,61.0
194.0,60.0,72.0,61.0
196.0,64.0,73.0,60.0
192.0,61.0,73.0,60.0
195.0,62.0,73.0,60.0
195.0,61.0,73.0,60.0
195.0,61.0,73.0,60.0
195.0,61.0,73.0,60.0
196.0,60.0,73.0,60.0
195.0,62.0,72.0,60.0
194.0,63.0,74.0,60.0
194.0,64.0,73.0,60.0
194.0,63.0,73.0,61.0
196.0,63.0,73.0,60.0
196.0,64.0,73.0,60.0
196.0,61.0,72.0,62.0
196.0,62.0,73.0,61.0
196.0,63.0,73.0,61.0
196.0,62.0,73.0,61.0
197.0,62.0,73.0,61.0
198.0,64.0,73.0,62.0
197.0,63.0,73.0,61.0
199.0,65.0,73.0,61.0
196.0,63.0,74.0,61.0
196.0,64.0,74.0,61.0
198.0,64.0,75.0,61.0
198.0,64.0,74.0,62.0
198.0,63.0,75.0,61.0
198.0,62.0,74.0,62.0
198.0,65.0,75.0,62.0
199.0,63.0,73.0,63.0
199.0,63.0,74.0,62.0
200.0,63.0,75.0,62.0
201.0,62.0,74.0,63.0
201.0,61.0,74.0,63.0
201.0,61.0,75.0,63.0
201.0,60.0,74.0,63.0
201.0,60.0,74.0,64.0
201.0,60.0,76.0,63.0
203.0,61.0,75.0,63.0
202.0,60.0,76.0,63.0
203.0,60.0,77.0,63.0
204.0,60.0,77.0,63.0
204.0,58.0,77.0,64.0
204.0,61.0,77.0,64.0
205.0,59.0,76.0,65.0
205.0,59.0,76.0,65.0
205.0,57.0,77.0,65.0
205.0,58.0,77.0,64.0
206.0,58.0,77.0,64.0
208.0,59.0,78.0,64.0
207.0,59.0,79.0,63.0
208.0,61.0,79.0,64.0
208.0,61.0,78.0,64.0
209.0,62.0,78.0,64.0
211.0,62.0,79.0,64.0
213.0,60.0,78.0,64.0
213.0,61.0,78.0,65.0
212.0,61.0,79.0,64.0
213.0,61.0,79.0,65.0
214.0,60.0,79.0,65.0
215.0,61.0,80.0,65.0
215.0,60.0,80.0,65.0
213.0,60.0,80.0,65.0
215.0,61.0,81.0,65.0
217.0,61.0,80.0,65.0
218.0,61.0,80.0,66.0
219.0,63.0,81.0,66.0
219.0,63.0,81.0,66.0
220.0,63.0,81.0,66.0
221.0,64.0,82.0,66.0
222.0,64.0,83.0,66.0
220.0,63.0,83.0,66.0
223.0,61.0,82.0,68.0
224.0,61.0,81.0,68.0
224.0,62.0,82.0,68.0
226.0,60.0,82.0,68.0
226.0,60.0,82.0,69.0
227.0,61.0,82.0,69.0
227.0,62.0,83.0,69.0
229.0,61.0,83.0,69.0
230.0,61.0,83.0,69.0
229.0,61.0,84.0,69.0
231.0,61.0,84.0,70.0
232.0,61.0,84.0,69.0
231.0,61.0,85.0,69.0
233.0,60.0,85.0,70.0
233.0,60.0,86.0,69.0
232.0,61.0,86.0,69.0
234.0,58.0,86.0,70.0
236.0,59.0,85.0,71.0
237.0,59.0,86.0,71.0
237.0,59.0,87.0,71.0
234.0,57.0,88.0,71.0
237.0,57.0,88.0,71.0
240.0,56.0,88.0,72.0
238.0,56.0,88.0,72.0
240.0,57.0,87.0,72.0
241.0,58.0,88.0,72.0
242.0,59.0,89.0,72.0
245.0,58.0,89.0,73.0
246.0,57.0,88.0,74.0
247.0,58.0,87.0,74.0
248.0,58.0,87.0,75.0
247.0,58.0,88.0,74.0
248.0,59.0,88.0,75.0
248.0,61.0,89.0,74.0
249.0,60.0,90.0,74.0
249.0,63.0,90.0,74.0
250.0,60.0,90.0,75.0
251.0,61.0,90.0,75.0
251.0,62.0,91.0,74.0
251.0,61.0,92.0,74.0
253.0,62.0,92.0,75.0
254.0,61.0,92.0,76.0
254.0,60.0,92.0,75.0
253.0,63.0,93.0,75.0
257.0,61.0,93.0,75.0
257.0,59.0,93.0,75.0
257.0,61.0,93.0,76.0
258.0,60.0,94.0,75.0
258.0,60.0,95.0,75.0
259.0,59.0,95.0,76.0
255.0,60.0,95.0,76.0
258.0,60.0,95.0,77.0
260.0,58.0,96.0,78.0
259.0,58.0,96.0,77.0
260.0,59.0,96.0,78.0
264.0,57.0,97.0,78.0
263.0,57.0,96.0,79.0
265.0,56.0,96.0,79.0
264.0,57.0,97.0,79.0
264.0,56.0,97.0,79.0
263.0,56.0,99.0,79.0
265.0,59.0,99.0,79.0
264.0,59.0,99.0,79.0
264.0,60.0,99.0,79.0
264.0,62.0,101.0,78.0
265.0,61.0,100.0,79.0
263.0,61.0,100.0,79.0
264.0,59.0,100.0,81.0
