139.0,112.0,51.0,36.0
139.0,114.0,50.0,35.0
140.0,116.0,50.0,35.0
140.0,117.0,51.0,35.0
141.0,119.0,51.0,34.0
140.0,120.0,51.0,35.0
139.0,121.0,51.0,35.0
139.0,121.0,51.0,35.0
140.0,121.0,52.0,35.0
140.0,121.0,51.0,35.0
139.0,121.0,52.0,35.0
140.0,121.0,52.0,35.0
137.0,121.0,53.0,35.0
136.0,121.0,52.0,35.0
136.0,120.0,52.0,35.0
137.0,119.0,52.0,35.0
137.0,119.0,52.0,35.0
136.0,118.0,52.0,36.0
136.0,118.0,52.0,35.0
136.0,117.0,52.0,35.0
136.0,116.0,52.0,35.0
136.0,116.0,52.0,35.0
137.0,115.0,52.0,35.0
136.0,115.0,52.0,35.0
137.0,114.0,53.0,35.0
137.0,114.0,52.0,35.0
138.0,113.0,52.0,35.0
137.0,113.0,52.0,35.0
138.0,112.0,52.0,36.0
139.0,112.0,52.0,36.0
140.0,111.0,52.0,36.0
141.0,110.0,52.0,36.0
141.0,110.0,52.0,35.0
142.0,111.0,52.0,35.0
142.0,110.0,52.0,35.0
143.0,110.0,52.0,35.0
144.0,110.0,52.0,35.0
146.0,109.0,52.0,35.0
147.0,108.0,53.0,35.0
147.0,108.0,53.0,35.0
149.0,108.0,53.0,35.0
153.0,108.0,52.0,35.0
155.0,108.0,52.0,35.0
159.0,109.0,52.0,35.0
162.0,110.0,52.0,35.0
164.0,111.0,52.0,35.0
166.0,112.0,52.0,36.0
168.0,113.0,52.0,36.0
169.0,112.0,53.0,36.0
171.0,111.0,53.0,36.0
172.0,110.0,53.0,36.0
174.0,107.0,53.0,36.0
177.0,105.0,54.0,36.0
178.0,104.0,54.0,36.0
180.0,103.0,54.0,36.0
181.0,103.0,54.0,37.0
182.0,100.0,55.0,37.0
182.0,100.0,55.0,37.0
183.0,99.0,55.0,37.0
184.0,99.0,55.0,37.0
184.0,100.0,56.0,37.0
185.0,99.0,56.0,38.0
185.0,101.0,56.0,38.0
186.0,102.0,56.0,38.0
186.0,101.0,56.0,38.0
186.0,101.0,57.0,38.0
185.0,102.0,57.0,38.0
185.0,102.0,57.0,38.0
185.0,103.0,57.0,38.0
185.0,102.0,57.0,38.0
185.0,102.0,58.0,38.0
185.0,103.0,58.0,38.0
185.0,102.0,58.0,38.0
184.0,103.0,58.0,38.0
184.0,102.0,57.0,39.0
182.0,102.0,57.0,39.0
182.0,102.0,58.0,39.0
182.0,102.0,57.0,39.0
181.0,102.0,57.0,39.0
180.0,101.0,57.0,40.0
180.0,101.0,57.0,40.0
178.0,101.0,57.0,40.0
178.0,100.0,57.0,40.0
176.0,100.0,57.0,40.0
176.0,99.0,56.0,40.0
175.0,99.0,56.0,41.0
174.0,99.0,56.0,41.0
173.0,100.0,57.0,40.0
170.0,99.0,58.0,39.0
169.0,99.0,59.0,39.0
167.0,99.0,59.0,38.0
166.0,100.0,59.0,38.0
167.0,101.0,59.0,38.0
166.0,101.0,58.0,38.0
166.0,101.0,58.0,38.0
166.0,102.0,58.0,38.0
167.0,102.0,57.0,39.0
168.0,104.0,58.0,39.0
168.0,104.0,58.0,39.0
168.0,105.0,58.0,40.0
167.0,105.0,58.0,40.0
167.0,103.0,58.0,41.0
167.0,102.0,58.0,41.0
166.0,102.0,58.0,41.0
163.0,101.0,58.0,40.0
162.0,101.0,59.0,40.0
162.0,102.0,58.0,40.0
161.0,102.0,58.0,39.0
160.0,103.0,59.0,39.0
160.0,103.0,59.0,39.0
160.0,104.0,60.0,38.0
160.0,105.0,60.0,39.0
160.0,105.0,60.0,39.0
160.0,105.0,61.0,40.0
159.0,105.0,61.0,40.0
158.0,105.0,62.0,40.0
158.0,104.0,63.0,40.0
158.0,103.0,63.0,40.0
157.0,102.0,63.0,40.0
157.0,101.0,64.0,40.0
157.0,101.0,64.0,40.0
156.0,100.0,64.0,40.0
156.0,99.0,65.0,40.0
156.0,97.0,65.0,41.0
156.0,95.0,65.0,41.0
156.0,94.0,65.0,41.0
155.0,92.0,64.0,40.0
156.0,92.0,64.0,40.0
156.0,90.0,64.0,41.0
156.0,89.0,64.0,41.0
156.0,88.0,64.0,41.0
156.0,87.0,64.0,41.0
157.0,86.0,64.0,41.0
157.0,86.0,63.0,41.0
158.0,85.0,63.0,41.0
159.0,84.0,63.0,40.0
159.0,83.0,63.0,40.0
159.0,82.0,63.0,40.0
158.0,82.0,63.0,40.0
158.0,81.0,63.0,40.0
159.0,81.0,63.0,40.0
160.0,80.0,63.0,40.0
161.0,79.0,63.0,40.0
161.0,79.0,63.0,40.0
162.0,79.0,62.0,40.0
162.0,79.0,62.0,40.0
162.0,79.0,63.0,39.0
162.0,79.0,62.0,39.0
161.0,78.0,62.0,39.0
161.0,78.0,62.0,40.0
161.0,78.0,63.0,39.0
161.0,78.0,62.0,39.0
161.0,78.0,62.0,39.0
161.0,77.0,62.0,39.0
162.0,76.0,62.0,39.0
162.0,76.0,62.0,39.0
163.0,76.0,62.0,38.0
163.0,75.0,62.0,38.0
163.0,76.0,62.0,38.0
163.0,75.0,62.0,39.0
164.0,76.0,61.0,38.0
164.0,75.0,62.0,38.0
163.0,76.0,62.0,38.0
163.0,76.0,61.0,38.0
165.0,76.0,61.0,38.0
164.0,75.0,61.0,38.0
164.0,74.0,61.0,38.0
164.0,74.0,61.0,38.0
164.0,74.0,61.0,39.0
164.0,74.0,61.0,38.0
165.0,75.0,61.0,38.0
165.0,76.0,61.0,39.0
164.0,77.0,61.0,39.0
163.0,78.0,61.0,39.0
163.0,78.0,61.0,39.0
164.0,78.0,61.0,39.0
163.0,80.0,61.0,39.0
162.0,81.0,61.0,39.0
162.0,82.0,62.0,39.0
162.0,82.0,61.0,39.0
162.0,82.0,61.0,39.0
162.0,83.0,62.0,39.0
161.0,84.0,61.0,40.0
161.0,85.0,62.0,40.0
162.0,86.0,61.0,40.0
162.0,87.0,61.0,40.0
162.0,88.0,62.0,41.0
162.0,89.0,62.0,41.0
163.0,90.0,62.0,41.0
163.0,91.0,61.0,42.0
164.0,93.0,61.0,42.0
163.0,94.0,61.0,42.0
164.0,95.0,61.0,42.0
164.0,96.0,61.0,42.0
164.0,97.0,61.0,42.0
165.0,97.0,61.0,42.0
165.0,98.0,61.0,42.0
165.0,99.0,60.0,42.0
165.0,100.0,61.0,42.0
165.0,100.0,61.0,42.0
165.0,100.0,61.0,42.0
165.0,101.0,61.0,42.0
165.0,102.0,61.0,42.0
165.0,103.0,61.0,43.0
165.0,104.0,61.0,43.0
165.0,105.0,61.0,43.0
164.0,106.0,61.0,43.0
165.0,107.0,62.0,43.0
165.0,108.0,62.0,44.0
164.0,109.0,62.0,44.0
164.0,110.0,62.0,44.0
165.0,110.0,62.0,45.0
164.0,111.0,62.0,45.0
165.0,112.0,62.0,46.0
164.0,114.0,62.0,46.0
164.0,114.0,62.0,46.0
163.0,115.0,62.0,47.0
163.0,117.0,62.0,47.0
163.0,118.0,62.0,47.0
163.0,119.0,63.0,48.0
164.0,121.0,63.0,48.0
163.0,121.0,63.0,48.0
163.0,122.0,63.0,49.0
163.0,122.0,64.0,49.0
163.0,123.0,64.0,49.0
163.0,123.0,64.0,50.0
162.0,123.0,65.0,50.0
162.0,124.0,65.0,50.0
162.0,124.0,65.0,51.0
162.0,125.0,65.0,51.0
162.0,125.0,65.0,51.0
161.0,125.0,65.0,51.0
162.0,126.0,66.0,52.0
161.0,126.0,66.0,52.0
161.0,126.0,66.0,52.0
162.0,126.0,66.0,52.0
162.0,126.0,66.0,53.0
161.0,126.0,66.0,53.0
162.0,124.0,67.0,54.0
161.0,123.0,67.0,54.0
161.0,122.0,67.0,54.0
161.0,121.0,68.0,54.0
159.0,120.0,68.0,53.0
158.0,119.0,69.0,53.0
157.0,116.0,69.0,53.0
157.0,114.0,69.0,53.0
157.0,112.0,69.0,52.0
157.0,110.0,69.0,53.0
158.0,109.0,69.0,53.0
159.0,107.0,68.0,53.0
159.0,106.0,68.0,53.0
160.0,105.0,68.0,53.0
160.0,105.0,68.0,52.0
161.0,106.0,68.0,52.0
161.0,105.0,68.0,52.0
162.0,104.0,67.0,52.0
162.0,103.0,67.0,51.0
162.0,102.0,67.0,51.0
162.0,102.0,67.0,51.0
161.0,102.0,67.0,51.0
160.0,101.0,66.0,51.0
159.0,101.0,66.0,51.0
158.0,102.0,66.0,50.0
159.0,101.0,67.0,49.0
160.0,99.0,67.0,49.0
160.0,98.0,66.0,49.0
161.0,97.0,66.0,49.0
163.0,96.0,66.0,49.0
162.0,96.0,66.0,49.0
162.0,94.0,66.0,50.0
163.0,93.0,65.0,50.0
164.0,92.0,65.0,50.0
164.0,91.0,65.0,50.0
165.0,90.0,65.0,50.0
165.0,89.0,65.0,51.0
166.0,89.0,65.0,51.0
167.0,90.0,66.0,51.0
166.0,88.0,66.0,51.0
168.0,88.0,66.0,52.0
167.0,88.0,67.0,51.0
168.0,88.0,67.0,52.0
169.0,88.0,67.0,52.0
168.0,87.0,67.0,53.0
170.0,87.0,67.0,53.0
169.0,86.0,67.0,54.0
169.0,86.0,67.0,54.0
170.0,86.0,67.0,55.0
170.0,86.0,68.0,55.0
169.0,86.0,68.0,55.0
169.0,84.0,69.0,56.0
168.0,85.0,70.0,55.0
169.0,85.0,69.0,56.0
169.0,85.0,70.0,56.0
169.0,85.0,70.0,56.0
168.0,85.0,70.0,57.0
167.0,85.0,71.0,57.0
167.0,85.0,71.0,57.0
167.0,86.0,71.0,57.0
167.0,86.0,71.0,57.0
166.0,86.0,71.0,58.0
166.0,87.0,71.0,58.0
166.0,88.0,71.0,57.0
166.0,89.0,71.0,57.0
165.0,89.0,71.0,56.0
166.0,89.0,71.0,57.0
166.0,89.0,70.0,56.0
166.0,88.0,70.0,56.0
165.0,87.0,70.0,56.0
167.0,87.0,69.0,56.0
166.0,86.0,69.0,56.0
168.0,86.0,69.0,56.0
167.0,85.0,68.0,57.0
168.0,85.0,68.0,57.0
168.0,85.0,68.0,57.0
167.0,84.0,68.0,57.0
168.0,84.0,68.0,57.0
168.0,85.0,68.0,57.0
168.0,85.0,68.0,57.0
168.0,84.0,68.0,57.0
168.0,85.0,68.0,57.0
168.0,85.0,68.0,56.0
168.0,84.0,68.0,57.0
169.0,84.0,68.0,56.0
169.0,84.0,68.0,56.0
170.0,83.0,68.0,56.0
171.0,82.0,68.0,57.0
171.0,81.0,68.0,57.0
172.0,81.0,68.0,57.0
171.0,76.0,68.0,57.0
171.0,78.0,69.0,56.0
171.0,79.0,70.0,56.0
170.0,80.0,70.0,56.0
171.0,80.0,70.0,56.0
170.0,81.0,70.0,56.0
170.0,81.0,71.0,55.0
171.0,82.0,70.0,55.0
172.0,82.0,70.0,55.0
171.0,83.0,71.0,55.0
173.0,83.0,70.0,55.0
172.0,82.0,70.0,55.0
173.0,83.0,69.0,55.0
172.0,82.0,69.0,55.0
172.0,81.0,69.0,55.0
172.0,81.0,70.0,55.0
171.0,83.0,70.0,54.0
170.0,83.0,70.0,54.0
170.0,83.0,70.0,54.0
170.0,83.0,71.0,54.0
170.0,84.0,71.0,53.0
170.0,85.0,72.0,53.0
170.0,86.0,71.0,53.0
169.0,87.0,71.0,52.0
170.0,88.0,71.0,52.0
170.0,88.0,71.0,51.0
170.0,89.0,71.0,51.0
170.0,89.0,71.0,51.0
170.0,90.0,70.0,50.0
170.0,90.0,70.0,50.0
171.0,90.0,70.0,49.0
172.0,90.0,70.0,49.0
173.0,89.0,70.0,49.0
172.0,89.0,70.0,49.0
173.0,89.0,69.0,49.0
173.0,90.0,69.0,49.0
174.0,89.0,69.0,49.0
174.0,89.0,69.0,49.0
175.0,89.0,68.0,49.0
174.0,89.0,69.0,49.0
174.0,89.0,68.0,49.0
176.0,89.0,68.0,49.0
176.0,89.0,68.0,49.0
176.0,89.0,68.0,49.0
176.0,88.0,68.0,49.0
176.0,88.0,68.0,49.0
177.0,88.0,68.0,49.0
177.0,88.0,68.0,49.0
179.0,87.0,68.0,49.0
178.0,88.0,68.0,49.0
178.0,89.0,69.0,48.0
179.0,88.0,68.0,49.0
179.0,88.0,68.0,49.0
178.0,89.0,69.0,49.0
180.0,89.0,68.0,49.0
180.0,89.0,68.0,49.0
180.0,90.0,68.0,49.0
180.0,90.0,68.0,49.0
181.0,89.0,68.0,50.0
179.0,90.0,68.0,49.0
181.0,90.0,69.0,49.0
180.0,90.0,69.0,49.0
180.0,90.0,69.0,49.0
181.0,91.0,68.0,49.0
181.0,91.0,68.0,49.0
181.0,91.0,69.0,49.0
181.0,91.0,69.0,49.0
181.0,92.0,69.0,49.0
182.0,91.0,69.0,49.0
181.0,92.0,70.0,49.0
181.0,91.0,69.0,49.0
181.0,92.0,70.0,49.0
181.0,91.0,70.0,49.0
182.0,91.0,69.0,49.0
182.0,91.0,69.0,49.0
182.0,91.0,70.0,49.0
182.0,92.0,69.0,50.0
182.0,91.0,70.0,49.0
182.0,92.0,70.0,49.0
181.0,91.0,70.0,49.0
181.0,92.0,70.0,49.0
181.0,91.0,70.0,49.0
182.0,91.0,70.0,50.0
182.0,90.0,70.0,50.0
181.0,91.0,70.0,50.0
181.0,92.0,70.0,50.0
181.0,91.0,71.0,50.0
182.0,91.0,71.0,50.0
181.0,91.0,70.0,50.0
181.0,91.0,70.0,50.0
181.0,90.0,70.0,50.0
181.0,91.0,71.0,50.0
182.0,91.0,71.0,50.0
182.0,91.0,70.0,50.0
182.0,91.0,71.0,50.0
182.0,91.0,71.0,50.0
182.0,90.0,70.0,51.0
182.0,90.0,71.0,50.0
182.0,89.0,71.0,50.0
182.0,90.0,71.0,50.0
181.0,91.0,71.0,50.0
181.0,90.0,72.0,50.0
182.0,91.0,72.0,50.0
182.0,91.0,72.0,50.0
182.0,90.0,72.0,50.0
182.0,91.0,72.0,50.0
184.0,92.0,73.0,50.0
183.0,92.0,73.0,50.0
183.0,90.0,73.0,50.0
183.0,90.0,72.0,51.0
182.0,89.0,72.0,51.0
182.0,89.0,72.0,51.0
181.0,89.0,71.0,52.0
181.0,88.0,71.0,52.0
180.0,87.0,71.0,52.0
179.0,88.0,71.0,52.0
178.0,89.0,71.0,51.0
178.0,89.0,71.0,51.0
177.0,89.0,70.0,51.0
178.0,87.0,70.0,52.0
177.0,89.0,70.0,51.0
177.0,89.0,71.0,51.0
176.0,89.0,71.0,51.0
175.0,90.0,70.0,51.0
175.0,91.0,70.0,51.0
174.0,90.0,70.0,51.0
173.0,91.0,70.0,50.0
174.0,90.0,70.0,50.0
173.0,92.0,70.0,50.0
173.0,92.0,70.0,49.0
173.0,91.0,70.0,49.0
174.0,90.0,70.0,49.0
173.0,93.0,70.0,49.0
173.0,92.0,70.0,49.0
173.0,92.0,70.0,49.0
173.0,92.0,70.0,49.0
173.0,92.0,70.0,49.0
174.0,92.0,70.0,49.0
174.0,92.0,69.0,49.0
175.0,93.0,69.0,49.0
174.0,93.0,68.0,49.0
175.0,93.0,69.0,48.0
175.0,93.0,68.0,49.0
175.0,93.0,68.0,49.0
177.0,94.0,68.0,48.0
177.0,94.0,68.0,48.0
179.0,94.0,67.0,48.0
179.0,95.0,68.0,48.0
180.0,95.0,67.0,48.0
180.0,95.0,67.0,48.0
180.0,95.0,67.0,47.0
180.0,95.0,67.0,47.0
181.0,95.0,67.0,47.0
182.0,95.0,67.0,48.0
184.0,95.0,67.0,48.0
184.0,96.0,67.0,47.0
185.0,95.0,67.0,47.0
186.0,95.0,67.0,47.0
186.0,95.0,67.0,47.0
188.0,94.0,67.0,48.0
188.0,94.0,67.0,47.0
190.0,94.0,67.0,47.0
190.0,94.0,68.0,47.0
192.0,94.0,67.0,47.0
194.0,94.0,67.0,47.0
193.0,93.0,68.0,47.0
195.0,94.0,67.0,48.0
196.0,93.0,67.0,48.0
196.0,93.0,68.0,48.0
197.0,93.0,68.0,48.0
196.0,93.0,68.0,48.0
197.0,93.0,68.0,48.0
195.0,93.0,68.0,48.0
195.0,93.0,69.0,48.0
194.0,93.0,68.0,49.0
192.0,93.0,68.0,49.0
191.0,93.0,68.0,49.0
190.0,93.0,69.0,48.0
188.0,93.0,69.0,48.0
187.0,93.0,68.0,48.0
185.0,93.0,68.0,48.0
185.0,93.0,68.0,48.0
183.0,93.0,68.0,48.0
182.0,93.0,68.0,48.0
181.0,92.0,68.0,48.0
181.0,92.0,68.0,48.0
180.0,91.0,68.0,48.0
179.0,91.0,68.0,48.0
179.0,90.0,69.0,48.0
178.0,90.0,69.0,49.0
178.0,90.0,68.0,49.0
178.0,89.0,68.0,49.0
178.0,90.0,68.0,49.0
178.0,90.0,68.0,49.0
177.0,90.0,68.0,49.0
178.0,90.0,68.0,49.0
177.0,89.0,68.0,49.0
176.0,89.0,68.0,49.0
176.0,89.0,68.0,49.0
175.0,89.0,69.0,49.0
175.0,87.0,69.0,49.0
176.0,85.0,68.0,49.0
175.0,84.0,68.0,49.0
175.0,82.0,68.0,49.0
175.0,81.0,68.0,49.0
174.0,81.0,68.0,49.0
174.0,80.0,68.0,49.0
174.0,80.0,69.0,49.0
174.0,79.0,69.0,49.0
174.0,79.0,68.0,49.0
174.0,79.0,69.0,49.0
173.0,79.0,69.0,49.0
174.0,79.0,69.0,49.0
174.0,78.0,69.0,48.0
174.0,77.0,69.0,48.0
175.0,77.0,69.0,48.0
175.0,78.0,68.0,48.0
175.0,77.0,68.0,48.0
174.0,77.0,68.0,48.0
175.0,77.0,68.0,48.0
175.0,77.0,68.0,47.0
175.0,77.0,68.0,47.0
175.0,78.0,67.0,47.0
175.0,79.0,67.0,46.0
176.0,80.0,67.0,47.0
176.0,81.0,67.0,47.0
175.0,82.0,67.0,47.0
175.0,84.0,67.0,47.0
175.0,84.0,67.0,48.0
175.0,86.0,67.0,48.0
175.0,88.0,67.0,48.0
174.0,89.0,67.0,48.0
174.0,91.0,67.0,48.0
174.0,92.0,67.0,48.0
173.0,96.0,67.0,47.0
172.0,97.0,67.0,48.0
172.0,99.0,67.0,47.0
172.0,99.0,67.0,47.0
172.0,101.0,67.0,47.0
172.0,103.0,67.0,47.0
172.0,104.0,67.0,47.0
172.0,106.0,66.0,48.0
171.0,107.0,66.0,48.0
172.0,110.0,66.0,48.0
170.0,112.0,66.0,48.0
169.0,114.0,66.0,48.0
169.0,116.0,66.0,49.0
167.0,118.0,66.0,49.0
167.0,120.0,66.0,49.0
167.0,122.0,66.0,50.0
166.0,122.0,66.0,50.0
165.0,123.0,66.0,50.0
164.0,123.0,66.0,51.0
162.0,123.0,67.0,51.0
161.0,123.0,67.0,51.0
160.0,123.0,68.0,51.0
160.0,121.0,68.0,51.0
158.0,121.0,68.0,51.0
157.0,121.0,68.0,51.0
156.0,120.0,69.0,50.0
155.0,119.0,69.0,50.0
155.0,119.0,69.0,49.0
154.0,119.0,69.0,50.0
154.0,117.0,69.0,50.0
154.0,117.0,69.0,50.0
155.0,117.0,69.0,50.0
155.0,117.0,68.0,50.0
156.0,118.0,68.0,51.0
156.0,119.0,68.0,51.0
156.0,118.0,68.0,51.0
155.0,116.0,68.0,51.0
154.0,113.0,69.0,51.0
152.0,111.0,69.0,50.0
149.0,108.0,70.0,50.0
145.0,109.0,70.0,50.0
145.0,109.0,70.0,49.0
145.0,110.0,70.0,49.0
146.0,112.0,69.0,49.0
147.0,114.0,69.0,49.0
147.0,115.0,69.0,49.0
149.0,116.0,69.0,50.0
150.0,116.0,69.0,50.0
151.0,117.0,69.0,50.0
150.0,115.0,70.0,50.0
150.0,113.0,70.0,50.0
150.0,111.0,70.0,50.0
148.0,107.0,70.0,50.0
148.0,105.0,70.0,51.0
147.0,104.0,70.0,50.0
146.0,103.0,70.0,50.0
146.0,102.0,70.0,50.0
145.0,102.0,70.0,49.0
144.0,102.0,71.0,49.0
143.0,103.0,72.0,49.0
144.0,101.0,72.0,49.0
143.0,103.0,72.0,50.0
144.0,100.0,71.0,50.0
143.0,97.0,71.0,51.0
142.0,99.0,71.0,51.0
141.0,96.0,71.0,51.0
141.0,94.0,71.0,51.0
139.0,93.0,71.0,51.0
139.0,94.0,72.0,51.0
141.0,94.0,72.0,51.0
142.0,95.0,72.0,51.0
143.0,96.0,72.0,52.0
142.0,97.0,71.0,52.0
143.0,96.0,71.0,53.0
142.0,96.0,71.0,53.0
142.0,94.0,71.0,54.0
141.0,92.0,71.0,54.0
139.0,91.0,72.0,54.0
138.0,89.0,72.0,54.0
137.0,89.0,72.0,53.0
136.0,89.0,73.0,53.0
137.0,90.0,73.0,52.0
138.0,92.0,73.0,53.0
138.0,94.0,73.0,53.0
139.0,95.0,73.0,54.0
139.0,97.0,72.0,54.0
141.0,98.0,72.0,54.0
140.0,97.0,72.0,54.0
139.0,97.0,72.0,55.0
138.0,97.0,71.0,56.0
137.0,95.0,72.0,55.0
137.0,93.0,72.0,55.0
135.0,91.0,73.0,55.0
134.0,91.0,73.0,55.0
135.0,93.0,74.0,54.0
135.0,94.0,74.0,54.0
136.0,94.0,74.0,54.0
138.0,97.0,75.0,54.0
140.0,98.0,75.0,54.0
142.0,98.0,76.0,53.0
142.0,98.0,75.0,55.0
141.0,98.0,75.0,55.0
140.0,97.0,74.0,55.0
138.0,95.0,75.0,55.0
136.0,95.0,75.0,55.0
134.0,94.0,75.0,55.0
132.0,95.0,75.0,55.0
130.0,96.0,76.0,54.0
128.0,99.0,76.0,54.0
128.0,101.0,76.0,55.0
130.0,101.0,76.0,55.0
131.0,102.0,76.0,55.0
131.0,103.0,76.0,55.0
129.0,103.0,77.0,55.0
129.0,102.0,77.0,55.0
129.0,101.0,77.0,55.0
131.0,100.0,77.0,55.0
132.0,100.0,77.0,55.0
134.0,101.0,78.0,55.0
135.0,101.0,77.0,56.0
138.0,101.0,77.0,56.0
139.0,101.0,76.0,56.0
141.0,100.0,77.0,56.0
142.0,101.0,77.0,56.0
144.0,100.0,77.0,56.0
143.0,100.0,76.0,56.0
141.0,98.0,76.0,56.0
138.0,98.0,77.0,56.0
135.0,98.0,77.0,56.0
133.0,99.0,78.0,56.0
132.0,101.0,78.0,56.0
131.0,104.0,78.0,56.0
133.0,105.0,78.0,56.0
132.0,105.0,78.0,57.0
130.0,106.0,78.0,57.0
130.0,107.0,78.0,57.0
126.0,108.0,79.0,57.0
125.0,107.0,78.0,58.0
125.0,108.0,79.0,58.0
125.0,108.0,79.0,58.0
125.0,107.0,79.0,58.0
125.0,105.0,79.0,59.0
124.0,105.0,80.0,59.0
123.0,102.0,79.0,59.0
121.0,100.0,80.0,59.0
120.0,99.0,80.0,59.0
115.0,97.0,81.0,59.0
111.0,94.0,81.0,59.0
106.0,92.0,81.0,60.0
101.0,91.0,81.0,59.0
96.0,90.0,82.0,59.0
94.0,90.0,82.0,59.0
92.0,89.0,81.0,59.0
92.0,88.0,81.0,59.0
92.0,88.0,81.0,58.0
92.0,87.0,80.0,58.0
91.0,88.0,80.0,58.0
90.0,88.0,80.0,58.0
88.0,88.0,80.0,58.0
87.0,88.0,81.0,58.0
87.0,87.0,80.0,58.0
87.0,88.0,80.0,58.0
88.0,87.0,80.0,58.0
87.0,88.0,80.0,58.0
87.0,88.0,80.0,58.0
87.0,90.0,81.0,58.0
86.0,88.0,80.0,58.0
85.0,88.0,80.0,59.0
82.0,87.0,80.0,59.0
79.0,87.0,80.0,59.0
76.0,87.0,80.0,59.0
68.0,87.0,81.0,58.0
68.0,85.0,81.0,58.0
68.0,86.0,81.0,57.0
70.0,87.0,81.0,57.0
72.0,89.0,81.0,57.0
77.0,91.0,80.0,57.0
84.0,93.0,79.0,57.0
91.0,96.0,79.0,57.0
94.0,97.0,81.0,57.0
93.0,98.0,81.0,57.0
92.0,98.0,81.0,57.0
89.0,98.0,82.0,58.0
88.0,96.0,82.0,58.0
89.0,95.0,82.0,58.0
89.0,95.0,83.0,58.0
91.0,94.0,82.0,58.0
95.0,96.0,81.0,58.0
98.0,95.0,81.0,58.0
102.0,96.0,81.0,58.0
104.0,97.0,81.0,58.0
108.0,97.0,81.0,59.0
110.0,96.0,82.0,58.0
113.0,97.0,83.0,58.0
117.0,99.0,83.0,58.0
120.0,100.0,84.0,58.0
124.0,101.0,85.0,58.0
125.0,100.0,86.0,59.0
126.0,100.0,87.0,58.0
126.0,99.0,87.0,59.0
126.0,100.0,88.0,59.0
129.0,100.0,88.0,60.0
135.0,96.0,87.0,61.0
140.0,96.0,86.0,62.0
146.0,96.0,86.0,62.0
152.0,95.0,86.0,63.0
156.0,95.0,85.0,64.0
161.0,95.0,85.0,64.0
163.0,96.0,86.0,65.0
168.0,98.0,86.0,65.0
172.0,99.0,87.0,65.0
177.0,99.0,87.0,65.0
181.0,101.0,88.0,65.0
185.0,102.0,89.0,65.0
188.0,102.0,89.0,65.0
192.0,102.0,89.0,65.0
197.0,102.0,90.0,65.0
200.0,102.0,91.0,65.0
204.0,100.0,91.0,65.0
206.0,100.0,92.0,65.0
210.0,100.0,92.0,66.0
211.0,99.0,92.0,66.0
214.0,99.0,92.0,66.0
213.0,99.0,93.0,67.0
214.0,99.0,93.0,67.0
214.0,99.0,93.0,67.0
214.0,99.0,93.0,68.0
214.0,98.0,93.0,68.0
213.0,99.0,94.0,68.0
213.0,98.0,94.0,68.0
213.0,98.0,94.0,68.0
213.0,98.0,94.0,68.0
213.0,98.0,94.0,68.0
212.0,99.0,94.0,68.0
208.0,99.0,95.0,68.0
204.0,99.0,95.0,68.0
201.0,98.0,94.0,68.0
197.0,96.0,94.0,68.0
195.0,95.0,94.0,68.0
193.0,95.0,94.0,68.0
194.0,96.0,94.0,68.0
194.0,98.0,94.0,68.0
191.0,99.0,93.0,68.0
187.0,99.0,94.0,68.0
182.0,99.0,93.0,69.0
177.0,98.0,93.0,68.0
172.0,97.0,93.0,69.0
165.0,96.0,93.0,69.0
160.0,94.0,93.0,69.0
157.0,93.0,93.0,69.0
155.0,93.0,92.0,69.0
151.0,93.0,92.0,69.0
148.0,93.0,93.0,69.0
144.0,93.0,93.0,69.0
140.0,93.0,93.0,69.0
136.0,93.0,93.0,69.0
133.0,94.0,93.0,69.0
130.0,93.0,93.0,68.0
126.0,94.0,93.0,68.0
123.0,93.0,93.0,67.0
121.0,95.0,93.0,67.0
118.0,94.0,93.0,67.0
116.0,95.0,94.0,67.0
114.0,95.0,94.0,66.0
112.0,97.0,95.0,65.0
110.0,98.0,94.0,65.0
108.0,99.0,94.0,65.0
106.0,100.0,94.0,65.0
105.0,101.0,94.0,65.0
104.0,98.0,94.0,65.0
101.0,98.0,94.0,66.0
99.0,98.0,93.0,66.0
96.0,98.0,93.0,66.0
96.0,97.0,93.0,66.0
94.0,97.0,93.0,66.0
95.0,97.0,93.0,66.0
95.0,95.0,93.0,67.0
96.0,95.0,93.0,67.0
96.0,94.0,93.0,66.0
97.0,96.0,94.0,66.0
97.0,98.0,94.0,65.0
96.0,102.0,94.0,65.0
97.0,107.0,94.0,65.0
96.0,111.0,95.0,65.0
95.0,112.0,94.0,65.0
93.0,112.0,95.0,66.0
93.0,110.0,94.0,66.0
92.0,106.0,95.0,67.0
92.0,101.0,96.0,67.0
92.0,94.0,96.0,68.0
93.0,89.0,97.0,68.0
94.0,82.0,96.0,69.0
96.0,79.0,96.0,69.0
97.0,77.0,96.0,68.0
99.0,78.0,96.0,68.0
101.0,80.0,95.0,68.0
105.0,84.0,94.0,68.0
105.0,88.0,94.0,68.0
107.0,94.0,94.0,68.0
105.0,100.0,95.0,67.0
104.0,104.0,94.0,69.0
103.0,106.0,95.0,69.0
103.0,104.0,95.0,69.0
102.0,102.0,95.0,70.0
101.0,98.0,95.0,71.0
100.0,96.0,97.0,71.0
99.0,93.0,98.0,71.0
98.0,88.0,99.0,71.0
99.0,83.0,99.0,72.0
101.0,77.0,99.0,73.0
101.0,74.0,100.0,73.0
101.0,74.0,100.0,73.0
102.0,74.0,100.0,73.0
104.0,78.0,100.0,73.0
107.0,83.0,100.0,73.0
109.0,88.0,100.0,73.0
112.0,92.0,99.0,74.0
113.0,94.0,100.0,74.0
114.0,94.0,101.0,74.0
114.0,90.0,101.0,74.0
114.0,88.0,102.0,73.0
113.0,85.0,103.0,73.0
114.0,80.0,103.0,74.0
115.0,77.0,103.0,74.0
115.0,75.0,103.0,75.0
113.0,74.0,103.0,75.0
113.0,72.0,104.0,75.0
113.0,70.0,104.0,76.0
112.0,68.0,105.0,77.0
112.0,65.0,106.0,76.0
113.0,63.0,107.0,76.0
110.0,63.0,107.0,77.0
112.0,64.0,107.0,77.0
113.0,66.0,108.0,77.0
115.0,71.0,108.0,76.0
114.0,76.0,108.0,76.0
115.0,83.0,108.0,77.0
115.0,89.0,108.0,78.0
115.0,92.0,108.0,78.0
113.0,93.0,109.0,78.0
111.0,92.0,109.0,79.0
111.0,88.0,110.0,80.0
111.0,84.0,110.0,80.0
111.0,80.0,111.0,80.0
112.0,77.0,113.0,80.0
114.0,73.0,112.0,81.0
115.0,69.0,113.0,82.0
117.0,66.0,114.0,82.0
117.0,63.0,114.0,82.0
118.0,65.0,114.0,83.0
117.0,67.0,114.0,83.0
117.0,73.0,116.0,82.0
115.0,80.0,117.0,83.0
111.0,92.0,119.0,82.0
109.0,105.0,120.0,83.0
107.0,113.0,122.0,84.0
104.0,114.0,123.0,85.0
103.0,110.0,123.0,87.0
98.0,104.0,125.0,88.0
98.0,93.0,126.0,89.0
97.0,84.0,127.0,90.0
98.0,75.0,127.0,91.0
100.0,67.0,128.0,91.0
102.0,64.0,128.0,91.0
104.0,62.0,128.0,90.0
102.0,63.0,128.0,91.0
102.0,66.0,128.0,92.0
99.0,73.0,129.0,91.0
97.0,81.0,130.0,92.0
89.0,97.0,132.0,93.0
90.0,104.0,133.0,93.0
87.0,109.0,134.0,94.0
83.0,110.0,135.0,96.0
81.0,105.0,136.0,97.0
78.0,97.0,139.0,98.0
78.0,85.0,139.0,99.0
75.0,73.0,141.0,100.0
77.0,64.0,142.0,99.0
76.0,59.0,142.0,100.0
71.0,57.0,142.0,100.0
72.0,60.0,142.0,100.0
71.0,65.0,142.0,101.0
68.0,76.0,144.0,101.0
68.0,87.0,144.0,102.0
66.0,97.0,145.0,103.0
65.0,102.0,146.0,104.0
61.0,102.0,147.0,105.0
58.0,96.0,150.0,106.0
57.0,84.0,153.0,107.0
58.0,69.0,154.0,108.0
60.0,58.0,155.0,109.0
61.0,48.0,157.0,109.0
60.0,41.0,158.0,107.0
60.0,38.0,157.0,108.0
57.0,37.0,157.0,109.0
58.0,38.0,156.0,109.0
55.0,45.0,157.0,108.0
54.0,56.0,158.0,108.0
53.0,64.0,158.0,108.0
51.0,76.0,158.0,110.0
49.0,88.0,158.0,111.0
47.0,96.0,159.0,112.0
47.0,98.0,157.0,115.0
45.0,97.0,158.0,116.0
46.0,80.0,159.0,116.0
43.0,75.0,161.0,116.0
44.0,63.0,163.0,116.0
45.0,50.0,163.0,116.0
45.0,41.0,162.0,116.0
46.0,39.0,164.0,115.0
47.0,36.0,165.0,114.0
46.0,37.0,163.0,115.0
44.0,43.0,162.0,115.0
46.0,57.0,162.0,115.0
46.0,69.0,163.0,114.0
43.0,82.0,164.0,115.0
40.0,95.0,165.0,116.0
36.0,105.0,167.0,117.0
32.0,109.0,170.0,118.0
30.0,107.0,172.0,120.0
28.0,99.0,174.0,122.0
30.0,86.0,176.0,124.0
31.0,71.0,178.0,126.0
32.0,56.0,181.0,126.0
35.0,44.0,181.0,126.0
39.0,39.0,181.0,126.0
38.0,38.0,180.0,128.0
38.0,41.0,180.0,128.0
39.0,49.0,182.0,127.0
39.0,59.0,183.0,127.0
38.0,73.0,184.0,129.0
37.0,87.0,186.0,129.0
35.0,96.0,188.0,131.0
31.0,101.0,191.0,132.0
27.0,99.0,193.0,133.0
26.0,91.0,195.0,135.0
25.0,79.0,195.0,139.0
28.0,64.0,197.0,142.0
30.0,46.0,199.0,144.0
32.0,30.0,199.0,143.0
31.0,24.0,202.0,141.0
32.0,23.0,202.0,141.0
34.0,24.0,202.0,140.0
32.0,30.0,201.0,140.0
33.0,40.0,201.0,139.0
32.0,53.0,201.0,139.0
31.0,68.0,202.0,140.0
27.0,79.0,204.0,141.0
24.0,81.0,202.0,145.0
23.0,77.0,203.0,145.0
21.0,73.0,205.0,146.0
20.0,60.0,208.0,148.0
23.0,36.0,208.0,147.0
23.0,29.0,210.0,146.0
24.0,20.0,211.0,146.0
24.0,14.0,212.0,145.0
28.0,11.0,211.0,145.0
24.0,11.0,210.0,144.0
26.0,18.0,208.0,144.0
26.0,28.0,208.0,142.0
27.0,40.0,208.0,142.0
29.0,53.0,208.0,142.0
30.0,68.0,208.0,142.0
29.0,81.0,208.0,143.0
28.0,88.0,208.0,144.0
26.0,87.0,209.0,144.0
26.0,82.0,212.0,143.0
25.0,74.0,213.0,145.0
23.0,63.0,215.0,145.0
24.0,52.0,217.0,146.0
24.0,40.0,217.0,145.0
25.0,33.0,217.0,145.0
26.0,38.0,218.0,145.0
28.0,44.0,219.0,145.0
28.0,47.0,217.0,147.0
29.0,59.0,217.0,149.0
28.0,68.0,215.0,151.0
28.0,75.0,215.0,153.0
27.0,76.0,216.0,154.0
26.0,75.0,220.0,152.0
24.0,70.0,222.0,151.0
23.0,63.0,223.0,151.0
23.0,55.0,224.0,151.0
24.0,48.0,226.0,149.0
24.0,40.0,225.0,150.0
25.0,38.0,223.0,149.0
27.0,42.0,220.0,149.0
27.0,54.0,219.0,150.0
26.0,69.0,222.0,150.0
28.0,78.0,219.0,153.0
25.0,82.0,218.0,154.0
24.0,81.0,219.0,153.0
24.0,76.0,219.0,152.0
22.0,72.0,221.0,153.0
25.0,62.0,222.0,156.0
28.0,51.0,223.0,157.0
32.0,37.0,223.0,158.0
34.0,28.0,222.0,159.0
37.0,20.0,220.0,158.0
37.0,17.0,221.0,153.0
38.0,20.0,218.0,151.0
44.0,27.0,214.0,152.0
45.0,38.0,211.0,150.0
49.0,49.0,208.0,150.0
52.0,50.0,205.0,151.0
53.0,51.0,204.0,151.0
56.0,50.0,202.0,151.0
59.0,49.0,202.0,150.0
63.0,41.0,202.0,149.0
61.0,20.0,204.0,144.0
63.0,17.0,203.0,140.0
65.0,14.0,202.0,137.0
71.0,14.0,197.0,136.0
74.0,18.0,192.0,135.0
78.0,26.0,189.0,134.0
79.0,46.0,188.0,131.0
82.0,56.0,183.0,133.0
84.0,68.0,180.0,134.0
83.0,76.0,178.0,135.0
84.0,83.0,177.0,136.0
85.0,83.0,176.0,139.0
85.0,66.0,176.0,137.0
86.0,52.0,176.0,134.0
90.0,49.0,177.0,132.0
94.0,32.0,177.0,129.0
96.0,29.0,177.0,127.0
99.0,18.0,176.0,124.0
100.0,19.0,175.0,121.0
103.0,22.0,172.0,119.0
105.0,28.0,170.0,118.0
107.0,38.0,167.0,117.0
109.0,54.0,166.0,116.0
113.0,67.0,164.0,117.0
114.0,76.0,162.0,120.0
114.0,84.0,161.0,121.0
113.0,88.0,161.0,122.0
111.0,84.0,163.0,124.0
111.0,68.0,163.0,123.0
112.0,64.0,164.0,123.0
113.0,47.0,164.0,121.0
116.0,35.0,163.0,118.0
120.0,26.0,164.0,114.0
119.0,25.0,164.0,111.0
120.0,26.0,162.0,110.0
123.0,28.0,161.0,108.0
124.0,31.0,157.0,108.0
125.0,39.0,155.0,107.0
126.0,50.0,153.0,105.0
127.0,62.0,151.0,106.0
129.0,71.0,147.0,108.0
129.0,78.0,146.0,110.0
129.0,81.0,145.0,112.0
126.0,82.0,145.0,111.0
127.0,72.0,144.0,111.0
124.0,67.0,145.0,111.0
125.0,58.0,145.0,110.0
124.0,59.0,148.0,106.0
126.0,49.0,147.0,104.0
127.0,40.0,146.0,102.0
126.0,40.0,146.0,100.0
127.0,40.0,145.0,98.0
128.0,41.0,143.0,98.0
127.0,45.0,140.0,97.0
129.0,51.0,138.0,96.0
129.0,60.0,137.0,96.0
132.0,67.0,135.0,96.0
134.0,71.0,132.0,98.0
132.0,75.0,131.0,98.0
134.0,74.0,130.0,99.0
133.0,71.0,128.0,100.0
130.0,66.0,128.0,99.0
131.0,59.0,128.0,97.0
129.0,58.0,131.0,94.0
129.0,56.0,130.0,93.0
131.0,53.0,129.0,93.0
131.0,54.0,129.0,92.0
133.0,55.0,128.0,90.0
134.0,60.0,128.0,89.0
135.0,67.0,126.0,90.0
137.0,73.0,123.0,92.0
134.0,85.0,121.0,94.0
136.0,89.0,121.0,93.0
136.0,92.0,121.0,93.0
133.0,90.0,122.0,93.0
137.0,80.0,122.0,93.0
138.0,77.0,121.0,93.0
141.0,67.0,121.0,93.0
144.0,66.0,121.0,91.0
144.0,66.0,122.0,89.0
147.0,61.0,122.0,86.0
150.0,62.0,122.0,85.0
152.0,64.0,119.0,85.0
154.0,64.0,117.0,85.0
155.0,69.0,115.0,85.0
156.0,74.0,114.0,86.0
158.0,79.0,111.0,87.0
158.0,84.0,111.0,87.0
158.0,86.0,110.0,87.0
160.0,79.0,107.0,88.0
158.0,77.0,107.0,87.0
160.0,70.0,108.0,85.0
161.0,66.0,108.0,82.0
162.0,66.0,107.0,81.0
163.0,62.0,106.0,79.0
164.0,66.0,104.0,78.0
165.0,66.0,102.0,77.0
168.0,70.0,100.0,76.0
170.0,71.0,97.0,78.0
169.0,80.0,96.0,78.0
168.0,83.0,96.0,77.0
170.0,85.0,96.0,76.0
169.0,82.0,93.0,77.0
168.0,81.0,93.0,76.0
170.0,72.0,91.0,77.0
169.0,73.0,91.0,75.0
169.0,71.0,90.0,74.0
168.0,72.0,88.0,74.0
167.0,72.0,87.0,73.0
165.0,72.0,85.0,74.0
162.0,74.0,84.0,73.0
161.0,76.0,85.0,72.0
160.0,79.0,85.0,70.0
161.0,82.0,85.0,70.0
163.0,84.0,84.0,70.0
170.0,86.0,82.0,70.0
176.0,88.0,83.0,69.0
182.0,91.0,83.0,67.0
187.0,92.0,84.0,66.0
192.0,94.0,85.0,64.0
197.0,95.0,85.0,63.0
202.0,98.0,84.0,63.0
206.0,100.0,84.0,62.0
206.0,103.0,86.0,60.0
211.0,103.0,85.0,60.0
209.0,106.0,85.0,59.0
210.0,107.0,86.0,58.0
209.0,107.0,85.0,57.0
209.0,106.0,84.0,58.0
207.0,106.0,83.0,58.0
205.0,107.0,83.0,57.0
203.0,106.0,83.0,57.0
199.0,105.0,82.0,57.0
197.0,105.0,82.0,57.0
193.0,102.0,81.0,57.0
190.0,102.0,80.0,57.0
186.0,103.0,80.0,56.0
183.0,101.0,79.0,56.0
178.0,101.0,78.0,56.0
175.0,99.0,77.0,55.0
171.0,98.0,77.0,55.0
169.0,97.0,77.0,54.0
165.0,95.0,76.0,54.0
162.0,94.0,75.0,53.0
160.0,93.0,74.0,53.0
159.0,92.0,73.0,52.0
158.0,92.0,72.0,52.0
157.0,90.0,72.0,51.0
156.0,91.0,71.0,51.0
155.0,92.0,70.0,51.0
155.0,92.0,70.0,50.0
155.0,93.0,70.0,49.0
155.0,93.0,70.0,48.0
155.0,94.0,69.0,48.0
155.0,94.0,68.0,48.0
155.0,94.0,68.0,47.0
156.0,95.0,67.0,47.0
157.0,96.0,66.0,46.0
158.0,97.0,66.0,46.0
158.0,98.0,66.0,45.0
159.0,99.0,66.0,45.0
161.0,100.0,66.0,44.0
162.0,101.0,66.0,44.0
164.0,103.0,66.0,43.0
165.0,103.0,66.0,44.0
167.0,105.0,66.0,43.0
167.0,107.0,65.0,43.0
169.0,109.0,65.0,43.0
171.0,110.0,65.0,43.0
173.0,113.0,65.0,43.0
175.0,114.0,65.0,43.0
177.0,115.0,64.0,43.0
178.0,118.0,64.0,42.0
179.0,119.0,64.0,42.0
181.0,121.0,64.0,42.0
183.0,122.0,63.0,42.0
184.0,123.0,63.0,42.0
186.0,124.0,63.0,42.0
189.0,127.0,63.0,42.0
190.0,127.0,63.0,42.0
191.0,129.0,62.0,42.0
193.0,130.0,63.0,41.0
195.0,131.0,62.0,42.0
196.0,130.0,61.0,42.0
197.0,128.0,61.0,42.0
199.0,126.0,60.0,42.0
201.0,126.0,59.0,41.0
204.0,125.0,59.0,41.0
206.0,125.0,58.0,41.0
207.0,124.0,58.0,40.0
210.0,125.0,57.0,40.0
211.0,125.0,57.0,39.0
211.0,125.0,57.0,39.0
214.0,126.0,56.0,39.0
214.0,126.0,56.0,39.0
216.0,127.0,55.0,38.0
216.0,128.0,55.0,38.0
217.0,128.0,55.0,37.0
218.0,130.0,54.0,37.0
219.0,130.0,54.0,37.0
219.0,130.0,53.0,37.0
220.0,130.0,53.0,37.0
221.0,129.0,52.0,37.0
221.0,128.0,51.0,37.0
221.0,128.0,51.0,36.0
222.0,127.0,50.0,36.0
223.0,127.0,50.0,36.0
223.0,125.0,50.0,35.0
224.0,123.0,50.0,35.0
224.0,121.0,50.0,35.0
225.0,120.0,49.0,34.0
225.0,120.0,48.0,34.0
226.0,120.0,48.0,34.0
226.0,120.0,48.0,34.0
227.0,120.0,47.0,34.0
227.0,121.0,47.0,34.0
227.0,121.0,46.0,34.0
226.0,122.0,46.0,33.0
226.0,122.0,45.0,33.0
226.0,123.0,45.0,33.0
225.0,123.0,45.0,32.0
226.0,124.0,45.0,32.0
228.0,125.0,44.0,32.0
229.0,124.0,44.0,32.0
230.0,124.0,44.0,32.0
230.0,125.0,44.0,32.0
229.0,125.0,43.0,32.0
226.0,125.0,43.0,32.0
223.0,125.0,43.0,32.0
220.0,125.0,43.0,31.0
217.0,125.0,43.0,31.0
214.0,125.0,42.0,31.0
212.0,125.0,42.0,31.0
209.0,125.0,42.0,30.0
207.0,124.0,42.0,30.0
204.0,125.0,42.0,30.0
203.0,126.0,42.0,30.0
202.0,125.0,41.0,30.0
201.0,124.0,41.0,30.0
200.0,125.0,41.0,29.0
200.0,125.0,40.0,29.0
200.0,125.0,40.0,29.0
201.0,125.0,40.0,29.0
201.0,126.0,40.0,29.0
202.0,125.0,40.0,29.0
202.0,126.0,40.0,28.0
203.0,126.0,39.0,28.0
204.0,126.0,39.0,29.0
205.0,125.0,39.0,28.0
204.0,125.0,40.0,28.0
206.0,124.0,40.0,28.0
206.0,124.0,40.0,28.0
207.0,126.0,40.0,27.0
208.0,127.0,40.0,27.0
209.0,129.0,41.0,27.0
210.0,131.0,41.0,27.0
211.0,134.0,40.0,28.0
211.0,136.0,40.0,28.0
211.0,138.0,40.0,28.0
210.0,140.0,40.0,28.0
210.0,142.0,40.0,28.0
209.0,143.0,40.0,28.0
208.0,143.0,40.0,28.0
209.0,143.0,40.0,28.0
211.0,143.0,40.0,28.0
212.0,142.0,40.0,28.0
213.0,142.0,40.0,28.0
214.0,143.0,40.0,28.0
217.0,143.0,40.0,28.0
217.0,143.0,40.0,28.0
218.0,142.0,40.0,28.0
219.0,142.0,40.0,28.0
219.0,142.0,41.0,28.0
222.0,142.0,40.0,28.0
223.0,143.0,40.0,28.0
224.0,146.0,41.0,28.0
223.0,152.0,41.0,28.0
222.0,160.0,41.0,28.0
221.0,172.0,40.0,29.0
