118.0,69.0,114.0,162.0
119.0,70.0,115.0,160.0
116.0,70.0,117.0,160.0
117.0,68.0,118.0,160.0
115.0,68.0,118.0,160.0
117.0,68.0,118.0,161.0
115.0,68.0,118.0,161.0
116.0,67.0,118.0,162.0
115.0,67.0,116.0,163.0
115.0,67.0,117.0,163.0
114.0,68.0,117.0,163.0
114.0,69.0,118.0,162.0
112.0,69.0,120.0,162.0
112.0,70.0,120.0,162.0
110.0,70.0,120.0,163.0
109.0,72.0,120.0,163.0
106.0,71.0,121.0,164.0
103.0,73.0,121.0,165.0
102.0,73.0,121.0,166.0
98.0,74.0,121.0,166.0
95.0,73.0,122.0,165.0
92.0,69.0,122.0,164.0
88.0,70.0,124.0,162.0
87.0,68.0,125.0,162.0
86.0,67.0,124.0,162.0
83.0,76.0,125.0,163.0
82.0,74.0,127.0,161.0
81.0,76.0,127.0,161.0
82.0,74.0,127.0,162.0
82.0,72.0,126.0,163.0
81.0,71.0,126.0,165.0
81.0,72.0,125.0,166.0
82.0,71.0,127.0,166.0
80.0,71.0,126.0,168.0
81.0,69.0,127.0,169.0
79.0,69.0,127.0,170.0
82.0,70.0,128.0,171.0
82.0,68.0,128.0,172.0
82.0,67.0,128.0,173.0
84.0,65.0,128.0,174.0
84.0,67.0,129.0,174.0
87.0,65.0,128.0,174.0
87.0,68.0,130.0,173.0
90.0,67.0,131.0,173.0
92.0,67.0,130.0,176.0
94.0,64.0,131.0,177.0
96.0,63.0,131.0,178.0
98.0,64.0,131.0,178.0
102.0,62.0,131.0,179.0
104.0,63.0,130.0,180.0
105.0,64.0,131.0,179.0
108.0,64.0,131.0,179.0
109.0,63.0,131.0,180.0
109.0,62.0,133.0,179.0
112.0,65.0,132.0,179.0
112.0,67.0,132.0,179.0
115.0,66.0,132.0,181.0
116.0,68.0,132.0,180.0
116.0,67.0,132.0,180.0
117.0,66.0,131.0,180.0
119.0,67.0,132.0,179.0
120.0,70.0,131.0,178.0
122.0,71.0,132.0,177.0
122.0,72.0,132.0,175.0
121.0,71.0,133.0,174.0
121.0,71.0,135.0,172.0
123.0,71.0,135.0,172.0
122.0,72.0,135.0,171.0
123.0,71.0,134.0,171.0
124.0,72.0,134.0,171.0
125.0,73.0,134.0,171.0
125.0,73.0,134.0,172.0
126.0,72.0,135.0,170.0
125.0,72.0,135.0,170.0
127.0,72.0,133.0,171.0
125.0,71.0,134.0,171.0
127.0,71.0,132.0,171.0
126.0,71.0,132.0,171.0
126.0,71.0,131.0,171.0
124.0,72.0,132.0,170.0
124.0,72.0,133.0,170.0
122.0,73.0,134.0,169.0
123.0,73.0,133.0,168.0
119.0,72.0,133.0,169.0
120.0,74.0,132.0,170.0
121.0,66.0,131.0,170.0
119.0,66.0,130.0,173.0
114.0,67.0,130.0,175.0
115.0,72.0,131.0,174.0
114.0,72.0,133.0,173.0
111.0,70.0,133.0,172.0
108.0,69.0,133.0,172.0
107.0,68.0,134.0,171.0
104.0,66.0,133.0,172.0
103.0,66.0,134.0,172.0
102.0,69.0,134.0,171.0
102.0,68.0,133.0,172.0
102.0,67.0,132.0,173.0
102.0,67.0,131.0,174.0
98.0,66.0,131.0,175.0
99.0,69.0,132.0,173.0
99.0,68.0,132.0,173.0
99.0,68.0,131.0,173.0
99.0,71.0,131.0,173.0
98.0,67.0,130.0,175.0
97.0,67.0,131.0,174.0
97.0,68.0,131.0,174.0
97.0,68.0,131.0,172.0
96.0,70.0,131.0,172.0
96.0,69.0,131.0,173.0
96.0,68.0,131.0,174.0
97.0,69.0,132.0,174.0
97.0,67.0,131.0,175.0
97.0,70.0,131.0,174.0
97.0,69.0,132.0,174.0
97.0,71.0,131.0,174.0
95.0,70.0,132.0,173.0
94.0,70.0,132.0,173.0
96.0,70.0,131.0,175.0
95.0,71.0,132.0,175.0
96.0,71.0,131.0,175.0
96.0,70.0,131.0,175.0
98.0,70.0,130.0,175.0
98.0,70.0,131.0,174.0
97.0,71.0,131.0,174.0
98.0,70.0,131.0,174.0
97.0,70.0,131.0,173.0
98.0,71.0,131.0,173.0
96.0,69.0,130.0,174.0
97.0,71.0,131.0,173.0
95.0,69.0,131.0,172.0
97.0,73.0,131.0,172.0
97.0,69.0,131.0,172.0
96.0,70.0,131.0,171.0
96.0,70.0,131.0,171.0
97.0,72.0,132.0,169.0
97.0,73.0,132.0,168.0
99.0,74.0,132.0,168.0
101.0,75.0,130.0,170.0
103.0,74.0,129.0,172.0
105.0,74.0,129.0,173.0
106.0,72.0,129.0,173.0
104.0,73.0,129.0,172.0
105.0,75.0,128.0,172.0
102.0,75.0,130.0,169.0
98.0,72.0,131.0,169.0
99.0,72.0,130.0,170.0
99.0,73.0,129.0,171.0
99.0,71.0,129.0,171.0
99.0,70.0,129.0,171.0
97.0,72.0,129.0,171.0
98.0,72.0,128.0,171.0
98.0,71.0,127.0,172.0
98.0,71.0,127.0,172.0
97.0,71.0,127.0,172.0
97.0,70.0,127.0,172.0
97.0,70.0,126.0,173.0
96.0,70.0,127.0,172.0
96.0,70.0,127.0,172.0
96.0,71.0,126.0,173.0
96.0,71.0,126.0,173.0
96.0,70.0,127.0,171.0
96.0,71.0,126.0,172.0
96.0,69.0,126.0,172.0
97.0,69.0,125.0,171.0
98.0,70.0,125.0,171.0
98.0,68.0,125.0,169.0
99.0,68.0,126.0,167.0
99.0,66.0,127.0,165.0
99.0,68.0,127.0,165.0
99.0,71.0,126.0,166.0
100.0,73.0,128.0,166.0
101.0,74.0,128.0,168.0
97.0,74.0,128.0,169.0
104.0,74.0,128.0,170.0
105.0,74.0,129.0,172.0
104.0,73.0,131.0,172.0
103.0,72.0,131.0,175.0
103.0,74.0,131.0,177.0
100.0,75.0,133.0,177.0
94.0,76.0,134.0,177.0
102.0,76.0,133.0,179.0
94.0,79.0,133.0,179.0
98.0,78.0,134.0,180.0
99.0,77.0,134.0,181.0
99.0,74.0,135.0,183.0
100.0,75.0,136.0,184.0
98.0,74.0,138.0,184.0
98.0,74.0,140.0,185.0
100.0,74.0,140.0,187.0
92.0,77.0,140.0,187.0
108.0,73.0,141.0,188.0
104.0,74.0,144.0,188.0
100.0,75.0,144.0,189.0
101.0,70.0,144.0,192.0
102.0,75.0,144.0,194.0
100.0,72.0,147.0,194.0
100.0,73.0,149.0,193.0
99.0,72.0,150.0,194.0
99.0,73.0,152.0,195.0
98.0,75.0,154.0,195.0
99.0,74.0,153.0,197.0
100.0,74.0,153.0,198.0
99.0,70.0,155.0,198.0
100.0,70.0,156.0,199.0
99.0,70.0,155.0,202.0
98.0,67.0,158.0,201.0
99.0,70.0,159.0,202.0
97.0,69.0,160.0,202.0
97.0,69.0,159.0,205.0
97.0,70.0,160.0,205.0
97.0,71.0,161.0,205.0
97.0,70.0,160.0,207.0
99.0,70.0,160.0,207.0
99.0,69.0,158.0,209.0
98.0,72.0,160.0,207.0
98.0,71.0,161.0,207.0
97.0,72.0,162.0,206.0
97.0,70.0,162.0,207.0
96.0,67.0,163.0,207.0
95.0,67.0,163.0,208.0
95.0,68.0,161.0,210.0
96.0,64.0,161.0,210.0
94.0,65.0,163.0,208.0
94.0,62.0,165.0,208.0
85.0,60.0,164.0,209.0
92.0,55.0,165.0,210.0
92.0,55.0,167.0,208.0
92.0,50.0,167.0,209.0
91.0,47.0,165.0,212.0
92.0,46.0,163.0,214.0
91.0,46.0,163.0,215.0
92.0,42.0,161.0,218.0
94.0,39.0,160.0,220.0
94.0,37.0,158.0,220.0
94.0,35.0,153.0,221.0
93.0,33.0,152.0,218.0
91.0,32.0,153.0,215.0
89.0,30.0,153.0,210.0
87.0,32.0,154.0,206.0
86.0,32.0,154.0,201.0
87.0,34.0,150.0,200.0
90.0,36.0,147.0,198.0
92.0,38.0,145.0,197.0
93.0,40.0,144.0,194.0
94.0,43.0,143.0,191.0
96.0,44.0,142.0,190.0
97.0,46.0,141.0,188.0
99.0,48.0,139.0,187.0
99.0,49.0,138.0,186.0
100.0,50.0,137.0,186.0
101.0,50.0,136.0,185.0
102.0,54.0,135.0,184.0
102.0,55.0,134.0,182.0
103.0,57.0,134.0,181.0
102.0,59.0,134.0,180.0
102.0,60.0,134.0,179.0
102.0,62.0,133.0,178.0
102.0,62.0,133.0,177.0
102.0,63.0,132.0,177.0
102.0,65.0,131.0,178.0
103.0,65.0,130.0,178.0
103.0,66.0,129.0,178.0
104.0,68.0,129.0,177.0
102.0,67.0,129.0,176.0
103.0,70.0,130.0,175.0
103.0,70.0,129.0,175.0
102.0,70.0,130.0,174.0
101.0,69.0,130.0,173.0
101.0,67.0,131.0,172.0
101.0,67.0,131.0,171.0
101.0,65.0,130.0,170.0
102.0,65.0,129.0,170.0
103.0,65.0,127.0,171.0
101.0,68.0,126.0,170.0
100.0,71.0,127.0,169.0
100.0,74.0,127.0,168.0
99.0,76.0,128.0,167.0
97.0,77.0,127.0,168.0
96.0,78.0,127.0,168.0
95.0,78.0,127.0,169.0
95.0,80.0,128.0,168.0
95.0,81.0,127.0,169.0
93.0,83.0,128.0,168.0
93.0,84.0,128.0,168.0
91.0,84.0,129.0,168.0
92.0,83.0,129.0,169.0
91.0,84.0,128.0,169.0
92.0,85.0,127.0,170.0
90.0,85.0,128.0,170.0
90.0,84.0,128.0,170.0
89.0,84.0,129.0,170.0
88.0,82.0,129.0,171.0
88.0,84.0,129.0,171.0
89.0,85.0,129.0,172.0
89.0,85.0,130.0,171.0
89.0,84.0,131.0,170.0
87.0,84.0,130.0,171.0
87.0,84.0,130.0,172.0
87.0,85.0,130.0,172.0
87.0,85.0,130.0,172.0
87.0,83.0,130.0,174.0
87.0,83.0,130.0,174.0
87.0,82.0,129.0,174.0
87.0,81.0,129.0,174.0
88.0,83.0,129.0,174.0
88.0,83.0,129.0,173.0
87.0,84.0,129.0,173.0
86.0,85.0,129.0,173.0
86.0,83.0,130.0,173.0
87.0,83.0,131.0,173.0
87.0,83.0,131.0,173.0
86.0,83.0,131.0,173.0
85.0,82.0,132.0,173.0
88.0,82.0,131.0,173.0
86.0,84.0,131.0,174.0
85.0,83.0,132.0,173.0
87.0,81.0,131.0,174.0
88.0,79.0,129.0,176.0
88.0,77.0,131.0,174.0
91.0,72.0,131.0,174.0
90.0,73.0,131.0,175.0
91.0,73.0,132.0,173.0
91.0,73.0,132.0,172.0
89.0,74.0,132.0,173.0
88.0,72.0,133.0,173.0
89.0,72.0,132.0,174.0
88.0,72.0,131.0,174.0
88.0,71.0,131.0,174.0
88.0,71.0,131.0,174.0
88.0,72.0,130.0,175.0
85.0,71.0,131.0,174.0
85.0,71.0,131.0,174.0
84.0,71.0,131.0,174.0
83.0,70.0,130.0,175.0
83.0,72.0,130.0,174.0
83.0,71.0,130.0,174.0
82.0,70.0,130.0,175.0
82.0,71.0,130.0,174.0
80.0,71.0,129.0,175.0
80.0,71.0,130.0,174.0
78.0,72.0,130.0,174.0
79.0,73.0,129.0,174.0
75.0,72.0,130.0,173.0
74.0,74.0,130.0,173.0
71.0,74.0,130.0,174.0
70.0,76.0,130.0,173.0
67.0,74.0,131.0,173.0
67.0,75.0,130.0,172.0
70.0,75.0,130.0,171.0
67.0,72.0,131.0,172.0
67.0,74.0,130.0,173.0
65.0,77.0,132.0,171.0
64.0,73.0,131.0,174.0
63.0,73.0,130.0,174.0
60.0,71.0,131.0,173.0
60.0,72.0,130.0,174.0
62.0,70.0,129.0,175.0
62.0,70.0,129.0,175.0
60.0,70.0,130.0,174.0
58.0,70.0,130.0,173.0
59.0,70.0,131.0,172.0
58.0,69.0,131.0,172.0
58.0,69.0,131.0,172.0
57.0,70.0,132.0,171.0
60.0,68.0,131.0,172.0
61.0,68.0,130.0,172.0
60.0,71.0,131.0,171.0
63.0,69.0,129.0,171.0
63.0,71.0,130.0,171.0
65.0,69.0,128.0,172.0
65.0,68.0,128.0,173.0
64.0,69.0,129.0,172.0
66.0,71.0,130.0,172.0
67.0,68.0,128.0,173.0
67.0,70.0,129.0,172.0
68.0,70.0,128.0,172.0
70.0,72.0,129.0,171.0
72.0,71.0,128.0,171.0
72.0,70.0,127.0,171.0
73.0,69.0,127.0,171.0
73.0,69.0,128.0,170.0
74.0,67.0,127.0,171.0
73.0,67.0,127.0,171.0
75.0,67.0,128.0,170.0
76.0,65.0,127.0,171.0
75.0,65.0,127.0,171.0
75.0,65.0,128.0,169.0
76.0,66.0,128.0,168.0
76.0,63.0,127.0,170.0
77.0,64.0,127.0,169.0
78.0,62.0,127.0,170.0
78.0,63.0,128.0,169.0
79.0,61.0,127.0,170.0
80.0,60.0,126.0,172.0
80.0,62.0,126.0,171.0
81.0,63.0,127.0,170.0
82.0,66.0,127.0,170.0
82.0,66.0,127.0,169.0
83.0,67.0,127.0,169.0
84.0,67.0,127.0,169.0
84.0,68.0,127.0,169.0
85.0,69.0,127.0,170.0
85.0,70.0,127.0,170.0
87.0,71.0,127.0,171.0
87.0,68.0,128.0,171.0
89.0,65.0,129.0,171.0
90.0,67.0,129.0,171.0
89.0,69.0,129.0,170.0
86.0,67.0,131.0,169.0
88.0,65.0,130.0,170.0
88.0,64.0,129.0,171.0
88.0,63.0,128.0,172.0
88.0,64.0,128.0,172.0
88.0,65.0,128.0,171.0
88.0,66.0,127.0,172.0
88.0,67.0,127.0,172.0
87.0,68.0,127.0,173.0
87.0,69.0,128.0,172.0
87.0,71.0,127.0,172.0
87.0,73.0,126.0,173.0
87.0,74.0,126.0,174.0
86.0,76.0,126.0,173.0
86.0,78.0,126.0,173.0
86.0,78.0,127.0,172.0
86.0,79.0,127.0,172.0
86.0,81.0,128.0,171.0
86.0,79.0,127.0,171.0
85.0,79.0,127.0,172.0
86.0,79.0,126.0,173.0
84.0,80.0,126.0,173.0
86.0,77.0,125.0,173.0
85.0,77.0,126.0,172.0
87.0,76.0,126.0,170.0
87.0,76.0,127.0,169.0
87.0,75.0,126.0,169.0
88.0,74.0,125.0,169.0
89.0,73.0,125.0,168.0
91.0,76.0,125.0,168.0
90.0,80.0,127.0,167.0
90.0,81.0,128.0,168.0
90.0,81.0,128.0,171.0
86.0,79.0,128.0,172.0
95.0,80.0,129.0,173.0
94.0,76.0,128.0,176.0
93.0,68.0,129.0,176.0
94.0,73.0,130.0,176.0
94.0,72.0,130.0,178.0
94.0,75.0,130.0,180.0
93.0,75.0,133.0,179.0
91.0,75.0,134.0,180.0
91.0,69.0,134.0,182.0
91.0,73.0,136.0,182.0
88.0,73.0,137.0,183.0
89.0,74.0,138.0,183.0
90.0,73.0,139.0,185.0
90.0,73.0,141.0,186.0
90.0,71.0,143.0,186.0
89.0,72.0,145.0,187.0
90.0,72.0,146.0,188.0
90.0,69.0,147.0,189.0
89.0,70.0,149.0,190.0
88.0,69.0,149.0,192.0
87.0,70.0,151.0,193.0
87.0,69.0,151.0,195.0
87.0,69.0,152.0,196.0
88.0,68.0,153.0,197.0
82.0,70.0,152.0,198.0
85.0,66.0,153.0,199.0
86.0,68.0,154.0,200.0
87.0,67.0,155.0,200.0
88.0,64.0,157.0,201.0
88.0,65.0,159.0,202.0
87.0,63.0,157.0,205.0
87.0,63.0,161.0,203.0
87.0,63.0,162.0,204.0
88.0,61.0,160.0,207.0
90.0,61.0,159.0,209.0
88.0,62.0,162.0,207.0
87.0,62.0,163.0,207.0
87.0,62.0,163.0,209.0
87.0,62.0,163.0,210.0
88.0,59.0,162.0,212.0
87.0,59.0,165.0,210.0
87.0,59.0,165.0,211.0
87.0,59.0,165.0,211.0
87.0,57.0,166.0,211.0
88.0,58.0,165.0,214.0
88.0,61.0,166.0,214.0
90.0,59.0,163.0,217.0
89.0,59.0,165.0,217.0
89.0,57.0,166.0,216.0
89.0,56.0,166.0,217.0
88.0,55.0,166.0,218.0
88.0,55.0,165.0,218.0
88.0,57.0,166.0,218.0
88.0,56.0,166.0,218.0
88.0,56.0,166.0,218.0
88.0,55.0,165.0,219.0
89.0,55.0,165.0,219.0
88.0,56.0,165.0,219.0
88.0,55.0,164.0,219.0
86.0,58.0,168.0,216.0
85.0,60.0,169.0,216.0
86.0,57.0,169.0,217.0
86.0,59.0,168.0,218.0
86.0,58.0,170.0,217.0
86.0,61.0,170.0,217.0
86.0,56.0,168.0,220.0
88.0,58.0,167.0,220.0
87.0,57.0,167.0,221.0
88.0,56.0,167.0,221.0
88.0,56.0,166.0,221.0
87.0,56.0,166.0,220.0
87.0,56.0,166.0,219.0
89.0,60.0,165.0,219.0
91.0,56.0,163.0,221.0
92.0,56.0,163.0,221.0
93.0,54.0,161.0,222.0
93.0,53.0,159.0,224.0
94.0,53.0,159.0,223.0
94.0,53.0,159.0,222.0
95.0,54.0,157.0,223.0
96.0,53.0,156.0,223.0
95.0,53.0,155.0,224.0
95.0,53.0,156.0,222.0
94.0,55.0,157.0,220.0
95.0,56.0,157.0,220.0
96.0,54.0,155.0,221.0
94.0,54.0,155.0,220.0
93.0,56.0,156.0,217.0
92.0,58.0,156.0,217.0
94.0,57.0,156.0,217.0
95.0,59.0,154.0,217.0
96.0,58.0,154.0,218.0
96.0,55.0,152.0,219.0
96.0,56.0,152.0,218.0
96.0,58.0,153.0,216.0
96.0,58.0,151.0,216.0
96.0,57.0,151.0,217.0
96.0,57.0,151.0,216.0
96.0,58.0,152.0,215.0
96.0,58.0,151.0,215.0
97.0,58.0,149.0,217.0
97.0,58.0,148.0,217.0
97.0,58.0,150.0,217.0
97.0,58.0,149.0,216.0
96.0,59.0,149.0,216.0
97.0,58.0,149.0,217.0
95.0,58.0,149.0,217.0
96.0,60.0,149.0,217.0
95.0,59.0,150.0,216.0
95.0,60.0,149.0,216.0
95.0,59.0,151.0,215.0
94.0,58.0,149.0,216.0
94.0,59.0,149.0,216.0
94.0,58.0,150.0,216.0
95.0,59.0,150.0,215.0
93.0,58.0,151.0,215.0
94.0,60.0,151.0,214.0
93.0,59.0,151.0,214.0
94.0,61.0,151.0,214.0
93.0,59.0,150.0,216.0
94.0,61.0,150.0,215.0
94.0,58.0,150.0,216.0
94.0,60.0,151.0,214.0
94.0,62.0,153.0,212.0
94.0,61.0,151.0,214.0
95.0,61.0,151.0,214.0
94.0,62.0,151.0,214.0
95.0,62.0,150.0,214.0
96.0,62.0,151.0,214.0
94.0,59.0,148.0,216.0
94.0,61.0,151.0,213.0
93.0,62.0,151.0,212.0
94.0,65.0,151.0,212.0
96.0,64.0,149.0,213.0
96.0,65.0,149.0,213.0
96.0,65.0,151.0,211.0
97.0,64.0,148.0,214.0
97.0,66.0,146.0,214.0
99.0,70.0,143.0,216.0
100.0,70.0,142.0,217.0
100.0,69.0,140.0,218.0
99.0,65.0,139.0,217.0
97.0,64.0,136.0,218.0
95.0,66.0,139.0,213.0
92.0,70.0,138.0,212.0
90.0,73.0,142.0,206.0
90.0,75.0,143.0,201.0
90.0,79.0,142.0,199.0
87.0,79.0,141.0,198.0
87.0,76.0,140.0,196.0
87.0,76.0,140.0,193.0
86.0,77.0,140.0,191.0
87.0,78.0,139.0,189.0
87.0,78.0,140.0,187.0
87.0,78.0,139.0,185.0
88.0,79.0,138.0,185.0
90.0,80.0,136.0,185.0
90.0,79.0,135.0,183.0
91.0,80.0,135.0,182.0
92.0,81.0,134.0,181.0
92.0,82.0,134.0,180.0
93.0,84.0,133.0,179.0
94.0,85.0,131.0,179.0
94.0,86.0,131.0,178.0
93.0,86.0,130.0,178.0
94.0,86.0,130.0,177.0
93.0,86.0,131.0,175.0
93.0,83.0,131.0,173.0
93.0,83.0,131.0,172.0
94.0,83.0,131.0,172.0
95.0,82.0,130.0,171.0
94.0,82.0,130.0,170.0
93.0,82.0,130.0,170.0
93.0,85.0,129.0,170.0
91.0,87.0,129.0,170.0
88.0,89.0,130.0,170.0
87.0,88.0,129.0,172.0
87.0,89.0,130.0,173.0
89.0,87.0,130.0,175.0
89.0,86.0,129.0,176.0
88.0,89.0,130.0,176.0
91.0,80.0,130.0,175.0
89.0,86.0,131.0,174.0
88.0,89.0,130.0,176.0
89.0,87.0,129.0,179.0
87.0,83.0,129.0,180.0
88.0,84.0,130.0,179.0
87.0,85.0,130.0,180.0
87.0,83.0,129.0,180.0
88.0,84.0,130.0,178.0
87.0,84.0,131.0,179.0
88.0,84.0,129.0,181.0
88.0,82.0,129.0,180.0
88.0,86.0,130.0,179.0
87.0,84.0,130.0,180.0
86.0,85.0,131.0,179.0
87.0,83.0,130.0,180.0
86.0,85.0,131.0,179.0
88.0,83.0,130.0,180.0
87.0,83.0,131.0,180.0
87.0,83.0,131.0,180.0
86.0,85.0,132.0,179.0
87.0,83.0,130.0,180.0
87.0,84.0,130.0,179.0
88.0,83.0,131.0,179.0
87.0,84.0,131.0,179.0
87.0,84.0,133.0,179.0
87.0,81.0,133.0,180.0
86.0,83.0,133.0,180.0
86.0,82.0,133.0,181.0
86.0,82.0,132.0,181.0
87.0,80.0,132.0,183.0
87.0,82.0,132.0,182.0
86.0,83.0,132.0,182.0
85.0,82.0,132.0,182.0
86.0,83.0,132.0,181.0
87.0,82.0,131.0,182.0
88.0,84.0,132.0,180.0
86.0,82.0,131.0,181.0
88.0,83.0,131.0,181.0
88.0,85.0,131.0,180.0
89.0,84.0,129.0,181.0
89.0,84.0,129.0,182.0
90.0,84.0,129.0,181.0
90.0,83.0,128.0,182.0
90.0,86.0,129.0,179.0
89.0,85.0,130.0,178.0
86.0,85.0,132.0,177.0
87.0,85.0,133.0,178.0
84.0,85.0,133.0,178.0
82.0,87.0,132.0,179.0
82.0,87.0,133.0,179.0
80.0,85.0,132.0,179.0
81.0,84.0,131.0,180.0
80.0,81.0,131.0,180.0
78.0,80.0,132.0,177.0
80.0,81.0,133.0,175.0
76.0,81.0,132.0,175.0
75.0,81.0,134.0,173.0
74.0,81.0,135.0,171.0
72.0,83.0,134.0,172.0
71.0,83.0,135.0,171.0
67.0,84.0,136.0,170.0
66.0,82.0,136.0,170.0
69.0,83.0,135.0,170.0
67.0,82.0,135.0,169.0
65.0,82.0,135.0,170.0
66.0,80.0,134.0,170.0
67.0,80.0,134.0,170.0
66.0,77.0,133.0,170.0
64.0,79.0,133.0,170.0
62.0,81.0,132.0,171.0
58.0,83.0,132.0,172.0
59.0,78.0,132.0,172.0
60.0,79.0,129.0,175.0
60.0,80.0,128.0,175.0
60.0,79.0,128.0,176.0
63.0,76.0,128.0,176.0
64.0,78.0,126.0,179.0
65.0,76.0,124.0,181.0
62.0,74.0,125.0,181.0
64.0,73.0,124.0,183.0
62.0,74.0,126.0,182.0
61.0,74.0,126.0,182.0
60.0,72.0,127.0,182.0
60.0,71.0,127.0,183.0
61.0,70.0,126.0,183.0
60.0,70.0,127.0,183.0
59.0,71.0,128.0,183.0
60.0,68.0,127.0,185.0
59.0,69.0,127.0,184.0
60.0,68.0,127.0,185.0
60.0,66.0,126.0,187.0
63.0,66.0,125.0,189.0
61.0,68.0,126.0,187.0
61.0,67.0,126.0,189.0
61.0,67.0,126.0,190.0
61.0,66.0,126.0,191.0
62.0,64.0,127.0,192.0
61.0,66.0,129.0,188.0
59.0,66.0,129.0,189.0
60.0,65.0,129.0,189.0
60.0,63.0,129.0,190.0
59.0,62.0,130.0,189.0
59.0,62.0,131.0,187.0
61.0,62.0,131.0,187.0
63.0,62.0,131.0,187.0
62.0,61.0,131.0,189.0
63.0,61.0,131.0,187.0
64.0,60.0,132.0,187.0
64.0,62.0,133.0,187.0
65.0,59.0,133.0,187.0
65.0,60.0,135.0,186.0
67.0,59.0,135.0,186.0
67.0,59.0,135.0,186.0
69.0,58.0,135.0,187.0
70.0,58.0,135.0,187.0
72.0,57.0,135.0,187.0
72.0,57.0,134.0,188.0
73.0,56.0,135.0,187.0
75.0,56.0,135.0,188.0
75.0,56.0,133.0,189.0
74.0,58.0,134.0,190.0
73.0,54.0,134.0,189.0
75.0,54.0,134.0,190.0
73.0,53.0,134.0,191.0
75.0,52.0,135.0,190.0
77.0,49.0,133.0,193.0
77.0,50.0,133.0,193.0
78.0,50.0,132.0,192.0
80.0,52.0,132.0,192.0
81.0,52.0,133.0,191.0
82.0,53.0,132.0,190.0
81.0,53.0,132.0,190.0
84.0,52.0,131.0,190.0
81.0,53.0,132.0,189.0
80.0,54.0,132.0,189.0
79.0,54.0,132.0,188.0
79.0,53.0,133.0,187.0
79.0,53.0,134.0,185.0
77.0,56.0,136.0,183.0
79.0,54.0,136.0,183.0
77.0,56.0,137.0,182.0
76.0,55.0,137.0,182.0
78.0,56.0,136.0,182.0
78.0,56.0,136.0,183.0
78.0,53.0,136.0,184.0
79.0,55.0,136.0,184.0
86.0,51.0,136.0,185.0
85.0,53.0,136.0,184.0
85.0,53.0,135.0,186.0
85.0,53.0,134.0,187.0
85.0,54.0,136.0,185.0
86.0,54.0,136.0,184.0
79.0,57.0,134.0,184.0
81.0,60.0,136.0,181.0
80.0,60.0,138.0,178.0
81.0,61.0,137.0,178.0
82.0,60.0,135.0,179.0
82.0,60.0,135.0,178.0
82.0,61.0,134.0,178.0
83.0,60.0,133.0,179.0
84.0,60.0,132.0,179.0
85.0,61.0,131.0,179.0
84.0,61.0,131.0,178.0
85.0,61.0,131.0,177.0
85.0,61.0,131.0,177.0
86.0,60.0,131.0,176.0
87.0,62.0,131.0,175.0
87.0,62.0,131.0,175.0
86.0,62.0,131.0,175.0
88.0,63.0,130.0,175.0
88.0,63.0,130.0,175.0
88.0,64.0,131.0,174.0
90.0,64.0,130.0,174.0
89.0,65.0,130.0,174.0
92.0,64.0,129.0,174.0
94.0,66.0,127.0,175.0
93.0,65.0,127.0,175.0
95.0,64.0,126.0,175.0
96.0,66.0,127.0,174.0
97.0,65.0,126.0,175.0
97.0,65.0,125.0,175.0
97.0,65.0,126.0,174.0
98.0,65.0,126.0,174.0
98.0,65.0,126.0,173.0
100.0,66.0,126.0,172.0
99.0,65.0,127.0,170.0
100.0,64.0,127.0,169.0
101.0,63.0,129.0,167.0
102.0,63.0,129.0,166.0
104.0,63.0,127.0,166.0
107.0,63.0,125.0,167.0
110.0,66.0,124.0,168.0
113.0,69.0,124.0,166.0
116.0,70.0,125.0,165.0
117.0,74.0,126.0,165.0
117.0,77.0,127.0,164.0
118.0,78.0,128.0,163.0
122.0,77.0,127.0,165.0
124.0,76.0,127.0,166.0
125.0,74.0,128.0,167.0
126.0,73.0,128.0,167.0
126.0,73.0,128.0,167.0
127.0,71.0,128.0,168.0
130.0,70.0,128.0,170.0
131.0,71.0,128.0,171.0
131.0,68.0,129.0,171.0
132.0,66.0,129.0,172.0
136.0,69.0,129.0,174.0
136.0,65.0,130.0,175.0
138.0,64.0,130.0,178.0
137.0,65.0,131.0,178.0
128.0,66.0,130.0,179.0
133.0,66.0,132.0,178.0
135.0,68.0,132.0,179.0
126.0,68.0,132.0,180.0
132.0,65.0,132.0,182.0
132.0,66.0,132.0,182.0
134.0,66.0,132.0,183.0
134.0,67.0,132.0,183.0
135.0,66.0,132.0,183.0
134.0,64.0,132.0,185.0
134.0,64.0,131.0,186.0
135.0,65.0,132.0,186.0
133.0,64.0,132.0,187.0
133.0,63.0,133.0,188.0
133.0,64.0,133.0,189.0
133.0,64.0,133.0,189.0
130.0,65.0,133.0,189.0
131.0,64.0,134.0,189.0
130.0,65.0,135.0,187.0
128.0,65.0,136.0,188.0
126.0,66.0,136.0,188.0
126.0,68.0,136.0,187.0
125.0,65.0,137.0,188.0
122.0,65.0,136.0,190.0
122.0,64.0,136.0,189.0
120.0,64.0,136.0,190.0
120.0,66.0,136.0,189.0
118.0,66.0,138.0,187.0
116.0,64.0,139.0,188.0
116.0,66.0,137.0,189.0
116.0,64.0,138.0,190.0
115.0,62.0,137.0,191.0
115.0,61.0,136.0,192.0
114.0,62.0,135.0,194.0
112.0,62.0,136.0,193.0
111.0,63.0,138.0,191.0
108.0,62.0,139.0,191.0
107.0,63.0,138.0,192.0
105.0,60.0,139.0,192.0
104.0,60.0,138.0,193.0
102.0,58.0,139.0,194.0
100.0,58.0,139.0,194.0
97.0,58.0,138.0,196.0
98.0,57.0,140.0,195.0
96.0,56.0,141.0,195.0
93.0,55.0,143.0,193.0
95.0,59.0,142.0,192.0
97.0,61.0,142.0,191.0
97.0,62.0,141.0,191.0
97.0,62.0,141.0,190.0
97.0,64.0,138.0,191.0
97.0,65.0,138.0,190.0
97.0,66.0,138.0,189.0
97.0,68.0,137.0,189.0
96.0,69.0,138.0,187.0
95.0,68.0,138.0,186.0
