134.0,55.0,60.0,88.0
134.0,56.0,61.0,87.0
134.0,55.0,62.0,88.0
132.0,54.0,64.0,87.0
132.0,52.0,64.0,88.0
132.0,56.0,67.0,86.0
131.0,55.0,67.0,87.0
130.0,54.0,67.0,87.0
131.0,57.0,67.0,87.0
130.0,54.0,67.0,88.0
131.0,56.0,67.0,88.0
130.0,56.0,68.0,88.0
131.0,57.0,68.0,87.0
134.0,57.0,68.0,88.0
134.0,57.0,68.0,87.0
133.0,58.0,69.0,87.0
130.0,59.0,68.0,88.0
123.0,57.0,69.0,88.0
119.0,58.0,69.0,89.0
110.0,57.0,69.0,89.0
106.0,58.0,69.0,88.0
99.0,57.0,69.0,89.0
92.0,59.0,70.0,89.0
84.0,59.0,70.0,89.0
79.0,62.0,71.0,88.0
77.0,65.0,71.0,89.0
76.0,66.0,71.0,90.0
78.0,72.0,70.0,90.0
77.0,76.0,71.0,90.0
79.0,81.0,70.0,90.0
80.0,86.0,71.0,90.0
83.0,85.0,71.0,91.0
84.0,85.0,71.0,91.0
89.0,86.0,71.0,91.0
95.0,87.0,71.0,91.0
103.0,86.0,72.0,91.0
112.0,87.0,73.0,90.0
120.0,89.0,73.0,90.0
126.0,90.0,73.0,91.0
133.0,93.0,73.0,90.0
139.0,98.0,73.0,90.0
145.0,100.0,73.0,89.0
151.0,99.0,72.0,90.0
152.0,96.0,71.0,91.0
152.0,97.0,71.0,91.0
152.0,97.0,72.0,91.0
152.0,98.0,72.0,91.0
152.0,97.0,72.0,91.0
152.0,94.0,71.0,92.0
153.0,93.0,71.0,92.0
152.0,88.0,70.0,93.0
153.0,86.0,70.0,93.0
153.0,85.0,71.0,93.0
156.0,85.0,71.0,92.0
155.0,82.0,71.0,91.0
154.0,81.0,71.0,92.0
151.0,79.0,70.0,92.0
144.0,77.0,71.0,92.0
133.0,74.0,70.0,93.0
123.0,72.0,70.0,93.0
114.0,69.0,70.0,94.0
110.0,70.0,70.0,94.0
101.0,71.0,70.0,94.0
91.0,71.0,70.0,94.0
87.0,70.0,70.0,95.0
88.0,72.0,70.0,94.0
86.0,75.0,71.0,94.0
88.0,73.0,72.0,93.0
91.0,75.0,72.0,92.0
96.0,76.0,71.0,94.0
101.0,73.0,71.0,95.0
107.0,75.0,69.0,95.0
114.0,75.0,69.0,94.0
119.0,74.0,70.0,94.0
124.0,73.0,71.0,93.0
130.0,75.0,71.0,92.0
134.0,75.0,72.0,92.0
139.0,75.0,72.0,92.0
138.0,76.0,74.0,91.0
139.0,76.0,74.0,91.0
140.0,80.0,74.0,91.0
141.0,84.0,73.0,92.0
144.0,89.0,73.0,91.0
143.0,94.0,73.0,91.0
141.0,94.0,73.0,91.0
137.0,94.0,72.0,91.0
132.0,92.0,71.0,91.0
123.0,93.0,71.0,92.0
115.0,97.0,70.0,92.0
109.0,96.0,71.0,92.0
106.0,91.0,70.0,93.0
107.0,80.0,69.0,95.0
105.0,72.0,68.0,96.0
105.0,70.0,69.0,96.0
107.0,70.0,68.0,97.0
110.0,72.0,68.0,96.0
114.0,71.0,67.0,96.0
117.0,70.0,67.0,95.0
127.0,70.0,67.0,95.0
134.0,72.0,67.0,95.0
139.0,72.0,67.0,94.0
144.0,71.0,67.0,93.0
147.0,69.0,66.0,94.0
148.0,70.0,66.0,94.0
151.0,77.0,66.0,93.0
150.0,77.0,65.0,94.0
145.0,77.0,66.0,93.0
141.0,77.0,66.0,93.0
130.0,75.0,67.0,93.0
121.0,76.0,66.0,93.0
117.0,78.0,66.0,93.0
113.0,82.0,67.0,92.0
111.0,87.0,66.0,92.0
111.0,89.0,66.0,92.0
112.0,91.0,65.0,92.0
115.0,94.0,65.0,91.0
122.0,94.0,65.0,91.0
130.0,96.0,65.0,91.0
138.0,98.0,64.0,91.0
139.0,100.0,65.0,90.0
143.0,98.0,65.0,89.0
145.0,90.0,66.0,89.0
145.0,84.0,67.0,89.0
144.0,80.0,68.0,89.0
143.0,74.0,68.0,90.0
144.0,73.0,68.0,90.0
145.0,69.0,69.0,89.0
148.0,66.0,69.0,89.0
147.0,68.0,70.0,88.0
145.0,67.0,70.0,88.0
142.0,66.0,70.0,88.0
139.0,66.0,71.0,88.0
133.0,64.0,71.0,89.0
125.0,63.0,73.0,88.0
117.0,62.0,73.0,88.0
105.0,60.0,73.0,88.0
101.0,57.0,72.0,88.0
90.0,58.0,71.0,90.0
89.0,64.0,71.0,90.0
87.0,70.0,71.0,90.0
87.0,74.0,71.0,90.0
92.0,75.0,71.0,90.0
93.0,75.0,70.0,91.0
99.0,75.0,70.0,91.0
105.0,77.0,71.0,89.0
114.0,78.0,72.0,88.0
123.0,78.0,71.0,89.0
131.0,80.0,70.0,89.0
135.0,79.0,70.0,89.0
138.0,79.0,70.0,89.0
138.0,74.0,69.0,90.0
139.0,70.0,69.0,91.0
139.0,72.0,69.0,90.0
142.0,70.0,70.0,89.0
140.0,69.0,70.0,89.0
138.0,71.0,71.0,89.0
131.0,66.0,70.0,90.0
126.0,68.0,70.0,90.0
116.0,67.0,70.0,90.0
108.0,66.0,70.0,90.0
104.0,67.0,71.0,90.0
96.0,65.0,71.0,90.0
87.0,64.0,71.0,90.0
83.0,68.0,70.0,92.0
80.0,78.0,70.0,92.0
81.0,79.0,69.0,93.0
82.0,85.0,69.0,94.0
86.0,88.0,68.0,94.0
91.0,91.0,68.0,93.0
95.0,91.0,68.0,94.0
103.0,92.0,68.0,94.0
108.0,93.0,68.0,93.0
121.0,94.0,69.0,92.0
126.0,93.0,69.0,93.0
134.0,91.0,69.0,94.0
141.0,89.0,69.0,93.0
144.0,87.0,69.0,94.0
148.0,84.0,69.0,95.0
148.0,82.0,69.0,95.0
146.0,79.0,69.0,96.0
149.0,72.0,69.0,96.0
148.0,71.0,71.0,95.0
153.0,71.0,70.0,95.0
152.0,69.0,69.0,96.0
152.0,68.0,69.0,96.0
150.0,68.0,68.0,96.0
146.0,68.0,67.0,97.0
141.0,67.0,68.0,96.0
130.0,64.0,68.0,97.0
129.0,63.0,67.0,97.0
123.0,63.0,68.0,96.0
117.0,62.0,69.0,96.0
107.0,61.0,69.0,96.0
102.0,60.0,68.0,96.0
98.0,60.0,68.0,96.0
90.0,62.0,69.0,95.0
86.0,59.0,69.0,95.0
82.0,62.0,70.0,95.0
81.0,66.0,71.0,94.0
81.0,71.0,71.0,94.0
79.0,74.0,70.0,95.0
79.0,76.0,69.0,95.0
81.0,79.0,70.0,94.0
85.0,81.0,69.0,94.0
91.0,81.0,68.0,94.0
101.0,78.0,68.0,94.0
104.0,80.0,68.0,94.0
115.0,80.0,69.0,93.0
121.0,80.0,68.0,92.0
128.0,81.0,68.0,92.0
134.0,83.0,68.0,91.0
139.0,83.0,67.0,91.0
142.0,85.0,67.0,91.0
142.0,84.0,67.0,90.0
143.0,81.0,68.0,90.0
142.0,73.0,69.0,90.0
145.0,74.0,68.0,90.0
146.0,76.0,67.0,90.0
145.0,75.0,68.0,90.0
141.0,76.0,68.0,89.0
135.0,73.0,68.0,90.0
129.0,73.0,68.0,90.0
120.0,70.0,69.0,90.0
116.0,71.0,69.0,89.0
111.0,72.0,69.0,89.0
104.0,71.0,69.0,89.0
99.0,70.0,69.0,89.0
96.0,72.0,70.0,88.0
93.0,72.0,71.0,87.0
93.0,73.0,70.0,87.0
92.0,71.0,70.0,87.0
96.0,72.0,70.0,87.0
97.0,71.0,69.0,87.0
101.0,72.0,68.0,88.0
106.0,72.0,68.0,87.0
109.0,72.0,68.0,87.0
115.0,72.0,68.0,87.0
121.0,71.0,67.0,87.0
128.0,69.0,67.0,87.0
134.0,71.0,67.0,87.0
139.0,72.0,68.0,86.0
142.0,73.0,68.0,85.0
144.0,76.0,67.0,86.0
147.0,76.0,65.0,87.0
149.0,91.0,65.0,87.0
147.0,96.0,66.0,86.0
142.0,96.0,67.0,85.0
137.0,96.0,67.0,86.0
130.0,96.0,68.0,86.0
116.0,100.0,68.0,86.0
108.0,99.0,68.0,87.0
102.0,99.0,69.0,87.0
100.0,97.0,69.0,87.0
98.0,90.0,68.0,88.0
96.0,85.0,68.0,89.0
97.0,82.0,70.0,87.0
96.0,81.0,69.0,88.0
95.0,77.0,69.0,89.0
96.0,75.0,69.0,89.0
95.0,72.0,69.0,90.0
98.0,71.0,69.0,89.0
101.0,69.0,69.0,90.0
105.0,68.0,69.0,90.0
110.0,67.0,69.0,89.0
115.0,67.0,69.0,88.0
122.0,65.0,68.0,89.0
127.0,64.0,69.0,89.0
133.0,63.0,69.0,88.0
136.0,66.0,70.0,86.0
141.0,66.0,70.0,85.0
142.0,68.0,70.0,85.0
145.0,67.0,69.0,86.0
146.0,66.0,70.0,85.0
147.0,63.0,69.0,86.0
146.0,63.0,70.0,86.0
147.0,64.0,71.0,84.0
147.0,64.0,71.0,84.0
148.0,59.0,70.0,86.0
144.0,61.0,69.0,86.0
140.0,59.0,69.0,87.0
132.0,60.0,70.0,86.0
130.0,59.0,68.0,87.0
124.0,60.0,68.0,89.0
113.0,60.0,68.0,89.0
106.0,59.0,69.0,89.0
99.0,61.0,69.0,90.0
92.0,60.0,69.0,90.0
89.0,61.0,69.0,90.0
85.0,59.0,68.0,91.0
83.0,58.0,68.0,92.0
81.0,57.0,68.0,93.0
81.0,57.0,68.0,93.0
81.0,57.0,67.0,93.0
80.0,57.0,67.0,93.0
81.0,58.0,67.0,93.0
85.0,60.0,66.0,93.0
93.0,58.0,66.0,93.0
100.0,59.0,66.0,92.0
114.0,57.0,66.0,93.0
120.0,55.0,65.0,93.0
128.0,55.0,65.0,92.0
136.0,56.0,66.0,91.0
143.0,58.0,64.0,90.0
145.0,62.0,65.0,91.0
147.0,70.0,64.0,91.0
149.0,77.0,64.0,91.0
149.0,92.0,64.0,91.0
147.0,99.0,63.0,91.0
143.0,102.0,64.0,90.0
132.0,106.0,65.0,88.0
129.0,106.0,66.0,89.0
115.0,108.0,67.0,88.0
101.0,109.0,68.0,88.0
87.0,109.0,68.0,88.0
82.0,108.0,69.0,89.0
78.0,97.0,69.0,89.0
77.0,92.0,69.0,90.0
75.0,82.0,69.0,90.0
75.0,79.0,70.0,89.0
78.0,76.0,71.0,88.0
84.0,74.0,70.0,89.0
92.0,72.0,71.0,88.0
98.0,71.0,71.0,88.0
108.0,72.0,72.0,87.0
125.0,72.0,71.0,87.0
134.0,73.0,70.0,87.0
142.0,73.0,69.0,87.0
150.0,70.0,68.0,88.0
151.0,71.0,67.0,89.0
152.0,73.0,67.0,89.0
154.0,79.0,65.0,91.0
154.0,85.0,65.0,91.0
152.0,90.0,66.0,90.0
145.0,92.0,66.0,90.0
139.0,92.0,66.0,91.0
129.0,92.0,67.0,90.0
120.0,92.0,67.0,91.0
111.0,95.0,68.0,90.0
105.0,94.0,68.0,90.0
104.0,93.0,68.0,89.0
101.0,88.0,69.0,89.0
99.0,84.0,69.0,89.0
99.0,81.0,70.0,88.0
99.0,78.0,69.0,89.0
102.0,74.0,69.0,89.0
103.0,72.0,70.0,89.0
108.0,70.0,71.0,89.0
117.0,69.0,71.0,89.0
126.0,68.0,71.0,90.0
134.0,67.0,71.0,91.0
141.0,68.0,71.0,90.0
143.0,68.0,73.0,90.0
145.0,73.0,72.0,91.0
145.0,79.0,73.0,90.0
141.0,79.0,73.0,90.0
133.0,82.0,73.0,91.0
126.0,78.0,74.0,92.0
120.0,78.0,74.0,93.0
108.0,75.0,73.0,92.0
96.0,74.0,74.0,93.0
90.0,75.0,74.0,93.0
86.0,74.0,74.0,94.0
82.0,75.0,74.0,94.0
81.0,74.0,75.0,94.0
80.0,79.0,75.0,94.0
81.0,81.0,75.0,94.0
83.0,82.0,74.0,94.0
86.0,82.0,73.0,95.0
89.0,82.0,72.0,95.0
96.0,82.0,73.0,95.0
105.0,83.0,73.0,94.0
115.0,83.0,73.0,95.0
124.0,83.0,73.0,95.0
132.0,83.0,73.0,94.0
137.0,83.0,72.0,94.0
140.0,83.0,72.0,94.0
141.0,77.0,72.0,94.0
144.0,74.0,72.0,93.0
144.0,75.0,72.0,93.0
143.0,76.0,72.0,93.0
142.0,75.0,72.0,93.0
135.0,70.0,72.0,92.0
127.0,70.0,72.0,93.0
120.0,69.0,72.0,94.0
110.0,67.0,73.0,93.0
98.0,65.0,72.0,94.0
94.0,65.0,72.0,94.0
86.0,62.0,72.0,95.0
79.0,63.0,73.0,95.0
76.0,66.0,74.0,94.0
76.0,70.0,74.0,93.0
76.0,72.0,74.0,93.0
77.0,74.0,74.0,93.0
81.0,76.0,74.0,93.0
86.0,80.0,74.0,93.0
93.0,79.0,74.0,93.0
101.0,81.0,74.0,94.0
107.0,79.0,74.0,95.0
122.0,79.0,74.0,96.0
128.0,80.0,75.0,95.0
138.0,80.0,76.0,95.0
145.0,81.0,76.0,94.0
147.0,81.0,77.0,94.0
149.0,83.0,77.0,94.0
150.0,81.0,77.0,95.0
148.0,77.0,77.0,96.0
145.0,76.0,77.0,96.0
140.0,71.0,77.0,96.0
132.0,67.0,77.0,94.0
127.0,66.0,76.0,96.0
117.0,60.0,76.0,97.0
110.0,58.0,76.0,97.0
101.0,60.0,77.0,97.0
91.0,58.0,77.0,97.0
88.0,57.0,76.0,98.0
83.0,55.0,76.0,98.0
81.0,59.0,76.0,98.0
81.0,62.0,76.0,96.0
81.0,68.0,77.0,95.0
85.0,72.0,76.0,95.0
89.0,73.0,75.0,96.0
93.0,73.0,74.0,97.0
100.0,76.0,73.0,96.0
107.0,78.0,73.0,96.0
116.0,79.0,73.0,95.0
124.0,80.0,73.0,94.0
131.0,80.0,73.0,94.0
139.0,79.0,73.0,93.0
147.0,79.0,72.0,93.0
152.0,79.0,72.0,93.0
152.0,80.0,73.0,92.0
153.0,75.0,73.0,92.0
152.0,72.0,73.0,93.0
153.0,69.0,73.0,93.0
152.0,67.0,74.0,92.0
153.0,64.0,73.0,93.0
151.0,61.0,73.0,93.0
152.0,60.0,73.0,93.0
153.0,59.0,72.0,93.0
153.0,60.0,71.0,93.0
153.0,61.0,71.0,93.0
153.0,61.0,71.0,93.0
147.0,55.0,71.0,93.0
149.0,57.0,71.0,92.0
148.0,57.0,72.0,91.0
149.0,58.0,72.0,91.0
148.0,58.0,71.0,91.0
148.0,57.0,72.0,91.0
146.0,57.0,72.0,90.0
146.0,54.0,72.0,89.0
146.0,54.0,72.0,89.0
147.0,54.0,73.0,88.0
147.0,56.0,73.0,88.0
147.0,56.0,73.0,89.0
147.0,54.0,73.0,89.0
146.0,55.0,74.0,89.0
146.0,55.0,74.0,89.0
147.0,55.0,73.0,89.0
146.0,54.0,73.0,89.0
147.0,55.0,73.0,89.0
146.0,55.0,72.0,89.0
148.0,54.0,71.0,90.0
146.0,55.0,71.0,89.0
148.0,57.0,71.0,89.0
148.0,54.0,71.0,89.0
148.0,56.0,70.0,90.0
148.0,53.0,70.0,90.0
148.0,55.0,70.0,89.0
147.0,55.0,70.0,90.0
149.0,55.0,69.0,90.0
149.0,54.0,68.0,92.0
149.0,54.0,67.0,93.0
150.0,54.0,66.0,93.0
150.0,53.0,66.0,94.0
150.0,53.0,66.0,94.0
151.0,54.0,66.0,93.0
