253.0,66.0,23.0,28.0
252.0,68.0,22.0,27.0
249.0,69.0,22.0,27.0
247.0,70.0,22.0,27.0
243.0,71.0,23.0,26.0
241.0,71.0,22.0,26.0
239.0,71.0,22.0,26.0
237.0,71.0,22.0,26.0
235.0,71.0,23.0,26.0
234.0,70.0,22.0,26.0
233.0,70.0,22.0,26.0
232.0,69.0,22.0,26.0
233.0,69.0,22.0,27.0
232.0,67.0,22.0,27.0
231.0,67.0,22.0,27.0
230.0,67.0,22.0,27.0
231.0,66.0,22.0,27.0
231.0,66.0,22.0,27.0
231.0,67.0,22.0,27.0
230.0,66.0,22.0,27.0
230.0,66.0,22.0,27.0
230.0,67.0,22.0,27.0
230.0,66.0,22.0,27.0
229.0,65.0,22.0,28.0
228.0,64.0,22.0,28.0
227.0,63.0,22.0,28.0
225.0,61.0,22.0,28.0
224.0,60.0,22.0,28.0
222.0,59.0,23.0,28.0
221.0,59.0,22.0,28.0
219.0,59.0,23.0,28.0
217.0,58.0,23.0,28.0
215.0,57.0,22.0,29.0
213.0,57.0,22.0,29.0
211.0,57.0,22.0,29.0
210.0,58.0,22.0,29.0
209.0,58.0,22.0,29.0
206.0,61.0,23.0,29.0
205.0,62.0,23.0,29.0
203.0,62.0,23.0,29.0
200.0,64.0,23.0,30.0
199.0,63.0,23.0,30.0
196.0,61.0,24.0,30.0
195.0,60.0,24.0,30.0
193.0,59.0,25.0,30.0
192.0,58.0,25.0,30.0
191.0,57.0,25.0,30.0
190.0,55.0,25.0,31.0
190.0,54.0,25.0,31.0
190.0,52.0,25.0,31.0
189.0,52.0,26.0,32.0
189.0,52.0,26.0,32.0
189.0,52.0,26.0,32.0
188.0,52.0,26.0,32.0
188.0,52.0,26.0,32.0
188.0,53.0,26.0,33.0
190.0,54.0,26.0,33.0
190.0,55.0,26.0,34.0
190.0,55.0,26.0,34.0
190.0,56.0,27.0,34.0
191.0,56.0,27.0,34.0
191.0,56.0,27.0,35.0
191.0,56.0,27.0,35.0
191.0,56.0,27.0,35.0
191.0,54.0,28.0,36.0
190.0,54.0,28.0,36.0
190.0,53.0,28.0,36.0
190.0,53.0,28.0,37.0
188.0,52.0,30.0,36.0
186.0,54.0,30.0,35.0
184.0,53.0,31.0,35.0
182.0,52.0,31.0,36.0
180.0,55.0,31.0,36.0
177.0,54.0,32.0,36.0
176.0,53.0,31.0,37.0
174.0,53.0,32.0,38.0
173.0,53.0,32.0,39.0
170.0,53.0,32.0,38.0
168.0,52.0,33.0,39.0
167.0,51.0,33.0,39.0
166.0,50.0,33.0,39.0
163.0,49.0,33.0,39.0
161.0,47.0,33.0,40.0
160.0,46.0,33.0,41.0
158.0,44.0,34.0,41.0
156.0,44.0,34.0,41.0
152.0,44.0,35.0,42.0
149.0,44.0,35.0,42.0
143.0,44.0,35.0,42.0
139.0,44.0,36.0,42.0
134.0,45.0,36.0,43.0
131.0,47.0,37.0,42.0
124.0,49.0,37.0,42.0
119.0,51.0,37.0,43.0
113.0,53.0,37.0,43.0
107.0,54.0,37.0,44.0
99.0,56.0,37.0,43.0
93.0,58.0,37.0,44.0
89.0,59.0,37.0,44.0
85.0,59.0,37.0,44.0
80.0,60.0,37.0,44.0
79.0,55.0,36.0,46.0
78.0,56.0,36.0,46.0
76.0,57.0,37.0,45.0
76.0,54.0,37.0,45.0
71.0,56.0,36.0,45.0
69.0,61.0,36.0,46.0
70.0,61.0,36.0,47.0
70.0,61.0,35.0,47.0
71.0,63.0,36.0,48.0
74.0,67.0,36.0,48.0
74.0,67.0,36.0,48.0
74.0,68.0,35.0,49.0
74.0,72.0,36.0,50.0
75.0,73.0,36.0,50.0
77.0,73.0,37.0,50.0
83.0,74.0,37.0,50.0
84.0,73.0,37.0,50.0
85.0,73.0,37.0,50.0
91.0,72.0,37.0,51.0
92.0,71.0,37.0,51.0
93.0,70.0,37.0,51.0
99.0,69.0,37.0,51.0
99.0,65.0,37.0,51.0
99.0,65.0,37.0,52.0
99.0,65.0,37.0,52.0
104.0,66.0,37.0,52.0
104.0,66.0,37.0,52.0
108.0,68.0,37.0,51.0
109.0,69.0,37.0,52.0
110.0,70.0,37.0,52.0
110.0,70.0,38.0,52.0
111.0,71.0,39.0,51.0
113.0,70.0,39.0,51.0
114.0,68.0,40.0,51.0
115.0,64.0,41.0,50.0
116.0,62.0,41.0,50.0
116.0,60.0,42.0,51.0
116.0,58.0,42.0,51.0
117.0,56.0,43.0,51.0
115.0,55.0,44.0,51.0
112.0,55.0,44.0,51.0
109.0,54.0,45.0,51.0
108.0,54.0,45.0,52.0
107.0,55.0,45.0,53.0
105.0,55.0,45.0,53.0
103.0,56.0,46.0,53.0
99.0,56.0,46.0,53.0
94.0,56.0,46.0,53.0
89.0,56.0,47.0,53.0
83.0,57.0,47.0,53.0
77.0,57.0,47.0,54.0
71.0,58.0,48.0,54.0
69.0,57.0,46.0,55.0
66.0,57.0,46.0,56.0
65.0,57.0,45.0,56.0
64.0,56.0,45.0,57.0
65.0,55.0,45.0,57.0
69.0,54.0,45.0,57.0
70.0,55.0,46.0,57.0
73.0,55.0,45.0,57.0
79.0,54.0,45.0,58.0
84.0,53.0,45.0,58.0
87.0,53.0,45.0,58.0
93.0,53.0,45.0,58.0
97.0,53.0,46.0,58.0
102.0,52.0,45.0,58.0
108.0,51.0,45.0,59.0
113.0,50.0,45.0,59.0
116.0,47.0,45.0,60.0
120.0,46.0,45.0,60.0
124.0,44.0,45.0,60.0
127.0,45.0,45.0,60.0
128.0,44.0,45.0,61.0
131.0,43.0,45.0,61.0
134.0,41.0,46.0,61.0
135.0,41.0,45.0,61.0
140.0,41.0,45.0,61.0
141.0,42.0,45.0,61.0
146.0,44.0,45.0,61.0
147.0,45.0,46.0,60.0
149.0,47.0,46.0,60.0
151.0,50.0,47.0,59.0
153.0,51.0,47.0,59.0
154.0,51.0,48.0,59.0
155.0,51.0,47.0,60.0
157.0,52.0,47.0,60.0
159.0,52.0,47.0,60.0
163.0,49.0,47.0,61.0
166.0,46.0,46.0,61.0
168.0,43.0,46.0,61.0
171.0,41.0,47.0,61.0
174.0,39.0,47.0,61.0
176.0,37.0,47.0,61.0
178.0,35.0,48.0,61.0
180.0,33.0,48.0,62.0
183.0,33.0,48.0,62.0
185.0,33.0,49.0,62.0
186.0,34.0,49.0,62.0
187.0,38.0,49.0,62.0
190.0,40.0,50.0,62.0
192.0,42.0,51.0,62.0
194.0,45.0,50.0,63.0
195.0,49.0,50.0,63.0
199.0,51.0,50.0,63.0
200.0,54.0,51.0,63.0
203.0,55.0,52.0,62.0
204.0,55.0,52.0,63.0
205.0,55.0,53.0,62.0
206.0,55.0,53.0,62.0
206.0,54.0,53.0,63.0
207.0,52.0,53.0,63.0
205.0,53.0,54.0,63.0
202.0,52.0,54.0,63.0
200.0,52.0,55.0,63.0
198.0,53.0,56.0,64.0
197.0,56.0,56.0,65.0
198.0,58.0,56.0,66.0
200.0,58.0,58.0,65.0
200.0,60.0,59.0,64.0
201.0,62.0,59.0,65.0
203.0,63.0,59.0,65.0
203.0,64.0,59.0,66.0
205.0,63.0,58.0,67.0
208.0,63.0,58.0,67.0
206.0,58.0,58.0,68.0
205.0,58.0,57.0,68.0
202.0,59.0,57.0,68.0
200.0,57.0,56.0,69.0
197.0,55.0,57.0,69.0
194.0,54.0,56.0,69.0
191.0,53.0,56.0,69.0
187.0,54.0,57.0,69.0
183.0,54.0,56.0,69.0
180.0,56.0,56.0,69.0
177.0,56.0,55.0,69.0
173.0,61.0,55.0,69.0
170.0,61.0,55.0,68.0
166.0,65.0,55.0,67.0
163.0,67.0,55.0,66.0
159.0,69.0,55.0,65.0
155.0,70.0,55.0,65.0
152.0,71.0,54.0,64.0
147.0,73.0,54.0,64.0
146.0,71.0,53.0,64.0
145.0,69.0,53.0,64.0
146.0,69.0,54.0,62.0
148.0,69.0,54.0,61.0
151.0,67.0,53.0,62.0
154.0,66.0,52.0,63.0
158.0,63.0,51.0,64.0
161.0,63.0,51.0,63.0
164.0,62.0,50.0,63.0
167.0,62.0,49.0,64.0
170.0,63.0,49.0,63.0
175.0,65.0,49.0,63.0
177.0,67.0,49.0,62.0
179.0,68.0,48.0,62.0
180.0,71.0,49.0,60.0
186.0,73.0,49.0,60.0
188.0,74.0,49.0,59.0
195.0,74.0,49.0,59.0
202.0,72.0,49.0,58.0
205.0,74.0,49.0,57.0
210.0,74.0,49.0,57.0
213.0,74.0,49.0,57.0
219.0,77.0,49.0,57.0
222.0,74.0,49.0,57.0
225.0,72.0,49.0,57.0
228.0,72.0,50.0,56.0
230.0,71.0,50.0,55.0
234.0,70.0,50.0,55.0
235.0,70.0,49.0,55.0
238.0,71.0,49.0,55.0
238.0,70.0,48.0,55.0
237.0,69.0,48.0,54.0
237.0,69.0,48.0,54.0
236.0,68.0,47.0,54.0
235.0,67.0,47.0,54.0
234.0,66.0,46.0,54.0
234.0,65.0,46.0,54.0
234.0,65.0,45.0,54.0
237.0,66.0,45.0,54.0
240.0,68.0,45.0,53.0
240.0,69.0,45.0,52.0
242.0,73.0,45.0,52.0
243.0,73.0,45.0,52.0
250.0,77.0,46.0,51.0
251.0,77.0,46.0,51.0
256.0,82.0,47.0,50.0
260.0,83.0,47.0,49.0
259.0,81.0,46.0,50.0
260.0,82.0,46.0,49.0
259.0,82.0,46.0,49.0
259.0,82.0,45.0,50.0
259.0,82.0,44.0,50.0
258.0,82.0,43.0,51.0
259.0,82.0,42.0,51.0
260.0,83.0,42.0,51.0
260.0,80.0,42.0,50.0
262.0,83.0,42.0,50.0
262.0,84.0,42.0,49.0
262.0,86.0,43.0,49.0
263.0,86.0,43.0,48.0
264.0,87.0,43.0,48.0
266.0,83.0,43.0,48.0
267.0,83.0,43.0,48.0
269.0,80.0,42.0,48.0
270.0,81.0,42.0,48.0
272.0,82.0,42.0,48.0
273.0,82.0,42.0,47.0
274.0,81.0,41.0,48.0
276.0,81.0,40.0,48.0
277.0,79.0,40.0,48.0
279.0,77.0,39.0,48.0
280.0,77.0,38.0,48.0
280.0,77.0,37.0,48.0
280.0,77.0,37.0,48.0
280.0,77.0,36.0,47.0
280.0,78.0,36.0,47.0
278.0,78.0,36.0,46.0
278.0,77.0,36.0,46.0
277.0,77.0,35.0,45.0
274.0,78.0,35.0,45.0
274.0,77.0,34.0,45.0
274.0,76.0,34.0,45.0
