245.0,64.0,12.0,13.0
246.0,65.0,11.0,13.0
246.0,65.0,11.0,13.0
247.0,65.0,11.0,13.0
247.0,65.0,11.0,13.0
248.0,65.0,11.0,13.0
247.0,64.0,11.0,12.0
247.0,64.0,11.0,13.0
247.0,64.0,11.0,13.0
247.0,65.0,11.0,13.0
247.0,65.0,11.0,13.0
248.0,64.0,11.0,13.0
248.0,64.0,11.0,13.0
248.0,64.0,11.0,13.0
248.0,64.0,11.0,13.0
248.0,64.0,11.0,13.0
248.0,64.0,11.0,13.0
248.0,64.0,11.0,13.0
248.0,64.0,11.0,13.0
248.0,64.0,11.0,13.0
248.0,65.0,11.0,13.0
247.0,64.0,11.0,13.0
247.0,65.0,11.0,13.0
247.0,65.0,11.0,13.0
246.0,64.0,11.0,13.0
246.0,64.0,11.0,13.0
244.0,65.0,11.0,13.0
244.0,64.0,11.0,13.0
243.0,65.0,12.0,13.0
243.0,64.0,12.0,13.0
241.0,65.0,12.0,13.0
241.0,64.0,12.0,14.0
240.0,65.0,12.0,14.0
239.0,65.0,12.0,14.0
237.0,66.0,12.0,14.0
236.0,65.0,12.0,14.0
234.0,65.0,12.0,14.0
233.0,65.0,12.0,14.0
231.0,66.0,12.0,13.0
230.0,67.0,12.0,13.0
228.0,66.0,12.0,14.0
225.0,66.0,12.0,14.0
224.0,65.0,12.0,14.0
222.0,65.0,12.0,14.0
220.0,64.0,12.0,14.0
218.0,64.0,12.0,13.0
217.0,64.0,12.0,13.0
214.0,64.0,12.0,14.0
213.0,63.0,12.0,14.0
211.0,63.0,12.0,14.0
209.0,63.0,12.0,14.0
207.0,62.0,12.0,14.0
206.0,62.0,12.0,13.0
204.0,63.0,12.0,13.0
202.0,64.0,12.0,13.0
201.0,63.0,12.0,14.0
199.0,64.0,12.0,14.0
197.0,64.0,12.0,14.0
195.0,64.0,12.0,14.0
194.0,64.0,12.0,14.0
192.0,63.0,12.0,14.0
190.0,63.0,12.0,14.0
188.0,63.0,12.0,14.0
187.0,62.0,12.0,14.0
185.0,62.0,12.0,14.0
183.0,62.0,12.0,14.0
181.0,62.0,12.0,14.0
180.0,62.0,12.0,14.0
178.0,61.0,12.0,14.0
176.0,61.0,13.0,14.0
173.0,62.0,13.0,14.0
172.0,62.0,13.0,14.0
171.0,62.0,13.0,14.0
169.0,62.0,13.0,14.0
167.0,62.0,13.0,14.0
165.0,62.0,13.0,14.0
163.0,63.0,13.0,14.0
161.0,62.0,13.0,14.0
159.0,63.0,13.0,14.0
158.0,63.0,13.0,14.0
156.0,62.0,13.0,14.0
154.0,62.0,13.0,14.0
154.0,62.0,13.0,15.0
153.0,60.0,13.0,15.0
152.0,61.0,13.0,14.0
151.0,60.0,13.0,14.0
150.0,60.0,13.0,15.0
151.0,61.0,13.0,15.0
150.0,60.0,13.0,15.0
150.0,61.0,13.0,15.0
150.0,61.0,13.0,15.0
150.0,62.0,12.0,15.0
151.0,62.0,12.0,15.0
151.0,63.0,12.0,15.0
152.0,62.0,12.0,15.0
152.0,62.0,12.0,15.0
152.0,61.0,12.0,15.0
153.0,62.0,12.0,15.0
153.0,62.0,12.0,15.0
153.0,62.0,12.0,15.0
154.0,62.0,12.0,15.0
153.0,61.0,12.0,15.0
154.0,61.0,12.0,15.0
153.0,61.0,12.0,15.0
154.0,61.0,12.0,15.0
155.0,61.0,12.0,15.0
154.0,61.0,12.0,15.0
155.0,61.0,12.0,15.0
155.0,61.0,12.0,15.0
155.0,61.0,12.0,15.0
155.0,61.0,12.0,15.0
156.0,62.0,12.0,15.0
156.0,63.0,12.0,15.0
155.0,63.0,12.0,15.0
155.0,64.0,12.0,15.0
156.0,64.0,12.0,16.0
156.0,65.0,12.0,16.0
157.0,65.0,12.0,16.0
157.0,65.0,12.0,16.0
158.0,65.0,12.0,16.0
157.0,66.0,13.0,16.0
158.0,66.0,13.0,16.0
157.0,66.0,13.0,16.0
157.0,65.0,13.0,16.0
156.0,65.0,13.0,16.0
157.0,65.0,13.0,16.0
156.0,64.0,13.0,16.0
156.0,63.0,13.0,16.0
156.0,62.0,14.0,16.0
155.0,62.0,14.0,16.0
154.0,61.0,14.0,16.0
153.0,60.0,14.0,17.0
152.0,61.0,14.0,16.0
152.0,60.0,14.0,16.0
151.0,60.0,14.0,17.0
150.0,59.0,14.0,17.0
150.0,59.0,15.0,17.0
149.0,60.0,14.0,17.0
148.0,61.0,15.0,17.0
148.0,60.0,14.0,17.0
148.0,60.0,15.0,17.0
147.0,61.0,15.0,17.0
147.0,61.0,15.0,17.0
148.0,60.0,15.0,18.0
147.0,59.0,15.0,18.0
147.0,58.0,15.0,18.0
146.0,58.0,15.0,18.0
146.0,57.0,15.0,18.0
145.0,57.0,15.0,18.0
144.0,57.0,15.0,18.0
143.0,57.0,15.0,18.0
142.0,56.0,15.0,18.0
140.0,57.0,15.0,18.0
139.0,58.0,16.0,18.0
138.0,58.0,16.0,18.0
137.0,57.0,15.0,18.0
134.0,58.0,16.0,18.0
132.0,58.0,16.0,18.0
131.0,57.0,16.0,18.0
129.0,59.0,16.0,18.0
127.0,59.0,16.0,18.0
125.0,57.0,16.0,18.0
123.0,58.0,16.0,19.0
121.0,58.0,16.0,19.0
121.0,57.0,16.0,19.0
119.0,56.0,16.0,19.0
118.0,55.0,16.0,19.0
116.0,54.0,16.0,19.0
115.0,53.0,16.0,20.0
113.0,53.0,16.0,20.0
111.0,52.0,17.0,20.0
110.0,52.0,17.0,20.0
108.0,52.0,17.0,19.0
107.0,52.0,17.0,19.0
106.0,53.0,17.0,20.0
106.0,52.0,17.0,20.0
104.0,52.0,17.0,20.0
103.0,52.0,17.0,20.0
102.0,53.0,17.0,20.0
101.0,53.0,17.0,20.0
102.0,53.0,17.0,20.0
101.0,52.0,17.0,20.0
100.0,53.0,17.0,20.0
100.0,52.0,17.0,20.0
100.0,52.0,17.0,20.0
99.0,51.0,17.0,21.0
99.0,50.0,18.0,21.0
98.0,50.0,18.0,21.0
96.0,51.0,18.0,21.0
96.0,51.0,18.0,21.0
95.0,50.0,18.0,21.0
93.0,51.0,18.0,21.0
93.0,51.0,18.0,22.0
91.0,51.0,18.0,22.0
90.0,51.0,18.0,22.0
88.0,52.0,18.0,22.0
87.0,52.0,18.0,22.0
85.0,53.0,18.0,22.0
84.0,53.0,18.0,22.0
81.0,53.0,18.0,23.0
80.0,53.0,18.0,23.0
78.0,53.0,18.0,23.0
77.0,51.0,18.0,23.0
76.0,51.0,18.0,23.0
75.0,50.0,18.0,23.0
75.0,49.0,18.0,24.0
74.0,49.0,18.0,24.0
74.0,49.0,18.0,24.0
73.0,49.0,19.0,24.0
74.0,49.0,19.0,24.0
74.0,49.0,19.0,24.0
74.0,48.0,19.0,24.0
76.0,49.0,19.0,24.0
77.0,49.0,19.0,24.0
77.0,49.0,19.0,24.0
78.0,49.0,19.0,24.0
80.0,49.0,20.0,24.0
81.0,49.0,20.0,25.0
82.0,47.0,20.0,24.0
83.0,47.0,20.0,24.0
84.0,47.0,20.0,24.0
85.0,47.0,20.0,25.0
85.0,46.0,20.0,25.0
85.0,47.0,20.0,25.0
86.0,46.0,21.0,25.0
86.0,46.0,21.0,25.0
86.0,46.0,21.0,26.0
87.0,47.0,21.0,26.0
89.0,47.0,21.0,26.0
89.0,47.0,21.0,26.0
89.0,47.0,21.0,26.0
89.0,48.0,21.0,26.0
89.0,47.0,21.0,26.0
90.0,48.0,22.0,26.0
90.0,48.0,21.0,27.0
90.0,47.0,22.0,27.0
91.0,47.0,22.0,27.0
91.0,46.0,22.0,27.0
91.0,46.0,22.0,27.0
92.0,46.0,22.0,28.0
92.0,44.0,22.0,28.0
93.0,44.0,22.0,28.0
92.0,44.0,22.0,28.0
93.0,44.0,23.0,29.0
94.0,42.0,23.0,29.0
94.0,42.0,23.0,29.0
94.0,41.0,23.0,29.0
94.0,41.0,23.0,29.0
95.0,41.0,23.0,29.0
95.0,40.0,24.0,29.0
96.0,40.0,24.0,29.0
98.0,41.0,24.0,29.0
99.0,42.0,24.0,29.0
101.0,42.0,25.0,29.0
103.0,43.0,25.0,29.0
105.0,43.0,25.0,29.0
107.0,44.0,25.0,30.0
110.0,44.0,25.0,30.0
113.0,44.0,25.0,30.0
115.0,45.0,25.0,30.0
118.0,46.0,25.0,30.0
121.0,46.0,25.0,30.0
124.0,46.0,25.0,30.0
127.0,45.0,25.0,30.0
130.0,44.0,26.0,30.0
133.0,44.0,26.0,30.0
136.0,43.0,26.0,30.0
138.0,43.0,27.0,29.0
140.0,42.0,26.0,30.0
140.0,41.0,27.0,30.0
142.0,40.0,26.0,30.0
143.0,41.0,27.0,30.0
145.0,40.0,27.0,30.0
146.0,40.0,27.0,30.0
147.0,40.0,27.0,30.0
149.0,40.0,27.0,31.0
150.0,39.0,27.0,31.0
153.0,39.0,26.0,31.0
156.0,40.0,27.0,31.0
159.0,41.0,26.0,32.0
162.0,41.0,26.0,32.0
166.0,42.0,27.0,32.0
169.0,43.0,27.0,32.0
175.0,43.0,27.0,32.0
180.0,43.0,28.0,32.0
184.0,45.0,28.0,32.0
187.0,45.0,28.0,32.0
193.0,45.0,28.0,32.0
195.0,44.0,28.0,32.0
201.0,44.0,28.0,32.0
203.0,44.0,29.0,32.0
206.0,44.0,29.0,32.0
209.0,43.0,29.0,32.0
213.0,42.0,30.0,32.0
216.0,41.0,30.0,32.0
218.0,41.0,30.0,33.0
221.0,41.0,30.0,33.0
224.0,40.0,30.0,33.0
226.0,40.0,30.0,33.0
229.0,42.0,30.0,34.0
232.0,42.0,30.0,34.0
235.0,43.0,30.0,34.0
238.0,43.0,30.0,34.0
241.0,44.0,30.0,34.0
244.0,45.0,30.0,34.0
247.0,46.0,30.0,33.0
251.0,47.0,30.0,33.0
254.0,46.0,30.0,33.0
257.0,46.0,30.0,33.0
260.0,47.0,30.0,33.0
262.0,46.0,30.0,33.0
265.0,45.0,30.0,33.0
268.0,45.0,30.0,33.0
270.0,44.0,30.0,33.0
273.0,45.0,29.0,33.0
275.0,44.0,29.0,33.0
278.0,45.0,28.0,34.0
280.0,46.0,28.0,33.0
282.0,47.0,28.0,34.0
285.0,46.0,28.0,34.0
287.0,48.0,28.0,34.0
289.0,47.0,28.0,34.0
292.0,47.0,28.0,34.0
292.0,46.0,28.0,35.0
294.0,46.0,28.0,35.0
295.0,44.0,28.0,35.0
295.0,43.0,28.0,35.0
297.0,43.0,28.0,35.0
297.0,42.0,28.0,34.0
298.0,41.0,28.0,35.0
298.0,40.0,28.0,35.0
299.0,40.0,28.0,35.0
299.0,38.0,29.0,34.0
300.0,36.0,29.0,34.0
301.0,36.0,29.0,34.0
302.0,35.0,29.0,35.0
303.0,36.0,29.0,34.0
305.0,37.0,29.0,35.0
306.0,38.0,29.0,35.0
308.0,39.0,29.0,35.0
310.0,41.0,29.0,35.0
313.0,43.0,29.0,35.0
315.0,44.0,29.0,35.0
317.0,44.0,29.0,35.0
319.0,43.0,28.0,35.0
322.0,42.0,28.0,35.0
324.0,42.0,29.0,35.0
325.0,40.0,29.0,35.0
328.0,39.0,29.0,35.0
328.0,36.0,29.0,36.0
329.0,36.0,29.0,36.0
329.0,34.0,29.0,37.0
329.0,33.0,29.0,37.0
328.0,32.0,29.0,37.0
327.0,31.0,30.0,38.0
325.0,31.0,30.0,38.0
323.0,31.0,30.0,39.0
322.0,31.0,29.0,39.0
320.0,32.0,29.0,39.0
319.0,33.0,29.0,39.0
317.0,33.0,29.0,39.0
315.0,35.0,29.0,39.0
309.0,36.0,29.0,39.0
308.0,37.0,30.0,39.0
302.0,38.0,30.0,39.0
301.0,38.0,30.0,39.0
295.0,39.0,30.0,39.0
293.0,39.0,30.0,39.0
288.0,38.0,30.0,39.0
287.0,37.0,30.0,39.0
286.0,34.0,30.0,39.0
284.0,34.0,31.0,39.0
279.0,34.0,31.0,39.0
278.0,33.0,32.0,39.0
273.0,34.0,32.0,39.0
269.0,35.0,32.0,39.0
268.0,35.0,33.0,39.0
263.0,36.0,33.0,39.0
259.0,36.0,33.0,39.0
259.0,36.0,33.0,39.0
255.0,36.0,33.0,39.0
254.0,36.0,34.0,39.0
250.0,36.0,34.0,40.0
249.0,36.0,34.0,40.0
245.0,35.0,34.0,40.0
241.0,34.0,34.0,41.0
240.0,36.0,34.0,41.0
235.0,35.0,35.0,41.0
235.0,35.0,35.0,41.0
234.0,37.0,36.0,41.0
229.0,36.0,36.0,41.0
239.0,37.0,36.0,42.0
239.0,37.0,35.0,42.0
239.0,38.0,36.0,42.0
239.0,37.0,35.0,42.0
239.0,37.0,35.0,42.0
240.0,37.0,35.0,42.0
240.0,37.0,35.0,42.0
241.0,36.0,34.0,42.0
241.0,32.0,34.0,43.0
242.0,32.0,34.0,43.0
235.0,30.0,34.0,42.0
240.0,25.0,35.0,42.0
240.0,23.0,34.0,43.0
240.0,21.0,34.0,43.0
228.0,21.0,35.0,43.0
228.0,21.0,35.0,44.0
230.0,20.0,35.0,44.0
231.0,18.0,34.0,44.0
232.0,18.0,35.0,45.0
231.0,18.0,35.0,45.0
230.0,17.0,35.0,45.0
227.0,18.0,35.0,45.0
224.0,18.0,35.0,45.0
220.0,19.0,35.0,45.0
216.0,20.0,35.0,45.0
214.0,20.0,36.0,44.0
211.0,23.0,37.0,45.0
203.0,23.0,37.0,45.0
197.0,24.0,37.0,45.0
189.0,27.0,37.0,45.0
176.0,30.0,37.0,45.0
164.0,30.0,38.0,45.0
152.0,31.0,38.0,45.0
139.0,32.0,39.0,44.0
127.0,33.0,39.0,44.0
119.0,33.0,38.0,45.0
110.0,32.0,38.0,46.0
101.0,31.0,38.0,46.0
91.0,30.0,38.0,46.0
83.0,30.0,38.0,47.0
74.0,29.0,38.0,47.0
71.0,29.0,39.0,48.0
68.0,29.0,39.0,48.0
63.0,29.0,40.0,48.0
60.0,28.0,40.0,48.0
56.0,28.0,41.0,47.0
53.0,28.0,41.0,48.0
50.0,27.0,42.0,48.0
47.0,26.0,42.0,49.0
45.0,25.0,43.0,50.0
43.0,24.0,43.0,51.0
42.0,23.0,43.0,51.0
42.0,20.0,43.0,52.0
42.0,19.0,43.0,53.0
42.0,16.0,43.0,54.0
41.0,14.0,44.0,54.0
40.0,12.0,44.0,55.0
39.0,12.0,45.0,55.0
40.0,9.0,44.0,56.0
38.0,8.0,45.0,57.0
37.0,8.0,45.0,57.0
35.0,6.0,45.0,58.0
32.0,7.0,46.0,58.0
29.0,8.0,46.0,58.0
26.0,8.0,46.0,59.0
22.0,8.0,46.0,59.0
18.0,9.0,46.0,59.0
14.0,9.0,47.0,59.0
9.0,9.0,47.0,59.0
