84.0,53.0,62.0,70.0
87.0,56.0,62.0,69.0
89.0,55.0,62.0,69.0
89.0,57.0,63.0,69.0
90.0,56.0,64.0,69.0
90.0,57.0,64.0,69.0
90.0,55.0,64.0,70.0
90.0,55.0,64.0,70.0
88.0,54.0,64.0,71.0
87.0,53.0,65.0,70.0
86.0,54.0,65.0,71.0
86.0,54.0,65.0,71.0
84.0,53.0,65.0,71.0
82.0,53.0,66.0,71.0
81.0,53.0,66.0,72.0
79.0,55.0,67.0,71.0
78.0,55.0,66.0,72.0
76.0,55.0,67.0,72.0
74.0,56.0,68.0,72.0
73.0,57.0,68.0,73.0
72.0,58.0,68.0,73.0
71.0,58.0,68.0,73.0
72.0,59.0,69.0,72.0
73.0,59.0,69.0,72.0
74.0,58.0,69.0,72.0
73.0,57.0,69.0,73.0
74.0,57.0,69.0,73.0
75.0,57.0,70.0,73.0
77.0,55.0,70.0,73.0
78.0,56.0,70.0,73.0
81.0,54.0,71.0,72.0
80.0,55.0,70.0,73.0
82.0,54.0,70.0,73.0
84.0,53.0,70.0,73.0
85.0,55.0,70.0,74.0
86.0,52.0,70.0,74.0
87.0,54.0,70.0,74.0
88.0,53.0,70.0,73.0
89.0,54.0,70.0,73.0
90.0,53.0,70.0,73.0
90.0,54.0,71.0,73.0
91.0,53.0,71.0,73.0
93.0,53.0,71.0,73.0
91.0,54.0,71.0,73.0
92.0,53.0,71.0,74.0
93.0,53.0,71.0,74.0
93.0,54.0,71.0,75.0
93.0,54.0,71.0,74.0
94.0,54.0,71.0,75.0
93.0,54.0,72.0,75.0
93.0,54.0,72.0,75.0
93.0,54.0,72.0,76.0
92.0,53.0,72.0,76.0
92.0,53.0,72.0,76.0
92.0,53.0,72.0,76.0
92.0,52.0,72.0,77.0
91.0,51.0,72.0,77.0
90.0,51.0,72.0,77.0
89.0,50.0,73.0,77.0
90.0,50.0,73.0,77.0
87.0,51.0,74.0,77.0
87.0,51.0,73.0,78.0
87.0,50.0,73.0,78.0
86.0,50.0,74.0,78.0
86.0,50.0,74.0,78.0
85.0,50.0,74.0,78.0
83.0,50.0,74.0,78.0
83.0,50.0,74.0,79.0
81.0,51.0,74.0,79.0
82.0,50.0,75.0,79.0
80.0,50.0,75.0,79.0
81.0,50.0,74.0,80.0
79.0,49.0,75.0,80.0
79.0,49.0,75.0,80.0
79.0,49.0,75.0,80.0
78.0,50.0,75.0,80.0
78.0,49.0,76.0,80.0
77.0,49.0,76.0,80.0
77.0,49.0,76.0,80.0
77.0,49.0,77.0,80.0
76.0,49.0,76.0,81.0
75.0,49.0,77.0,80.0
76.0,49.0,77.0,80.0
75.0,48.0,77.0,81.0
76.0,48.0,77.0,81.0
75.0,49.0,77.0,82.0
74.0,48.0,78.0,81.0
75.0,48.0,78.0,81.0
74.0,48.0,78.0,82.0
75.0,48.0,78.0,82.0
74.0,47.0,78.0,82.0
74.0,48.0,78.0,82.0
73.0,46.0,79.0,82.0
73.0,47.0,79.0,82.0
73.0,47.0,79.0,82.0
73.0,46.0,79.0,83.0
73.0,46.0,79.0,84.0
73.0,48.0,80.0,83.0
72.0,47.0,79.0,84.0
71.0,46.0,79.0,85.0
72.0,47.0,80.0,84.0
72.0,46.0,80.0,84.0
73.0,46.0,79.0,85.0
73.0,48.0,81.0,84.0
73.0,47.0,81.0,84.0
73.0,47.0,81.0,85.0
73.0,47.0,81.0,85.0
74.0,47.0,81.0,85.0
74.0,47.0,81.0,85.0
73.0,46.0,81.0,85.0
74.0,47.0,82.0,85.0
74.0,46.0,81.0,85.0
75.0,47.0,82.0,85.0
75.0,47.0,82.0,85.0
75.0,46.0,82.0,85.0
76.0,47.0,82.0,85.0
77.0,47.0,82.0,85.0
77.0,45.0,82.0,86.0
76.0,45.0,82.0,86.0
77.0,45.0,81.0,86.0
77.0,46.0,82.0,86.0
77.0,46.0,82.0,85.0
78.0,47.0,82.0,85.0
78.0,47.0,82.0,85.0
78.0,47.0,83.0,85.0
78.0,47.0,82.0,85.0
78.0,47.0,82.0,86.0
79.0,47.0,83.0,85.0
78.0,47.0,83.0,85.0
78.0,47.0,83.0,85.0
77.0,47.0,82.0,86.0
77.0,47.0,82.0,86.0
77.0,46.0,82.0,86.0
75.0,45.0,82.0,86.0
75.0,44.0,82.0,87.0
75.0,46.0,82.0,87.0
76.0,45.0,82.0,87.0
75.0,45.0,82.0,87.0
74.0,45.0,82.0,87.0
75.0,43.0,82.0,88.0
75.0,46.0,82.0,88.0
75.0,42.0,81.0,89.0
74.0,45.0,82.0,89.0
75.0,43.0,83.0,88.0
74.0,45.0,84.0,88.0
75.0,45.0,83.0,88.0
75.0,45.0,84.0,88.0
76.0,45.0,84.0,88.0
77.0,45.0,85.0,87.0
77.0,45.0,85.0,87.0
76.0,44.0,86.0,87.0
76.0,45.0,86.0,86.0
76.0,45.0,86.0,86.0
76.0,45.0,86.0,86.0
76.0,45.0,87.0,86.0
75.0,44.0,87.0,86.0
75.0,44.0,87.0,87.0
74.0,44.0,87.0,86.0
75.0,43.0,87.0,87.0
74.0,44.0,88.0,86.0
74.0,45.0,87.0,86.0
73.0,44.0,88.0,86.0
72.0,42.0,88.0,87.0
72.0,42.0,88.0,87.0
72.0,42.0,87.0,88.0
71.0,43.0,87.0,88.0
70.0,42.0,87.0,89.0
69.0,42.0,87.0,89.0
68.0,42.0,87.0,88.0
67.0,42.0,86.0,89.0
67.0,43.0,86.0,89.0
67.0,42.0,86.0,89.0
66.0,42.0,86.0,89.0
66.0,42.0,86.0,88.0
66.0,42.0,86.0,88.0
66.0,42.0,87.0,88.0
66.0,43.0,87.0,88.0
67.0,42.0,87.0,89.0
67.0,42.0,87.0,88.0
68.0,42.0,87.0,89.0
68.0,42.0,87.0,89.0
68.0,43.0,87.0,89.0
68.0,42.0,88.0,88.0
70.0,44.0,87.0,88.0
71.0,44.0,88.0,88.0
71.0,43.0,88.0,88.0
73.0,43.0,87.0,89.0
74.0,42.0,87.0,89.0
75.0,43.0,88.0,88.0
77.0,44.0,87.0,89.0
78.0,44.0,88.0,88.0
80.0,45.0,87.0,89.0
82.0,44.0,88.0,88.0
82.0,45.0,87.0,89.0
83.0,44.0,88.0,88.0
83.0,43.0,87.0,89.0
84.0,43.0,87.0,89.0
84.0,43.0,87.0,89.0
84.0,42.0,87.0,90.0
85.0,44.0,87.0,89.0
84.0,42.0,87.0,90.0
84.0,42.0,87.0,90.0
83.0,42.0,87.0,90.0
82.0,41.0,87.0,91.0
80.0,40.0,87.0,91.0
77.0,40.0,88.0,91.0
76.0,40.0,88.0,91.0
75.0,39.0,87.0,91.0
74.0,38.0,87.0,92.0
72.0,39.0,88.0,92.0
70.0,38.0,88.0,92.0
68.0,39.0,89.0,92.0
67.0,39.0,89.0,92.0
66.0,39.0,89.0,93.0
65.0,40.0,89.0,92.0
63.0,39.0,90.0,92.0
63.0,39.0,90.0,93.0
63.0,39.0,90.0,93.0
63.0,37.0,91.0,92.0
62.0,38.0,91.0,93.0
64.0,38.0,92.0,92.0
63.0,37.0,92.0,92.0
64.0,36.0,93.0,92.0
65.0,35.0,92.0,93.0
66.0,36.0,93.0,93.0
67.0,35.0,93.0,93.0
68.0,35.0,93.0,93.0
69.0,34.0,93.0,93.0
71.0,34.0,93.0,93.0
73.0,33.0,93.0,94.0
75.0,34.0,93.0,93.0
79.0,35.0,93.0,94.0
82.0,35.0,93.0,94.0
87.0,36.0,93.0,94.0
92.0,35.0,92.0,93.0
96.0,36.0,92.0,93.0
102.0,36.0,92.0,92.0
107.0,37.0,91.0,92.0
114.0,37.0,92.0,91.0
121.0,37.0,91.0,91.0
126.0,37.0,91.0,90.0
131.0,36.0,91.0,91.0
137.0,36.0,91.0,90.0
143.0,37.0,91.0,90.0
149.0,35.0,90.0,91.0
154.0,33.0,90.0,91.0
157.0,33.0,90.0,92.0
161.0,33.0,90.0,92.0
164.0,32.0,90.0,92.0
167.0,33.0,91.0,92.0
170.0,31.0,91.0,92.0
171.0,31.0,91.0,93.0
173.0,31.0,92.0,92.0
175.0,32.0,92.0,92.0
177.0,32.0,92.0,93.0
179.0,32.0,91.0,94.0
179.0,32.0,91.0,95.0
179.0,32.0,92.0,95.0
179.0,33.0,93.0,94.0
178.0,31.0,93.0,95.0
178.0,33.0,94.0,94.0
177.0,31.0,94.0,95.0
175.0,31.0,95.0,95.0
174.0,30.0,94.0,96.0
171.0,31.0,95.0,96.0
170.0,32.0,96.0,96.0
167.0,31.0,95.0,96.0
165.0,31.0,96.0,96.0
163.0,32.0,95.0,98.0
158.0,31.0,95.0,98.0
154.0,31.0,95.0,98.0
150.0,32.0,95.0,97.0
146.0,32.0,95.0,98.0
142.0,32.0,95.0,97.0
137.0,32.0,94.0,98.0
132.0,32.0,94.0,98.0
129.0,33.0,93.0,98.0
123.0,32.0,93.0,99.0
118.0,33.0,93.0,98.0
113.0,34.0,93.0,98.0
108.0,34.0,93.0,98.0
104.0,34.0,93.0,98.0
99.0,35.0,93.0,97.0
95.0,35.0,93.0,97.0
91.0,36.0,93.0,97.0
87.0,36.0,93.0,97.0
85.0,36.0,93.0,97.0
82.0,36.0,93.0,97.0
79.0,36.0,94.0,96.0
76.0,37.0,94.0,97.0
75.0,36.0,95.0,96.0
74.0,37.0,94.0,97.0
70.0,37.0,95.0,96.0
70.0,38.0,95.0,96.0
68.0,37.0,96.0,96.0
67.0,38.0,95.0,96.0
67.0,37.0,96.0,96.0
65.0,37.0,95.0,96.0
65.0,36.0,95.0,96.0
65.0,38.0,95.0,96.0
65.0,36.0,95.0,97.0
66.0,36.0,95.0,96.0
65.0,37.0,96.0,96.0
68.0,36.0,94.0,98.0
69.0,36.0,94.0,98.0
72.0,36.0,94.0,98.0
73.0,36.0,94.0,97.0
75.0,37.0,94.0,97.0
77.0,36.0,93.0,98.0
80.0,38.0,92.0,98.0
83.0,37.0,91.0,98.0
86.0,38.0,92.0,97.0
89.0,38.0,91.0,97.0
92.0,39.0,91.0,96.0
96.0,39.0,90.0,96.0
102.0,39.0,90.0,95.0
106.0,40.0,89.0,95.0
111.0,40.0,89.0,94.0
116.0,40.0,88.0,94.0
122.0,41.0,87.0,94.0
125.0,39.0,88.0,93.0
131.0,40.0,87.0,93.0
137.0,41.0,86.0,93.0
141.0,41.0,87.0,92.0
146.0,42.0,87.0,91.0
150.0,43.0,88.0,90.0
154.0,45.0,88.0,89.0
159.0,44.0,88.0,89.0
163.0,46.0,88.0,89.0
168.0,45.0,87.0,89.0
172.0,45.0,87.0,90.0
175.0,46.0,86.0,90.0
179.0,46.0,86.0,90.0
181.0,46.0,86.0,90.0
184.0,46.0,86.0,91.0
186.0,45.0,87.0,90.0
188.0,46.0,87.0,91.0
190.0,46.0,87.0,90.0
191.0,46.0,88.0,90.0
192.0,46.0,88.0,90.0
193.0,46.0,87.0,90.0
193.0,46.0,88.0,90.0
194.0,46.0,87.0,91.0
194.0,46.0,88.0,90.0
193.0,46.0,87.0,91.0
195.0,45.0,87.0,91.0
192.0,45.0,87.0,91.0
192.0,45.0,88.0,90.0
191.0,44.0,89.0,91.0
188.0,45.0,87.0,92.0
189.0,44.0,87.0,92.0
186.0,42.0,88.0,92.0
184.0,45.0,87.0,92.0
185.0,44.0,87.0,92.0
181.0,42.0,89.0,92.0
177.0,42.0,88.0,93.0
176.0,43.0,89.0,91.0
173.0,41.0,89.0,93.0
171.0,41.0,90.0,93.0
169.0,40.0,90.0,93.0
165.0,41.0,90.0,94.0
162.0,41.0,91.0,94.0
159.0,40.0,91.0,94.0
157.0,39.0,91.0,95.0
153.0,39.0,91.0,96.0
149.0,39.0,93.0,95.0
147.0,40.0,93.0,95.0
144.0,39.0,94.0,95.0
141.0,38.0,94.0,95.0
139.0,37.0,95.0,96.0
135.0,37.0,95.0,97.0
132.0,37.0,96.0,96.0
130.0,38.0,96.0,96.0
126.0,38.0,97.0,95.0
125.0,37.0,97.0,96.0
124.0,37.0,97.0,96.0
121.0,36.0,98.0,96.0
121.0,36.0,97.0,97.0
118.0,35.0,97.0,98.0
117.0,38.0,98.0,97.0
114.0,36.0,99.0,97.0
113.0,37.0,99.0,98.0
114.0,36.0,100.0,98.0
112.0,35.0,100.0,99.0
112.0,36.0,100.0,99.0
113.0,35.0,100.0,99.0
112.0,36.0,101.0,99.0
112.0,34.0,101.0,100.0
113.0,35.0,101.0,99.0
113.0,35.0,101.0,100.0
113.0,34.0,100.0,101.0
114.0,33.0,100.0,102.0
115.0,35.0,101.0,101.0
116.0,34.0,101.0,101.0
118.0,33.0,101.0,102.0
121.0,33.0,100.0,104.0
121.0,32.0,101.0,103.0
124.0,33.0,100.0,104.0
124.0,31.0,100.0,104.0
130.0,31.0,101.0,104.0
131.0,31.0,101.0,104.0
136.0,30.0,100.0,105.0
139.0,28.0,99.0,106.0
143.0,28.0,100.0,106.0
148.0,29.0,99.0,106.0
151.0,29.0,99.0,107.0
156.0,28.0,101.0,106.0
159.0,28.0,100.0,107.0
163.0,28.0,101.0,107.0
166.0,27.0,101.0,108.0
170.0,27.0,101.0,107.0
175.0,29.0,102.0,106.0
179.0,27.0,101.0,108.0
182.0,26.0,101.0,108.0
184.0,28.0,102.0,107.0
189.0,27.0,102.0,108.0
193.0,27.0,103.0,107.0
195.0,26.0,103.0,107.0
199.0,25.0,103.0,108.0
201.0,24.0,103.0,109.0
202.0,24.0,104.0,109.0
204.0,25.0,104.0,109.0
208.0,24.0,104.0,109.0
209.0,24.0,106.0,108.0
209.0,25.0,106.0,107.0
210.0,25.0,106.0,107.0
211.0,26.0,106.0,108.0
211.0,24.0,106.0,108.0
211.0,25.0,107.0,108.0
211.0,24.0,106.0,109.0
209.0,25.0,106.0,109.0
209.0,24.0,106.0,109.0
208.0,24.0,107.0,108.0
207.0,24.0,106.0,110.0
205.0,22.0,106.0,110.0
203.0,23.0,106.0,110.0
202.0,22.0,106.0,110.0
200.0,22.0,106.0,110.0
195.0,20.0,106.0,110.0
192.0,21.0,106.0,111.0
190.0,20.0,105.0,111.0
186.0,20.0,106.0,111.0
181.0,19.0,106.0,111.0
178.0,19.0,106.0,111.0
173.0,19.0,106.0,111.0
169.0,18.0,106.0,111.0
164.0,18.0,105.0,112.0
161.0,18.0,106.0,112.0
155.0,17.0,107.0,111.0
152.0,18.0,106.0,112.0
147.0,18.0,107.0,111.0
144.0,17.0,106.0,112.0
139.0,19.0,106.0,113.0
138.0,20.0,107.0,112.0
133.0,19.0,107.0,112.0
128.0,18.0,108.0,112.0
125.0,20.0,109.0,111.0
123.0,20.0,108.0,112.0
121.0,19.0,109.0,112.0
117.0,20.0,109.0,112.0
116.0,19.0,110.0,112.0
114.0,19.0,110.0,112.0
112.0,21.0,110.0,111.0
111.0,22.0,111.0,111.0
109.0,21.0,111.0,111.0
110.0,22.0,112.0,110.0
109.0,23.0,111.0,110.0
110.0,23.0,112.0,110.0
109.0,23.0,112.0,110.0
110.0,23.0,111.0,111.0
111.0,26.0,111.0,111.0
111.0,24.0,111.0,111.0
112.0,25.0,110.0,112.0
115.0,25.0,110.0,112.0
116.0,25.0,110.0,112.0
118.0,26.0,110.0,112.0
120.0,25.0,110.0,112.0
121.0,26.0,111.0,111.0
122.0,27.0,111.0,111.0
122.0,30.0,110.0,111.0
126.0,26.0,109.0,113.0
127.0,29.0,109.0,112.0
127.0,29.0,109.0,112.0
127.0,30.0,110.0,111.0
128.0,30.0,108.0,112.0
128.0,29.0,108.0,112.0
131.0,31.0,107.0,112.0
131.0,31.0,107.0,112.0
130.0,31.0,108.0,111.0
130.0,32.0,107.0,111.0
131.0,31.0,107.0,111.0
131.0,32.0,107.0,110.0
131.0,33.0,108.0,109.0
129.0,33.0,108.0,108.0
131.0,33.0,108.0,109.0
129.0,33.0,108.0,107.0
128.0,33.0,109.0,106.0
127.0,34.0,108.0,106.0
126.0,35.0,108.0,106.0
125.0,35.0,107.0,106.0
123.0,35.0,107.0,105.0
121.0,34.0,106.0,106.0
118.0,36.0,106.0,106.0
119.0,36.0,105.0,105.0
116.0,36.0,104.0,106.0
113.0,36.0,104.0,105.0
111.0,38.0,103.0,105.0
108.0,38.0,103.0,105.0
105.0,37.0,103.0,104.0
101.0,38.0,102.0,105.0
98.0,38.0,103.0,104.0
95.0,39.0,102.0,104.0
91.0,39.0,102.0,103.0
88.0,40.0,102.0,103.0
85.0,40.0,102.0,103.0
82.0,42.0,101.0,103.0
82.0,42.0,100.0,104.0
80.0,43.0,100.0,103.0
77.0,44.0,100.0,103.0
74.0,42.0,100.0,102.0
74.0,43.0,99.0,103.0
72.0,42.0,98.0,103.0
72.0,43.0,98.0,103.0
71.0,44.0,98.0,102.0
70.0,43.0,98.0,101.0
68.0,45.0,98.0,100.0
69.0,44.0,98.0,99.0
68.0,45.0,97.0,99.0
68.0,44.0,97.0,99.0
69.0,44.0,97.0,98.0
69.0,44.0,97.0,97.0
68.0,44.0,97.0,97.0
70.0,44.0,96.0,97.0
69.0,44.0,96.0,96.0
70.0,45.0,96.0,95.0
71.0,45.0,97.0,94.0
72.0,45.0,96.0,94.0
73.0,44.0,95.0,94.0
74.0,45.0,95.0,94.0
75.0,45.0,95.0,93.0
75.0,46.0,95.0,93.0
77.0,45.0,94.0,92.0
79.0,46.0,93.0,93.0
81.0,46.0,94.0,92.0
82.0,46.0,93.0,92.0
85.0,45.0,92.0,92.0
87.0,46.0,92.0,91.0
89.0,45.0,92.0,91.0
91.0,46.0,92.0,90.0
93.0,45.0,91.0,90.0
95.0,45.0,90.0,91.0
98.0,45.0,90.0,90.0
100.0,46.0,90.0,89.0
103.0,46.0,90.0,89.0
106.0,46.0,89.0,89.0
108.0,47.0,90.0,88.0
110.0,46.0,89.0,87.0
112.0,47.0,89.0,87.0
115.0,47.0,88.0,87.0
119.0,49.0,87.0,87.0
121.0,48.0,88.0,86.0
123.0,49.0,87.0,85.0
126.0,49.0,86.0,85.0
128.0,50.0,86.0,85.0
130.0,50.0,86.0,85.0
133.0,50.0,87.0,84.0
133.0,51.0,88.0,83.0
135.0,49.0,87.0,83.0
136.0,50.0,87.0,84.0
138.0,50.0,86.0,84.0
139.0,51.0,87.0,82.0
139.0,51.0,88.0,82.0
140.0,51.0,88.0,82.0
141.0,51.0,88.0,82.0
142.0,51.0,87.0,82.0
141.0,51.0,87.0,83.0
141.0,50.0,87.0,83.0
141.0,51.0,87.0,83.0
141.0,50.0,87.0,83.0
140.0,49.0,86.0,84.0
140.0,49.0,87.0,84.0
139.0,48.0,86.0,84.0
137.0,49.0,86.0,85.0
134.0,47.0,86.0,84.0
135.0,50.0,86.0,84.0
133.0,47.0,86.0,84.0
133.0,47.0,87.0,83.0
132.0,46.0,87.0,83.0
130.0,46.0,87.0,84.0
128.0,45.0,88.0,84.0
127.0,45.0,88.0,85.0
125.0,45.0,88.0,85.0
124.0,45.0,89.0,85.0
122.0,44.0,88.0,86.0
121.0,44.0,89.0,86.0
119.0,45.0,89.0,86.0
118.0,45.0,90.0,86.0
115.0,44.0,91.0,86.0
115.0,43.0,92.0,86.0
113.0,43.0,92.0,87.0
112.0,43.0,92.0,87.0
112.0,43.0,92.0,87.0
111.0,42.0,93.0,87.0
111.0,42.0,93.0,87.0
110.0,42.0,94.0,87.0
110.0,42.0,93.0,88.0
111.0,42.0,93.0,88.0
111.0,42.0,94.0,88.0
111.0,42.0,93.0,89.0
113.0,42.0,92.0,90.0
112.0,41.0,92.0,90.0
115.0,42.0,91.0,91.0
116.0,42.0,90.0,91.0
118.0,42.0,91.0,91.0
120.0,42.0,91.0,91.0
122.0,41.0,91.0,90.0
124.0,41.0,91.0,91.0
126.0,40.0,91.0,91.0
128.0,39.0,91.0,91.0
131.0,40.0,92.0,91.0
133.0,38.0,93.0,90.0
136.0,39.0,91.0,92.0
140.0,39.0,92.0,91.0
144.0,39.0,93.0,90.0
146.0,37.0,93.0,91.0
150.0,38.0,93.0,91.0
152.0,37.0,92.0,91.0
157.0,37.0,92.0,91.0
159.0,36.0,93.0,90.0
162.0,36.0,93.0,91.0
166.0,36.0,93.0,91.0
170.0,36.0,93.0,91.0
173.0,35.0,93.0,91.0
176.0,34.0,93.0,92.0
179.0,34.0,93.0,92.0
182.0,35.0,92.0,93.0
185.0,33.0,93.0,92.0
186.0,34.0,93.0,92.0
189.0,35.0,93.0,93.0
193.0,34.0,94.0,93.0
193.0,34.0,93.0,93.0
195.0,34.0,93.0,94.0
198.0,33.0,93.0,94.0
198.0,34.0,93.0,94.0
199.0,34.0,93.0,95.0
201.0,34.0,94.0,94.0
201.0,34.0,94.0,96.0
201.0,33.0,94.0,96.0
201.0,33.0,94.0,96.0
202.0,33.0,95.0,96.0
202.0,33.0,95.0,97.0
202.0,33.0,95.0,97.0
202.0,32.0,96.0,97.0
200.0,32.0,96.0,97.0
200.0,31.0,96.0,97.0
199.0,33.0,97.0,96.0
198.0,32.0,97.0,97.0
197.0,31.0,98.0,96.0
195.0,33.0,98.0,97.0
194.0,31.0,98.0,97.0
193.0,31.0,99.0,97.0
188.0,33.0,98.0,98.0
188.0,29.0,98.0,98.0
185.0,28.0,98.0,100.0
182.0,30.0,99.0,99.0
179.0,28.0,100.0,99.0
176.0,29.0,99.0,100.0
171.0,29.0,99.0,100.0
168.0,27.0,100.0,101.0
166.0,26.0,100.0,101.0
162.0,25.0,100.0,102.0
158.0,24.0,100.0,102.0
154.0,26.0,101.0,103.0
149.0,24.0,100.0,104.0
146.0,24.0,101.0,104.0
142.0,24.0,102.0,105.0
138.0,23.0,102.0,105.0
134.0,22.0,103.0,105.0
131.0,23.0,103.0,106.0
126.0,20.0,103.0,107.0
124.0,23.0,104.0,107.0
120.0,20.0,104.0,108.0
116.0,22.0,105.0,107.0
114.0,21.0,106.0,107.0
111.0,23.0,106.0,108.0
107.0,20.0,107.0,108.0
105.0,22.0,106.0,109.0
103.0,21.0,107.0,109.0
99.0,21.0,108.0,108.0
99.0,22.0,108.0,108.0
94.0,24.0,108.0,109.0
95.0,23.0,108.0,109.0
91.0,21.0,109.0,109.0
91.0,22.0,109.0,109.0
90.0,22.0,110.0,109.0
90.0,22.0,110.0,109.0
89.0,21.0,111.0,109.0
89.0,21.0,111.0,110.0
89.0,20.0,112.0,110.0
87.0,19.0,112.0,110.0
87.0,20.0,111.0,111.0
88.0,19.0,110.0,111.0
89.0,21.0,111.0,110.0
89.0,20.0,111.0,111.0
90.0,19.0,111.0,111.0
91.0,20.0,111.0,111.0
93.0,20.0,111.0,111.0
94.0,20.0,110.0,112.0
95.0,20.0,110.0,112.0
96.0,19.0,110.0,111.0
98.0,20.0,110.0,111.0
100.0,20.0,111.0,111.0
101.0,23.0,111.0,110.0
102.0,20.0,109.0,111.0
103.0,22.0,111.0,110.0
105.0,24.0,111.0,110.0
107.0,24.0,111.0,110.0
109.0,23.0,109.0,111.0
111.0,23.0,110.0,111.0
111.0,25.0,109.0,111.0
113.0,26.0,109.0,110.0
113.0,26.0,109.0,111.0
114.0,26.0,109.0,111.0
114.0,28.0,109.0,111.0
113.0,29.0,109.0,111.0
114.0,30.0,110.0,110.0
113.0,29.0,110.0,111.0
112.0,28.0,110.0,112.0
112.0,29.0,111.0,111.0
110.0,29.0,111.0,112.0
107.0,27.0,112.0,111.0
108.0,28.0,111.0,111.0
105.0,29.0,112.0,111.0
102.0,30.0,113.0,110.0
100.0,29.0,113.0,111.0
98.0,29.0,113.0,111.0
95.0,29.0,113.0,112.0
92.0,28.0,113.0,112.0
85.0,27.0,111.0,114.0
84.0,27.0,110.0,114.0
82.0,27.0,110.0,114.0
75.0,28.0,109.0,115.0
73.0,28.0,110.0,115.0
67.0,28.0,109.0,115.0
66.0,28.0,109.0,115.0
63.0,30.0,109.0,115.0
56.0,29.0,108.0,115.0
55.0,29.0,109.0,114.0
48.0,30.0,107.0,115.0
48.0,32.0,109.0,114.0
41.0,30.0,108.0,114.0
42.0,32.0,109.0,113.0
42.0,31.0,108.0,115.0
39.0,30.0,109.0,114.0
37.0,32.0,109.0,115.0
30.0,31.0,108.0,115.0
31.0,31.0,109.0,114.0
26.0,32.0,108.0,114.0
28.0,32.0,108.0,114.0
28.0,30.0,109.0,114.0
28.0,32.0,109.0,113.0
28.0,32.0,110.0,113.0
29.0,33.0,110.0,113.0
30.0,31.0,110.0,113.0
31.0,31.0,110.0,114.0
32.0,32.0,110.0,114.0
32.0,31.0,110.0,114.0
33.0,32.0,109.0,114.0
35.0,32.0,108.0,115.0
37.0,33.0,108.0,115.0
38.0,34.0,108.0,115.0
34.0,32.0,109.0,114.0
46.0,33.0,110.0,113.0
45.0,34.0,109.0,113.0
48.0,34.0,109.0,112.0
49.0,34.0,108.0,112.0
53.0,35.0,108.0,112.0
56.0,34.0,108.0,111.0
61.0,35.0,107.0,111.0
57.0,35.0,106.0,111.0
65.0,36.0,105.0,111.0
70.0,36.0,105.0,111.0
74.0,35.0,103.0,112.0
78.0,35.0,103.0,112.0
81.0,36.0,103.0,111.0
83.0,37.0,103.0,110.0
85.0,38.0,103.0,109.0
88.0,39.0,103.0,109.0
91.0,40.0,103.0,108.0
95.0,41.0,102.0,107.0
96.0,43.0,101.0,107.0
98.0,41.0,101.0,107.0
99.0,43.0,101.0,106.0
100.0,42.0,101.0,106.0
103.0,43.0,101.0,105.0
103.0,42.0,100.0,105.0
104.0,43.0,100.0,105.0
106.0,44.0,99.0,104.0
105.0,43.0,99.0,104.0
106.0,44.0,98.0,103.0
105.0,43.0,98.0,103.0
104.0,44.0,98.0,102.0
105.0,46.0,97.0,102.0
104.0,45.0,96.0,102.0
104.0,45.0,96.0,101.0
104.0,46.0,97.0,100.0
103.0,45.0,96.0,100.0
102.0,46.0,96.0,99.0
101.0,47.0,96.0,99.0
102.0,49.0,95.0,99.0
101.0,49.0,95.0,98.0
101.0,49.0,94.0,99.0
101.0,50.0,94.0,98.0
103.0,50.0,94.0,97.0
102.0,50.0,94.0,98.0
103.0,51.0,94.0,97.0
104.0,50.0,93.0,97.0
105.0,50.0,92.0,97.0
106.0,50.0,92.0,97.0
108.0,50.0,92.0,97.0
108.0,49.0,91.0,96.0
110.0,51.0,91.0,96.0
113.0,50.0,92.0,95.0
113.0,50.0,91.0,94.0
116.0,51.0,91.0,94.0
118.0,51.0,90.0,93.0
120.0,50.0,91.0,93.0
123.0,50.0,90.0,93.0
126.0,52.0,89.0,93.0
130.0,50.0,89.0,92.0
133.0,52.0,88.0,92.0
137.0,51.0,88.0,92.0
141.0,52.0,88.0,91.0
145.0,52.0,87.0,91.0
149.0,53.0,87.0,90.0
154.0,52.0,86.0,90.0
156.0,53.0,87.0,88.0
160.0,52.0,87.0,88.0
164.0,53.0,87.0,87.0
167.0,54.0,87.0,86.0
170.0,53.0,87.0,86.0
174.0,54.0,87.0,85.0
177.0,53.0,86.0,86.0
179.0,52.0,86.0,86.0
181.0,53.0,86.0,85.0
183.0,53.0,86.0,86.0
186.0,52.0,86.0,85.0
187.0,53.0,86.0,85.0
189.0,53.0,86.0,85.0
190.0,54.0,86.0,85.0
192.0,53.0,86.0,84.0
193.0,54.0,86.0,85.0
193.0,54.0,86.0,84.0
193.0,54.0,86.0,85.0
193.0,53.0,86.0,84.0
193.0,53.0,86.0,84.0
193.0,52.0,86.0,84.0
193.0,52.0,87.0,84.0
192.0,53.0,87.0,84.0
191.0,53.0,88.0,84.0
190.0,52.0,87.0,85.0
189.0,53.0,87.0,85.0
187.0,52.0,88.0,85.0
185.0,52.0,87.0,85.0
184.0,50.0,88.0,85.0
181.0,50.0,88.0,85.0
179.0,50.0,89.0,85.0
176.0,49.0,89.0,86.0
174.0,48.0,89.0,86.0
171.0,47.0,89.0,86.0
168.0,46.0,90.0,86.0
165.0,45.0,89.0,87.0
162.0,46.0,90.0,87.0
159.0,44.0,89.0,87.0
156.0,43.0,90.0,87.0
153.0,45.0,91.0,87.0
150.0,44.0,91.0,87.0
148.0,44.0,91.0,87.0
145.0,44.0,92.0,87.0
143.0,43.0,91.0,88.0
141.0,43.0,91.0,88.0
139.0,43.0,92.0,88.0
137.0,43.0,92.0,88.0
136.0,43.0,91.0,89.0
133.0,42.0,92.0,89.0
133.0,42.0,92.0,90.0
132.0,43.0,91.0,90.0
132.0,41.0,91.0,91.0
131.0,41.0,91.0,91.0
130.0,41.0,91.0,91.0
130.0,41.0,91.0,92.0
130.0,41.0,91.0,93.0
129.0,41.0,91.0,93.0
131.0,40.0,91.0,93.0
131.0,40.0,91.0,94.0
131.0,40.0,91.0,93.0
133.0,39.0,91.0,94.0
133.0,39.0,92.0,94.0
134.0,38.0,91.0,94.0
136.0,38.0,92.0,94.0
138.0,37.0,92.0,95.0
138.0,37.0,91.0,95.0
140.0,37.0,92.0,95.0
141.0,36.0,92.0,95.0
144.0,37.0,93.0,95.0
145.0,35.0,93.0,95.0
147.0,35.0,93.0,96.0
148.0,34.0,94.0,95.0
151.0,33.0,94.0,95.0
153.0,32.0,95.0,95.0
153.0,32.0,95.0,95.0
156.0,30.0,95.0,95.0
158.0,30.0,95.0,96.0
160.0,30.0,95.0,96.0
162.0,30.0,95.0,96.0
163.0,30.0,95.0,96.0
165.0,29.0,95.0,97.0
166.0,28.0,95.0,97.0
166.0,29.0,96.0,97.0
169.0,28.0,96.0,97.0
169.0,28.0,96.0,97.0
170.0,28.0,96.0,98.0
170.0,27.0,97.0,98.0
171.0,26.0,97.0,98.0
172.0,26.0,97.0,99.0
170.0,26.0,98.0,99.0
171.0,25.0,99.0,99.0
168.0,24.0,99.0,100.0
170.0,23.0,99.0,101.0
167.0,23.0,99.0,102.0
166.0,22.0,100.0,101.0
163.0,23.0,101.0,102.0
161.0,23.0,101.0,102.0
158.0,22.0,100.0,104.0
155.0,21.0,101.0,104.0
152.0,21.0,101.0,104.0
148.0,21.0,102.0,105.0
145.0,19.0,102.0,106.0
141.0,19.0,102.0,106.0
137.0,19.0,103.0,107.0
133.0,18.0,103.0,108.0
129.0,18.0,104.0,108.0
124.0,18.0,105.0,108.0
120.0,18.0,106.0,109.0
117.0,18.0,106.0,109.0
114.0,17.0,107.0,109.0
111.0,17.0,107.0,109.0
107.0,16.0,108.0,109.0
105.0,16.0,109.0,109.0
102.0,16.0,110.0,110.0
100.0,17.0,111.0,110.0
97.0,16.0,111.0,110.0
95.0,16.0,112.0,111.0
95.0,16.0,112.0,112.0
93.0,16.0,113.0,112.0
91.0,16.0,113.0,113.0
91.0,15.0,112.0,115.0
91.0,17.0,112.0,115.0
91.0,18.0,112.0,115.0
91.0,18.0,112.0,116.0
93.0,21.0,112.0,115.0
93.0,21.0,113.0,115.0
95.0,22.0,112.0,116.0
95.0,24.0,113.0,116.0
96.0,24.0,113.0,115.0
95.0,26.0,114.0,114.0
97.0,25.0,114.0,114.0
97.0,26.0,114.0,114.0
97.0,26.0,114.0,114.0
97.0,26.0,114.0,114.0
98.0,25.0,114.0,114.0
97.0,24.0,115.0,114.0
97.0,24.0,115.0,114.0
96.0,25.0,115.0,113.0
97.0,24.0,116.0,112.0
94.0,25.0,115.0,113.0
94.0,25.0,116.0,112.0
92.0,26.0,116.0,112.0
91.0,26.0,116.0,111.0
88.0,26.0,116.0,111.0
87.0,26.0,116.0,111.0
85.0,27.0,115.0,111.0
83.0,28.0,115.0,111.0
82.0,28.0,115.0,111.0
80.0,28.0,114.0,111.0
78.0,29.0,113.0,112.0
76.0,29.0,113.0,112.0
72.0,30.0,112.0,112.0
71.0,30.0,112.0,111.0
68.0,31.0,111.0,111.0
66.0,33.0,110.0,111.0
65.0,32.0,111.0,109.0
63.0,33.0,109.0,110.0
61.0,34.0,109.0,109.0
58.0,35.0,109.0,109.0
56.0,36.0,108.0,109.0
54.0,37.0,108.0,108.0
52.0,38.0,108.0,107.0
51.0,37.0,107.0,106.0
50.0,38.0,107.0,106.0
50.0,37.0,107.0,106.0
49.0,37.0,106.0,105.0
48.0,39.0,106.0,105.0
48.0,37.0,106.0,104.0
47.0,39.0,106.0,104.0
48.0,38.0,105.0,104.0
47.0,38.0,106.0,104.0
48.0,38.0,105.0,104.0
49.0,38.0,105.0,103.0
49.0,37.0,105.0,103.0
51.0,38.0,105.0,103.0
51.0,39.0,106.0,101.0
52.0,39.0,104.0,102.0
54.0,38.0,104.0,102.0
56.0,39.0,103.0,102.0
59.0,38.0,102.0,103.0
61.0,38.0,100.0,103.0
64.0,38.0,99.0,103.0
67.0,40.0,98.0,103.0
72.0,38.0,97.0,102.0
76.0,41.0,96.0,102.0
80.0,40.0,96.0,102.0
84.0,41.0,95.0,101.0
88.0,41.0,95.0,100.0
92.0,42.0,95.0,99.0
96.0,42.0,94.0,98.0
101.0,42.0,94.0,98.0
105.0,42.0,94.0,98.0
111.0,43.0,93.0,97.0
115.0,43.0,93.0,97.0
118.0,45.0,92.0,97.0
122.0,44.0,92.0,96.0
126.0,46.0,92.0,96.0
128.0,44.0,92.0,95.0
132.0,47.0,91.0,95.0
135.0,46.0,92.0,94.0
138.0,46.0,91.0,94.0
139.0,48.0,92.0,93.0
143.0,47.0,91.0,92.0
144.0,48.0,92.0,91.0
146.0,47.0,92.0,91.0
148.0,49.0,92.0,90.0
151.0,49.0,92.0,90.0
152.0,48.0,93.0,89.0
153.0,49.0,92.0,89.0
155.0,49.0,92.0,89.0
155.0,48.0,92.0,88.0
157.0,49.0,92.0,88.0
158.0,49.0,91.0,88.0
160.0,47.0,91.0,89.0
160.0,48.0,92.0,87.0
161.0,48.0,93.0,87.0
162.0,48.0,93.0,88.0
162.0,48.0,93.0,87.0
163.0,48.0,94.0,87.0
163.0,48.0,93.0,87.0
163.0,47.0,94.0,88.0
162.0,48.0,94.0,87.0
162.0,48.0,95.0,87.0
163.0,48.0,94.0,88.0
162.0,49.0,94.0,88.0
161.0,50.0,93.0,89.0
161.0,47.0,93.0,89.0
161.0,50.0,92.0,90.0
161.0,46.0,92.0,90.0
160.0,48.0,93.0,90.0
159.0,45.0,91.0,92.0
158.0,47.0,92.0,91.0
156.0,44.0,92.0,92.0
155.0,44.0,92.0,92.0
155.0,44.0,92.0,92.0
153.0,42.0,92.0,92.0
150.0,42.0,93.0,93.0
149.0,41.0,93.0,92.0
147.0,41.0,92.0,94.0
146.0,42.0,93.0,93.0
145.0,41.0,94.0,93.0
143.0,40.0,94.0,94.0
142.0,42.0,94.0,94.0
142.0,40.0,95.0,93.0
141.0,39.0,94.0,95.0
141.0,39.0,94.0,96.0
140.0,38.0,95.0,95.0
139.0,37.0,95.0,96.0
138.0,40.0,96.0,96.0
139.0,39.0,96.0,96.0
139.0,37.0,96.0,97.0
138.0,39.0,97.0,96.0
138.0,38.0,98.0,96.0
139.0,38.0,98.0,96.0
140.0,37.0,97.0,97.0
140.0,36.0,97.0,97.0
140.0,40.0,98.0,96.0
139.0,38.0,98.0,97.0
146.0,38.0,98.0,97.0
146.0,36.0,98.0,98.0
148.0,36.0,98.0,99.0
151.0,36.0,98.0,99.0
152.0,35.0,98.0,99.0
153.0,33.0,99.0,99.0
156.0,33.0,98.0,100.0
157.0,33.0,99.0,100.0
159.0,32.0,100.0,100.0
163.0,31.0,99.0,101.0
165.0,28.0,99.0,102.0
168.0,30.0,100.0,102.0
171.0,26.0,99.0,103.0
174.0,27.0,99.0,104.0
175.0,26.0,99.0,104.0
178.0,26.0,100.0,104.0
180.0,24.0,100.0,105.0
183.0,24.0,101.0,105.0
186.0,23.0,102.0,105.0
188.0,23.0,101.0,106.0
190.0,22.0,102.0,106.0
192.0,21.0,103.0,107.0
193.0,23.0,102.0,108.0
194.0,19.0,103.0,108.0
195.0,20.0,103.0,109.0
197.0,18.0,103.0,109.0
196.0,17.0,104.0,109.0
197.0,20.0,103.0,110.0
196.0,18.0,105.0,109.0
194.0,19.0,104.0,110.0
194.0,19.0,105.0,110.0
192.0,19.0,106.0,109.0
188.0,19.0,106.0,110.0
187.0,20.0,106.0,111.0
184.0,20.0,106.0,111.0
182.0,20.0,107.0,111.0
179.0,21.0,108.0,111.0
178.0,19.0,109.0,111.0
174.0,20.0,109.0,111.0
170.0,20.0,111.0,111.0
166.0,20.0,111.0,111.0
163.0,22.0,111.0,111.0
160.0,22.0,113.0,110.0
155.0,19.0,112.0,111.0
151.0,20.0,112.0,112.0
147.0,18.0,112.0,112.0
142.0,22.0,112.0,112.0
138.0,19.0,112.0,112.0
132.0,19.0,112.0,113.0
128.0,20.0,111.0,113.0
124.0,20.0,111.0,113.0
118.0,20.0,112.0,113.0
113.0,19.0,113.0,113.0
105.0,21.0,112.0,113.0
103.0,20.0,112.0,114.0
100.0,19.0,110.0,116.0
95.0,20.0,110.0,117.0
90.0,18.0,111.0,118.0
86.0,20.0,112.0,118.0
82.0,20.0,112.0,119.0
74.0,20.0,112.0,119.0
75.0,24.0,115.0,118.0
67.0,24.0,115.0,118.0
68.0,26.0,115.0,118.0
63.0,16.0,114.0,119.0
66.0,22.0,114.0,120.0
58.0,24.0,116.0,119.0
60.0,26.0,116.0,119.0
55.0,27.0,117.0,119.0
56.0,26.0,117.0,119.0
55.0,25.0,117.0,120.0
55.0,28.0,119.0,120.0
53.0,25.0,118.0,122.0
55.0,26.0,119.0,121.0
56.0,27.0,119.0,121.0
54.0,25.0,120.0,120.0
54.0,27.0,120.0,121.0
56.0,28.0,120.0,121.0
58.0,27.0,120.0,121.0
59.0,28.0,120.0,121.0
62.0,28.0,120.0,121.0
63.0,29.0,119.0,121.0
66.0,29.0,119.0,121.0
67.0,30.0,119.0,120.0
68.0,30.0,118.0,120.0
68.0,30.0,118.0,120.0
68.0,31.0,118.0,119.0
70.0,31.0,117.0,119.0
69.0,31.0,118.0,118.0
69.0,31.0,118.0,117.0
70.0,30.0,117.0,117.0
71.0,32.0,116.0,117.0
70.0,31.0,117.0,116.0
71.0,30.0,116.0,117.0
65.0,28.0,114.0,118.0
70.0,29.0,113.0,118.0
70.0,30.0,114.0,118.0
64.0,30.0,114.0,118.0
65.0,29.0,113.0,118.0
66.0,29.0,112.0,118.0
60.0,32.0,112.0,117.0
60.0,31.0,112.0,117.0
54.0,32.0,111.0,118.0
55.0,31.0,111.0,117.0
50.0,34.0,110.0,117.0
50.0,35.0,111.0,115.0
44.0,34.0,110.0,116.0
45.0,35.0,110.0,115.0
43.0,36.0,111.0,115.0
37.0,37.0,110.0,116.0
38.0,38.0,111.0,115.0
37.0,39.0,111.0,115.0
30.0,41.0,111.0,115.0
26.0,40.0,110.0,115.0
28.0,42.0,110.0,114.0
22.0,41.0,109.0,115.0
19.0,41.0,109.0,114.0
23.0,40.0,109.0,113.0
17.0,41.0,108.0,114.0
23.0,41.0,109.0,113.0
17.0,42.0,108.0,113.0
22.0,40.0,109.0,112.0
18.0,40.0,108.0,113.0
23.0,40.0,108.0,112.0
20.0,40.0,107.0,112.0
25.0,40.0,107.0,111.0
28.0,39.0,107.0,110.0
32.0,40.0,107.0,110.0
34.0,40.0,105.0,111.0
36.0,40.0,105.0,111.0
39.0,40.0,105.0,111.0
42.0,41.0,105.0,109.0
44.0,40.0,105.0,110.0
48.0,40.0,104.0,110.0
52.0,39.0,104.0,110.0
55.0,39.0,103.0,110.0
58.0,39.0,103.0,109.0
61.0,39.0,102.0,109.0
65.0,40.0,101.0,110.0
71.0,40.0,100.0,110.0
75.0,39.0,100.0,110.0
80.0,40.0,100.0,110.0
85.0,41.0,99.0,110.0
90.0,41.0,99.0,109.0
95.0,41.0,100.0,108.0
97.0,43.0,100.0,107.0
103.0,43.0,100.0,106.0
107.0,44.0,99.0,106.0
110.0,43.0,99.0,105.0
112.0,45.0,99.0,104.0
113.0,44.0,99.0,104.0
116.0,46.0,99.0,103.0
118.0,47.0,99.0,102.0
113.0,47.0,97.0,103.0
119.0,45.0,97.0,103.0
120.0,47.0,97.0,101.0
117.0,48.0,96.0,102.0
120.0,46.0,96.0,102.0
121.0,48.0,96.0,101.0
116.0,48.0,95.0,101.0
118.0,48.0,95.0,100.0
116.0,48.0,95.0,100.0
112.0,49.0,94.0,100.0
112.0,49.0,95.0,98.0
108.0,49.0,94.0,98.0
106.0,48.0,94.0,98.0
104.0,48.0,94.0,97.0
98.0,47.0,93.0,98.0
96.0,47.0,94.0,97.0
92.0,48.0,94.0,96.0
89.0,47.0,94.0,96.0
82.0,47.0,93.0,97.0
80.0,47.0,93.0,96.0
74.0,47.0,93.0,96.0
71.0,46.0,94.0,95.0
65.0,46.0,93.0,95.0
64.0,44.0,94.0,94.0
60.0,44.0,93.0,95.0
56.0,45.0,94.0,95.0
52.0,43.0,94.0,95.0
49.0,44.0,94.0,96.0
45.0,43.0,95.0,96.0
42.0,42.0,95.0,96.0
39.0,42.0,95.0,97.0
38.0,42.0,96.0,97.0
35.0,41.0,97.0,96.0
28.0,42.0,96.0,96.0
29.0,43.0,97.0,95.0
26.0,44.0,97.0,95.0
28.0,44.0,98.0,94.0
28.0,43.0,98.0,94.0
28.0,43.0,98.0,95.0
28.0,42.0,97.0,95.0
26.0,43.0,96.0,96.0
28.0,44.0,97.0,94.0
30.0,43.0,98.0,95.0
29.0,43.0,97.0,96.0
32.0,42.0,98.0,96.0
31.0,43.0,98.0,96.0
33.0,44.0,98.0,97.0
35.0,43.0,99.0,95.0
37.0,43.0,99.0,96.0
40.0,42.0,99.0,97.0
43.0,41.0,99.0,97.0
46.0,40.0,99.0,97.0
48.0,39.0,101.0,97.0
51.0,37.0,101.0,97.0
54.0,38.0,101.0,98.0
59.0,36.0,101.0,99.0
62.0,36.0,101.0,99.0
65.0,36.0,102.0,99.0
69.0,34.0,102.0,100.0
72.0,34.0,101.0,101.0
75.0,33.0,102.0,101.0
77.0,33.0,103.0,100.0
79.0,32.0,103.0,101.0
84.0,33.0,102.0,102.0
85.0,33.0,104.0,102.0
87.0,33.0,105.0,102.0
90.0,32.0,103.0,103.0
92.0,32.0,104.0,103.0
95.0,31.0,104.0,104.0
97.0,31.0,104.0,104.0
99.0,31.0,104.0,104.0
100.0,30.0,104.0,105.0
101.0,29.0,104.0,105.0
104.0,28.0,104.0,106.0
104.0,28.0,105.0,105.0
105.0,29.0,105.0,104.0
107.0,28.0,104.0,106.0
108.0,27.0,104.0,105.0
108.0,26.0,103.0,106.0
109.0,27.0,103.0,107.0
110.0,26.0,103.0,107.0
106.0,26.0,103.0,107.0
108.0,25.0,102.0,109.0
108.0,24.0,102.0,110.0
107.0,23.0,102.0,111.0
107.0,23.0,102.0,111.0
107.0,21.0,103.0,111.0
105.0,21.0,104.0,111.0
104.0,20.0,104.0,113.0
101.0,20.0,104.0,113.0
100.0,19.0,105.0,114.0
98.0,19.0,106.0,115.0
97.0,18.0,108.0,116.0
96.0,18.0,108.0,118.0
95.0,17.0,108.0,119.0
93.0,16.0,109.0,120.0
91.0,16.0,111.0,120.0
91.0,16.0,113.0,120.0
90.0,15.0,115.0,120.0
90.0,13.0,115.0,122.0
91.0,13.0,116.0,123.0
91.0,12.0,118.0,123.0
92.0,11.0,119.0,124.0
93.0,11.0,119.0,125.0
89.0,8.0,119.0,125.0
95.0,11.0,119.0,125.0
99.0,9.0,121.0,124.0
102.0,12.0,120.0,124.0
107.0,10.0,119.0,124.0
109.0,13.0,119.0,125.0
113.0,10.0,119.0,124.0
118.0,14.0,120.0,122.0
123.0,15.0,120.0,122.0
128.0,15.0,118.0,123.0
134.0,14.0,118.0,123.0
136.0,15.0,117.0,123.0
143.0,15.0,116.0,123.0
148.0,14.0,117.0,122.0
152.0,15.0,117.0,121.0
158.0,16.0,117.0,120.0
161.0,14.0,116.0,121.0
165.0,15.0,115.0,122.0
166.0,14.0,114.0,122.0
170.0,13.0,113.0,123.0
173.0,11.0,112.0,124.0
174.0,11.0,112.0,125.0
178.0,10.0,111.0,126.0
180.0,10.0,111.0,126.0
181.0,10.0,111.0,127.0
184.0,8.0,110.0,128.0
185.0,7.0,109.0,129.0
185.0,7.0,109.0,130.0
186.0,7.0,110.0,130.0
187.0,8.0,111.0,129.0
188.0,8.0,110.0,130.0
187.0,8.0,111.0,129.0
188.0,9.0,111.0,129.0
188.0,10.0,110.0,129.0
188.0,11.0,110.0,129.0
188.0,12.0,110.0,129.0
187.0,14.0,109.0,128.0
188.0,14.0,108.0,129.0
182.0,17.0,107.0,128.0
187.0,19.0,107.0,128.0
186.0,20.0,107.0,127.0
187.0,22.0,107.0,127.0
187.0,22.0,107.0,126.0
187.0,24.0,108.0,126.0
187.0,23.0,108.0,125.0
187.0,22.0,108.0,123.0
189.0,23.0,107.0,124.0
191.0,23.0,106.0,124.0
192.0,24.0,106.0,123.0
193.0,25.0,106.0,122.0
195.0,25.0,105.0,122.0
196.0,25.0,104.0,121.0
197.0,27.0,104.0,120.0
198.0,28.0,103.0,120.0
201.0,31.0,103.0,119.0
202.0,32.0,104.0,117.0
203.0,32.0,104.0,116.0
205.0,32.0,104.0,116.0
209.0,29.0,102.0,118.0
212.0,32.0,102.0,117.0
213.0,33.0,102.0,117.0
215.0,34.0,102.0,116.0
216.0,35.0,101.0,116.0
216.0,34.0,102.0,116.0
217.0,35.0,101.0,116.0
216.0,35.0,102.0,116.0
216.0,36.0,102.0,115.0
215.0,35.0,102.0,115.0
214.0,36.0,102.0,115.0
213.0,36.0,102.0,114.0
212.0,36.0,102.0,114.0
209.0,36.0,101.0,115.0
207.0,36.0,101.0,115.0
200.0,36.0,100.0,115.0
200.0,37.0,99.0,114.0
197.0,37.0,99.0,114.0
189.0,37.0,98.0,113.0
188.0,38.0,98.0,113.0
181.0,37.0,97.0,112.0
180.0,38.0,96.0,112.0
172.0,38.0,95.0,112.0
170.0,38.0,95.0,111.0
162.0,38.0,95.0,110.0
159.0,37.0,95.0,110.0
151.0,36.0,95.0,109.0
150.0,36.0,94.0,109.0
146.0,36.0,94.0,109.0
136.0,35.0,93.0,109.0
136.0,36.0,92.0,110.0
134.0,36.0,93.0,109.0
129.0,37.0,94.0,108.0
125.0,37.0,94.0,108.0
121.0,36.0,94.0,107.0
119.0,36.0,94.0,108.0
116.0,35.0,94.0,108.0
112.0,35.0,94.0,108.0
109.0,35.0,93.0,108.0
106.0,36.0,94.0,108.0
102.0,36.0,94.0,108.0
100.0,36.0,95.0,107.0
98.0,36.0,95.0,107.0
95.0,36.0,96.0,106.0
92.0,35.0,97.0,106.0
89.0,33.0,97.0,107.0
90.0,31.0,96.0,107.0
86.0,32.0,96.0,108.0
86.0,31.0,96.0,108.0
82.0,32.0,97.0,108.0
80.0,30.0,97.0,108.0
78.0,31.0,98.0,108.0
76.0,32.0,98.0,108.0
74.0,31.0,98.0,108.0
72.0,30.0,98.0,108.0
70.0,29.0,98.0,109.0
68.0,28.0,99.0,108.0
66.0,28.0,99.0,108.0
64.0,28.0,99.0,108.0
62.0,28.0,99.0,109.0
60.0,27.0,98.0,110.0
59.0,26.0,98.0,110.0
57.0,24.0,97.0,112.0
55.0,23.0,98.0,112.0
53.0,22.0,97.0,114.0
51.0,22.0,96.0,115.0
48.0,22.0,96.0,115.0
48.0,23.0,97.0,115.0
44.0,23.0,97.0,116.0
42.0,24.0,97.0,115.0
39.0,24.0,97.0,116.0
36.0,25.0,98.0,116.0
29.0,27.0,97.0,115.0
28.0,28.0,97.0,115.0
26.0,29.0,98.0,114.0
24.0,29.0,98.0,113.0
22.0,30.0,98.0,113.0
20.0,30.0,98.0,112.0
17.0,30.0,97.0,113.0
15.0,30.0,97.0,113.0
13.0,30.0,97.0,113.0
