298.0,149.0,67.0,122.0
299.0,148.0,66.0,123.0
299.0,148.0,66.0,124.0
299.0,148.0,66.0,124.0
298.0,147.0,67.0,124.0
297.0,145.0,67.0,125.0
298.0,144.0,67.0,125.0
297.0,143.0,67.0,125.0
297.0,141.0,68.0,124.0
298.0,132.0,68.0,124.0
300.0,135.0,68.0,125.0
300.0,138.0,66.0,126.0
300.0,140.0,66.0,125.0
300.0,132.0,68.0,124.0
301.0,134.0,68.0,123.0
303.0,135.0,68.0,122.0
310.0,135.0,68.0,122.0
312.0,134.0,66.0,125.0
310.0,132.0,66.0,125.0
309.0,132.0,67.0,125.0
309.0,131.0,67.0,125.0
308.0,130.0,67.0,125.0
309.0,130.0,67.0,125.0
308.0,129.0,67.0,124.0
307.0,130.0,67.0,124.0
306.0,132.0,67.0,123.0
304.0,132.0,67.0,124.0
303.0,131.0,66.0,124.0
310.0,131.0,66.0,125.0
298.0,121.0,67.0,125.0
300.0,122.0,67.0,124.0
301.0,132.0,67.0,124.0
303.0,134.0,67.0,126.0
302.0,135.0,67.0,128.0
302.0,137.0,67.0,129.0
305.0,126.0,66.0,130.0
304.0,125.0,67.0,129.0
303.0,123.0,69.0,128.0
304.0,122.0,69.0,128.0
306.0,122.0,68.0,129.0
311.0,124.0,65.0,132.0
312.0,124.0,67.0,131.0
314.0,122.0,68.0,131.0
315.0,119.0,68.0,131.0
317.0,119.0,68.0,131.0
318.0,119.0,69.0,130.0
320.0,120.0,69.0,129.0
320.0,122.0,69.0,129.0
320.0,122.0,69.0,128.0
321.0,121.0,69.0,127.0
322.0,123.0,69.0,126.0
323.0,123.0,68.0,125.0
323.0,122.0,67.0,125.0
325.0,123.0,67.0,124.0
327.0,123.0,65.0,125.0
328.0,122.0,63.0,126.0
328.0,123.0,62.0,126.0
329.0,130.0,62.0,126.0
329.0,134.0,61.0,126.0
337.0,132.0,62.0,125.0
336.0,130.0,63.0,123.0
338.0,129.0,62.0,123.0
339.0,128.0,64.0,121.0
340.0,128.0,64.0,120.0
341.0,128.0,64.0,119.0
342.0,129.0,64.0,119.0
344.0,129.0,64.0,118.0
346.0,131.0,64.0,118.0
347.0,133.0,64.0,117.0
349.0,132.0,62.0,119.0
351.0,133.0,62.0,118.0
352.0,133.0,63.0,118.0
353.0,134.0,63.0,117.0
355.0,134.0,63.0,116.0
356.0,131.0,63.0,117.0
358.0,132.0,63.0,116.0
357.0,132.0,64.0,115.0
359.0,131.0,64.0,115.0
361.0,131.0,63.0,117.0
363.0,130.0,62.0,117.0
363.0,130.0,62.0,118.0
364.0,129.0,61.0,118.0
365.0,129.0,61.0,118.0
367.0,130.0,60.0,119.0
368.0,129.0,61.0,117.0
369.0,128.0,60.0,117.0
370.0,126.0,61.0,115.0
372.0,127.0,61.0,114.0
382.0,131.0,58.0,118.0
384.0,127.0,57.0,118.0
386.0,125.0,58.0,117.0
387.0,128.0,58.0,117.0
388.0,127.0,57.0,117.0
390.0,126.0,57.0,117.0
389.0,128.0,57.0,117.0
391.0,128.0,58.0,116.0
392.0,129.0,59.0,115.0
392.0,128.0,60.0,115.0
391.0,127.0,59.0,116.0
392.0,125.0,59.0,116.0
391.0,125.0,60.0,114.0
393.0,124.0,60.0,114.0
395.0,123.0,62.0,112.0
395.0,122.0,63.0,111.0
395.0,122.0,63.0,111.0
394.0,122.0,63.0,111.0
394.0,122.0,62.0,111.0
394.0,122.0,62.0,112.0
393.0,122.0,61.0,113.0
391.0,122.0,56.0,118.0
393.0,117.0,56.0,119.0
393.0,117.0,55.0,120.0
392.0,118.0,55.0,120.0
390.0,118.0,55.0,120.0
388.0,117.0,55.0,119.0
388.0,116.0,55.0,119.0
386.0,116.0,55.0,120.0
386.0,114.0,55.0,121.0
385.0,114.0,55.0,120.0
384.0,113.0,55.0,120.0
384.0,113.0,56.0,120.0
382.0,112.0,57.0,120.0
382.0,111.0,57.0,120.0
381.0,111.0,58.0,120.0
380.0,110.0,58.0,120.0
379.0,110.0,59.0,121.0
379.0,110.0,58.0,122.0
378.0,109.0,59.0,122.0
377.0,108.0,59.0,123.0
378.0,108.0,59.0,123.0
377.0,108.0,57.0,125.0
375.0,110.0,59.0,123.0
374.0,110.0,60.0,123.0
373.0,111.0,61.0,123.0
372.0,110.0,61.0,123.0
371.0,110.0,61.0,124.0
371.0,110.0,61.0,125.0
370.0,107.0,61.0,125.0
370.0,109.0,60.0,126.0
370.0,109.0,60.0,127.0
371.0,111.0,61.0,127.0
371.0,111.0,61.0,127.0
371.0,112.0,62.0,126.0
371.0,113.0,63.0,127.0
372.0,113.0,63.0,128.0
372.0,114.0,63.0,128.0
373.0,114.0,63.0,128.0
374.0,114.0,63.0,129.0
374.0,116.0,63.0,130.0
374.0,116.0,63.0,130.0
375.0,117.0,63.0,130.0
375.0,119.0,63.0,131.0
376.0,120.0,63.0,131.0
376.0,122.0,64.0,130.0
376.0,122.0,64.0,131.0
375.0,125.0,63.0,132.0
373.0,122.0,64.0,131.0
372.0,124.0,65.0,130.0
369.0,126.0,67.0,127.0
365.0,128.0,69.0,125.0
362.0,129.0,69.0,125.0
360.0,130.0,70.0,124.0
358.0,130.0,68.0,125.0
357.0,131.0,68.0,126.0
354.0,133.0,67.0,127.0
352.0,139.0,68.0,127.0
350.0,137.0,68.0,128.0
349.0,138.0,69.0,126.0
349.0,137.0,69.0,127.0
348.0,137.0,69.0,127.0
347.0,131.0,69.0,126.0
347.0,125.0,69.0,126.0
347.0,131.0,70.0,124.0
348.0,130.0,69.0,125.0
348.0,131.0,66.0,128.0
349.0,131.0,65.0,129.0
349.0,133.0,65.0,128.0
350.0,134.0,64.0,129.0
351.0,138.0,65.0,126.0
348.0,133.0,63.0,127.0
348.0,134.0,63.0,126.0
348.0,134.0,63.0,125.0
348.0,136.0,63.0,125.0
347.0,140.0,63.0,126.0
343.0,133.0,60.0,129.0
344.0,126.0,60.0,129.0
342.0,131.0,62.0,125.0
340.0,137.0,61.0,126.0
337.0,134.0,62.0,126.0
333.0,131.0,64.0,125.0
329.0,129.0,65.0,124.0
324.0,129.0,66.0,123.0
320.0,127.0,68.0,122.0
318.0,129.0,68.0,122.0
316.0,128.0,67.0,124.0
314.0,128.0,67.0,124.0
312.0,128.0,69.0,123.0
311.0,122.0,69.0,123.0
312.0,122.0,70.0,123.0
313.0,123.0,69.0,125.0
310.0,124.0,70.0,124.0
310.0,125.0,70.0,125.0
310.0,126.0,70.0,125.0
310.0,129.0,66.0,130.0
312.0,128.0,67.0,129.0
313.0,125.0,67.0,129.0
314.0,124.0,67.0,129.0
313.0,123.0,66.0,131.0
313.0,124.0,66.0,131.0
314.0,124.0,66.0,131.0
315.0,124.0,66.0,132.0
321.0,124.0,67.0,132.0
319.0,123.0,67.0,133.0
318.0,124.0,69.0,132.0
325.0,125.0,70.0,131.0
325.0,117.0,70.0,131.0
326.0,118.0,71.0,131.0
329.0,119.0,72.0,131.0
333.0,117.0,71.0,132.0
336.0,115.0,71.0,132.0
339.0,115.0,73.0,131.0
343.0,115.0,72.0,132.0
344.0,115.0,73.0,132.0
347.0,114.0,72.0,132.0
349.0,112.0,72.0,133.0
351.0,111.0,71.0,134.0
353.0,110.0,71.0,135.0
354.0,114.0,71.0,134.0
357.0,121.0,69.0,136.0
358.0,116.0,69.0,138.0
359.0,112.0,68.0,139.0
359.0,111.0,70.0,138.0
364.0,110.0,67.0,140.0
362.0,108.0,69.0,139.0
362.0,105.0,69.0,141.0
363.0,105.0,70.0,140.0
363.0,104.0,71.0,140.0
363.0,104.0,71.0,140.0
364.0,103.0,71.0,141.0
365.0,104.0,71.0,141.0
367.0,103.0,70.0,141.0
367.0,103.0,71.0,140.0
368.0,104.0,72.0,139.0
370.0,103.0,72.0,138.0
370.0,102.0,72.0,137.0
369.0,101.0,72.0,136.0
370.0,102.0,71.0,135.0
369.0,102.0,71.0,134.0
369.0,101.0,70.0,134.0
367.0,101.0,70.0,133.0
366.0,101.0,70.0,133.0
363.0,103.0,69.0,133.0
364.0,109.0,69.0,133.0
364.0,107.0,69.0,132.0
366.0,106.0,68.0,133.0
369.0,105.0,67.0,134.0
371.0,105.0,66.0,134.0
373.0,106.0,66.0,133.0
375.0,107.0,67.0,132.0
375.0,106.0,65.0,132.0
376.0,106.0,66.0,131.0
376.0,106.0,64.0,131.0
376.0,105.0,63.0,132.0
376.0,106.0,63.0,131.0
378.0,105.0,63.0,129.0
380.0,109.0,65.0,126.0
383.0,109.0,64.0,125.0
384.0,106.0,64.0,124.0
386.0,96.0,63.0,124.0
386.0,95.0,63.0,125.0
395.0,97.0,62.0,124.0
393.0,109.0,64.0,122.0
394.0,116.0,64.0,122.0
396.0,114.0,62.0,124.0
406.0,108.0,62.0,124.0
406.0,116.0,59.0,126.0
407.0,107.0,60.0,126.0
407.0,107.0,61.0,125.0
406.0,105.0,62.0,124.0
404.0,105.0,63.0,122.0
401.0,106.0,63.0,122.0
400.0,106.0,59.0,126.0
397.0,106.0,60.0,126.0
394.0,102.0,60.0,125.0
391.0,102.0,62.0,124.0
380.0,101.0,62.0,123.0
378.0,104.0,63.0,121.0
376.0,105.0,64.0,119.0
372.0,108.0,63.0,121.0
360.0,108.0,64.0,119.0
357.0,109.0,65.0,117.0
356.0,113.0,65.0,116.0
352.0,112.0,67.0,115.0
347.0,113.0,66.0,116.0
343.0,113.0,66.0,116.0
340.0,110.0,65.0,116.0
335.0,109.0,65.0,116.0
331.0,108.0,64.0,116.0
320.0,104.0,62.0,119.0
323.0,113.0,60.0,120.0
312.0,109.0,59.0,120.0
313.0,95.0,60.0,119.0
313.0,95.0,59.0,119.0
321.0,98.0,60.0,117.0
319.0,104.0,59.0,117.0
317.0,101.0,58.0,117.0
315.0,109.0,59.0,116.0
315.0,106.0,58.0,116.0
315.0,107.0,59.0,115.0
316.0,108.0,59.0,114.0
316.0,108.0,59.0,113.0
317.0,108.0,58.0,114.0
318.0,106.0,57.0,115.0
319.0,105.0,57.0,114.0
319.0,103.0,58.0,112.0
321.0,100.0,57.0,113.0
331.0,95.0,57.0,112.0
331.0,93.0,57.0,112.0
330.0,89.0,57.0,112.0
329.0,87.0,55.0,113.0
329.0,81.0,54.0,115.0
329.0,77.0,53.0,116.0
322.0,78.0,49.0,120.0
326.0,70.0,45.0,124.0
327.0,69.0,46.0,124.0
327.0,74.0,46.0,123.0
327.0,73.0,46.0,122.0
327.0,77.0,47.0,121.0
326.0,81.0,49.0,119.0
325.0,84.0,49.0,118.0
316.0,88.0,48.0,120.0
317.0,86.0,47.0,120.0
308.0,89.0,46.0,121.0
307.0,85.0,46.0,121.0
306.0,81.0,47.0,120.0
304.0,77.0,48.0,119.0
303.0,71.0,46.0,121.0
282.0,85.0,43.0,124.0
292.0,80.0,43.0,123.0
290.0,74.0,44.0,121.0
278.0,70.0,44.0,122.0
277.0,68.0,44.0,122.0
277.0,68.0,44.0,121.0
277.0,62.0,45.0,120.0
278.0,69.0,45.0,120.0
280.0,78.0,45.0,119.0
289.0,86.0,47.0,117.0
297.0,82.0,48.0,116.0
306.0,59.0,48.0,116.0
305.0,73.0,48.0,116.0
304.0,81.0,48.0,115.0
304.0,87.0,48.0,115.0
295.0,84.0,46.0,118.0
297.0,81.0,44.0,120.0
298.0,77.0,43.0,122.0
298.0,72.0,42.0,123.0
298.0,66.0,42.0,124.0
298.0,71.0,41.0,124.0
297.0,68.0,41.0,125.0
295.0,67.0,41.0,124.0
293.0,66.0,41.0,125.0
291.0,56.0,41.0,126.0
292.0,56.0,40.0,127.0
305.0,51.0,42.0,125.0
314.0,49.0,43.0,123.0
313.0,53.0,45.0,121.0
