122.0,51.0,51.0,61.0
122.0,50.0,52.0,60.0
122.0,51.0,54.0,60.0
122.0,52.0,55.0,59.0
122.0,52.0,55.0,59.0
121.0,54.0,55.0,59.0
121.0,56.0,55.0,59.0
120.0,56.0,56.0,59.0
121.0,57.0,56.0,59.0
120.0,58.0,57.0,59.0
120.0,57.0,57.0,59.0
119.0,58.0,57.0,59.0
120.0,58.0,57.0,59.0
119.0,58.0,57.0,60.0
120.0,59.0,58.0,59.0
118.0,58.0,58.0,60.0
119.0,59.0,58.0,60.0
118.0,60.0,58.0,60.0
118.0,59.0,58.0,61.0
119.0,60.0,58.0,60.0
118.0,61.0,58.0,60.0
118.0,60.0,58.0,61.0
118.0,61.0,58.0,61.0
117.0,61.0,58.0,61.0
118.0,61.0,59.0,61.0
117.0,61.0,58.0,62.0
116.0,61.0,59.0,61.0
117.0,62.0,59.0,61.0
116.0,61.0,58.0,62.0
116.0,61.0,59.0,62.0
115.0,61.0,59.0,62.0
114.0,59.0,59.0,62.0
111.0,59.0,59.0,62.0
110.0,59.0,60.0,61.0
109.0,58.0,60.0,60.0
107.0,56.0,60.0,60.0
105.0,56.0,59.0,60.0
105.0,56.0,59.0,59.0
105.0,56.0,60.0,58.0
103.0,56.0,61.0,57.0
104.0,57.0,61.0,57.0
104.0,55.0,60.0,57.0
105.0,56.0,61.0,56.0
107.0,55.0,60.0,56.0
107.0,53.0,60.0,57.0
109.0,52.0,60.0,57.0
110.0,52.0,60.0,57.0
111.0,52.0,60.0,56.0
112.0,52.0,60.0,57.0
111.0,52.0,60.0,56.0
113.0,53.0,59.0,56.0
112.0,55.0,59.0,56.0
113.0,57.0,59.0,56.0
113.0,59.0,58.0,57.0
112.0,60.0,58.0,57.0
111.0,62.0,57.0,58.0
111.0,66.0,57.0,58.0
112.0,67.0,57.0,58.0
112.0,68.0,57.0,58.0
115.0,71.0,57.0,58.0
113.0,73.0,58.0,58.0
113.0,76.0,58.0,58.0
112.0,79.0,59.0,58.0
111.0,81.0,59.0,59.0
111.0,83.0,59.0,59.0
112.0,83.0,59.0,60.0
113.0,83.0,59.0,61.0
109.0,84.0,59.0,61.0
113.0,84.0,59.0,61.0
115.0,85.0,59.0,61.0
116.0,85.0,58.0,62.0
121.0,85.0,59.0,62.0
122.0,83.0,58.0,63.0
124.0,83.0,58.0,64.0
124.0,82.0,59.0,63.0
123.0,80.0,60.0,64.0
123.0,78.0,61.0,64.0
122.0,75.0,61.0,64.0
121.0,74.0,62.0,64.0
121.0,72.0,62.0,64.0
120.0,68.0,63.0,64.0
120.0,68.0,62.0,65.0
119.0,65.0,63.0,65.0
119.0,65.0,63.0,65.0
120.0,65.0,63.0,66.0
119.0,64.0,64.0,64.0
119.0,63.0,64.0,65.0
120.0,64.0,64.0,65.0
118.0,63.0,65.0,64.0
117.0,61.0,65.0,64.0
116.0,60.0,66.0,64.0
115.0,60.0,66.0,64.0
114.0,57.0,66.0,65.0
112.0,56.0,66.0,65.0
110.0,55.0,66.0,64.0
109.0,53.0,66.0,64.0
107.0,53.0,67.0,62.0
105.0,53.0,67.0,62.0
104.0,53.0,67.0,61.0
103.0,53.0,66.0,61.0
102.0,53.0,65.0,60.0
101.0,53.0,64.0,60.0
100.0,53.0,64.0,60.0
100.0,54.0,64.0,59.0
101.0,53.0,63.0,59.0
98.0,54.0,63.0,59.0
100.0,52.0,62.0,59.0
99.0,52.0,62.0,59.0
100.0,51.0,62.0,59.0
101.0,53.0,62.0,58.0
101.0,52.0,61.0,58.0
104.0,53.0,60.0,58.0
104.0,54.0,60.0,57.0
104.0,56.0,60.0,57.0
106.0,56.0,59.0,58.0
107.0,57.0,59.0,58.0
108.0,58.0,58.0,58.0
109.0,60.0,58.0,58.0
109.0,61.0,57.0,58.0
109.0,63.0,57.0,58.0
109.0,64.0,57.0,58.0
112.0,64.0,56.0,59.0
110.0,64.0,56.0,59.0
111.0,64.0,56.0,59.0
112.0,66.0,56.0,59.0
112.0,65.0,56.0,60.0
113.0,66.0,56.0,61.0
112.0,66.0,56.0,61.0
112.0,65.0,56.0,62.0
112.0,64.0,56.0,62.0
112.0,65.0,57.0,62.0
112.0,64.0,56.0,61.0
112.0,64.0,56.0,62.0
112.0,63.0,57.0,62.0
112.0,63.0,56.0,62.0
113.0,65.0,57.0,61.0
111.0,63.0,57.0,62.0
111.0,64.0,57.0,62.0
111.0,64.0,57.0,62.0
110.0,64.0,58.0,62.0
109.0,63.0,58.0,62.0
109.0,64.0,59.0,62.0
107.0,63.0,59.0,62.0
105.0,62.0,59.0,62.0
104.0,62.0,59.0,62.0
103.0,64.0,60.0,61.0
102.0,63.0,60.0,61.0
102.0,63.0,60.0,61.0
101.0,63.0,60.0,61.0
102.0,64.0,61.0,60.0
102.0,64.0,60.0,61.0
102.0,64.0,60.0,60.0
102.0,64.0,60.0,60.0
103.0,65.0,60.0,61.0
104.0,66.0,60.0,61.0
103.0,66.0,61.0,60.0
104.0,66.0,61.0,60.0
104.0,66.0,60.0,61.0
104.0,66.0,60.0,61.0
104.0,66.0,60.0,61.0
104.0,66.0,60.0,61.0
104.0,65.0,60.0,61.0
104.0,66.0,60.0,61.0
104.0,65.0,60.0,61.0
103.0,65.0,60.0,61.0
103.0,65.0,60.0,62.0
103.0,65.0,60.0,61.0
103.0,65.0,60.0,61.0
103.0,66.0,60.0,61.0
103.0,65.0,60.0,61.0
103.0,65.0,61.0,61.0
102.0,65.0,61.0,61.0
102.0,65.0,61.0,61.0
102.0,64.0,61.0,61.0
102.0,65.0,61.0,61.0
101.0,63.0,61.0,60.0
101.0,63.0,61.0,60.0
101.0,64.0,61.0,60.0
100.0,62.0,61.0,60.0
100.0,62.0,60.0,60.0
100.0,62.0,60.0,60.0
100.0,62.0,60.0,59.0
99.0,63.0,59.0,59.0
99.0,63.0,59.0,59.0
99.0,62.0,59.0,59.0
99.0,64.0,58.0,59.0
100.0,64.0,58.0,58.0
100.0,63.0,58.0,58.0
101.0,64.0,58.0,58.0
101.0,65.0,57.0,57.0
100.0,64.0,57.0,57.0
101.0,64.0,56.0,57.0
101.0,64.0,56.0,57.0
102.0,64.0,56.0,57.0
102.0,65.0,56.0,56.0
102.0,66.0,56.0,56.0
103.0,65.0,55.0,56.0
104.0,65.0,55.0,56.0
104.0,67.0,54.0,56.0
105.0,67.0,54.0,56.0
105.0,69.0,54.0,55.0
105.0,70.0,54.0,55.0
104.0,70.0,54.0,55.0
106.0,70.0,53.0,55.0
107.0,71.0,53.0,56.0
106.0,71.0,54.0,55.0
107.0,71.0,53.0,55.0
107.0,73.0,53.0,54.0
106.0,73.0,53.0,54.0
106.0,74.0,53.0,55.0
105.0,74.0,53.0,55.0
106.0,74.0,53.0,55.0
106.0,75.0,53.0,54.0
106.0,74.0,53.0,54.0
105.0,74.0,53.0,54.0
105.0,74.0,53.0,54.0
106.0,74.0,53.0,54.0
104.0,73.0,52.0,54.0
105.0,73.0,53.0,54.0
105.0,73.0,53.0,53.0
105.0,73.0,53.0,53.0
104.0,74.0,52.0,53.0
103.0,72.0,52.0,53.0
103.0,72.0,52.0,53.0
103.0,71.0,51.0,53.0
103.0,71.0,51.0,52.0
101.0,71.0,51.0,51.0
103.0,71.0,51.0,51.0
101.0,71.0,51.0,50.0
102.0,71.0,51.0,50.0
101.0,71.0,50.0,50.0
102.0,71.0,50.0,50.0
102.0,72.0,50.0,49.0
102.0,72.0,50.0,49.0
103.0,73.0,50.0,48.0
104.0,73.0,49.0,48.0
103.0,74.0,49.0,48.0
104.0,74.0,49.0,49.0
104.0,74.0,49.0,49.0
103.0,76.0,49.0,48.0
103.0,75.0,49.0,48.0
102.0,74.0,49.0,48.0
103.0,74.0,49.0,49.0
102.0,74.0,49.0,49.0
103.0,74.0,49.0,49.0
103.0,74.0,50.0,49.0
103.0,74.0,49.0,50.0
103.0,74.0,49.0,50.0
103.0,73.0,49.0,51.0
103.0,73.0,50.0,50.0
103.0,74.0,50.0,50.0
102.0,73.0,50.0,50.0
102.0,72.0,50.0,51.0
101.0,70.0,51.0,50.0
100.0,68.0,52.0,50.0
101.0,67.0,52.0,50.0
101.0,65.0,52.0,50.0
100.0,64.0,52.0,50.0
100.0,62.0,52.0,51.0
100.0,60.0,52.0,51.0
100.0,58.0,52.0,51.0
100.0,57.0,53.0,50.0
100.0,56.0,52.0,51.0
100.0,54.0,53.0,50.0
101.0,52.0,52.0,51.0
100.0,49.0,52.0,51.0
100.0,49.0,53.0,51.0
101.0,47.0,52.0,51.0
101.0,45.0,52.0,51.0
101.0,45.0,51.0,51.0
101.0,45.0,51.0,52.0
102.0,44.0,51.0,52.0
102.0,44.0,51.0,52.0
103.0,45.0,52.0,51.0
101.0,46.0,51.0,51.0
103.0,46.0,52.0,50.0
104.0,49.0,52.0,50.0
105.0,50.0,52.0,50.0
106.0,51.0,52.0,50.0
107.0,53.0,52.0,49.0
109.0,52.0,52.0,49.0
109.0,53.0,52.0,49.0
111.0,55.0,51.0,50.0
112.0,54.0,51.0,51.0
112.0,55.0,51.0,51.0
114.0,55.0,51.0,51.0
114.0,55.0,51.0,51.0
114.0,55.0,51.0,52.0
114.0,55.0,50.0,52.0
114.0,58.0,51.0,51.0
113.0,58.0,51.0,51.0
115.0,60.0,51.0,51.0
116.0,60.0,51.0,51.0
116.0,63.0,50.0,52.0
117.0,63.0,51.0,52.0
117.0,66.0,52.0,51.0
117.0,67.0,53.0,52.0
115.0,70.0,52.0,52.0
115.0,72.0,52.0,52.0
113.0,73.0,52.0,52.0
115.0,73.0,52.0,53.0
114.0,76.0,53.0,52.0
114.0,77.0,53.0,52.0
113.0,77.0,53.0,53.0
112.0,79.0,54.0,53.0
112.0,79.0,54.0,54.0
111.0,79.0,54.0,54.0
110.0,79.0,54.0,54.0
109.0,79.0,53.0,54.0
110.0,79.0,53.0,54.0
110.0,79.0,52.0,54.0
110.0,79.0,52.0,53.0
109.0,80.0,52.0,53.0
109.0,80.0,51.0,54.0
109.0,78.0,51.0,55.0
109.0,76.0,52.0,55.0
107.0,75.0,52.0,55.0
107.0,74.0,53.0,56.0
105.0,74.0,53.0,56.0
104.0,72.0,54.0,56.0
103.0,73.0,54.0,56.0
101.0,73.0,55.0,57.0
99.0,73.0,54.0,56.0
96.0,70.0,54.0,56.0
95.0,70.0,55.0,56.0
94.0,70.0,55.0,57.0
92.0,69.0,55.0,57.0
91.0,69.0,55.0,58.0
89.0,67.0,55.0,58.0
88.0,67.0,56.0,57.0
87.0,67.0,57.0,57.0
85.0,67.0,57.0,57.0
84.0,67.0,57.0,58.0
83.0,66.0,57.0,58.0
82.0,66.0,58.0,57.0
81.0,66.0,58.0,57.0
78.0,65.0,58.0,58.0
77.0,66.0,58.0,57.0
76.0,65.0,58.0,58.0
74.0,66.0,57.0,58.0
73.0,66.0,57.0,58.0
71.0,66.0,57.0,58.0
70.0,65.0,57.0,58.0
69.0,65.0,57.0,58.0
68.0,66.0,57.0,58.0
66.0,66.0,57.0,58.0
65.0,65.0,58.0,57.0
63.0,66.0,58.0,57.0
62.0,66.0,57.0,57.0
61.0,65.0,57.0,57.0
60.0,66.0,57.0,57.0
57.0,66.0,58.0,56.0
57.0,67.0,58.0,56.0
56.0,68.0,58.0,56.0
56.0,68.0,58.0,55.0
55.0,68.0,59.0,55.0
54.0,68.0,58.0,56.0
53.0,67.0,58.0,55.0
52.0,68.0,58.0,55.0
52.0,65.0,58.0,55.0
51.0,66.0,58.0,56.0
51.0,66.0,58.0,55.0
51.0,66.0,58.0,55.0
51.0,65.0,58.0,56.0
53.0,63.0,58.0,56.0
54.0,62.0,58.0,56.0
56.0,62.0,58.0,56.0
57.0,60.0,58.0,56.0
59.0,59.0,57.0,57.0
60.0,59.0,57.0,57.0
60.0,57.0,57.0,57.0
61.0,55.0,58.0,56.0
61.0,53.0,58.0,56.0
63.0,51.0,58.0,56.0
64.0,49.0,58.0,57.0
65.0,47.0,57.0,57.0
67.0,45.0,57.0,57.0
69.0,44.0,57.0,57.0
70.0,43.0,57.0,57.0
71.0,42.0,57.0,57.0
74.0,40.0,57.0,57.0
76.0,40.0,57.0,57.0
78.0,39.0,57.0,56.0
79.0,38.0,57.0,56.0
82.0,38.0,57.0,56.0
83.0,38.0,57.0,56.0
86.0,38.0,57.0,56.0
87.0,40.0,57.0,56.0
90.0,40.0,57.0,55.0
91.0,43.0,57.0,55.0
92.0,42.0,57.0,55.0
94.0,43.0,57.0,56.0
96.0,47.0,56.0,56.0
96.0,47.0,56.0,56.0
97.0,48.0,56.0,56.0
99.0,50.0,55.0,56.0
100.0,51.0,56.0,56.0
101.0,53.0,56.0,56.0
101.0,56.0,55.0,57.0
101.0,57.0,55.0,57.0
102.0,59.0,56.0,57.0
103.0,61.0,56.0,57.0
102.0,64.0,55.0,57.0
103.0,67.0,55.0,58.0
103.0,68.0,56.0,57.0
104.0,70.0,56.0,57.0
104.0,73.0,55.0,58.0
104.0,74.0,56.0,58.0
104.0,76.0,56.0,59.0
105.0,78.0,55.0,59.0
104.0,81.0,56.0,58.0
104.0,83.0,56.0,58.0
104.0,86.0,56.0,58.0
103.0,90.0,56.0,58.0
104.0,93.0,56.0,58.0
104.0,95.0,57.0,57.0
103.0,98.0,57.0,57.0
104.0,100.0,57.0,57.0
104.0,102.0,57.0,58.0
103.0,105.0,57.0,58.0
103.0,105.0,58.0,57.0
104.0,106.0,58.0,57.0
104.0,112.0,57.0,58.0
103.0,111.0,58.0,58.0
104.0,116.0,58.0,58.0
104.0,114.0,58.0,59.0
103.0,119.0,58.0,60.0
103.0,121.0,57.0,61.0
102.0,123.0,57.0,61.0
103.0,120.0,58.0,60.0
101.0,124.0,58.0,60.0
101.0,126.0,59.0,60.0
101.0,128.0,59.0,60.0
99.0,129.0,60.0,60.0
99.0,131.0,60.0,61.0
99.0,133.0,61.0,61.0
98.0,134.0,62.0,61.0
97.0,136.0,62.0,61.0
97.0,136.0,63.0,61.0
97.0,138.0,63.0,61.0
97.0,139.0,63.0,62.0
97.0,139.0,63.0,63.0
92.0,142.0,63.0,63.0
93.0,143.0,63.0,63.0
92.0,144.0,64.0,63.0
92.0,144.0,64.0,64.0
92.0,145.0,64.0,64.0
90.0,150.0,65.0,64.0
88.0,149.0,65.0,65.0
88.0,148.0,65.0,65.0
87.0,148.0,65.0,65.0
87.0,148.0,65.0,66.0
86.0,152.0,66.0,65.0
84.0,151.0,67.0,65.0
83.0,151.0,67.0,64.0
82.0,151.0,67.0,64.0
81.0,149.0,68.0,65.0
80.0,147.0,68.0,65.0
79.0,144.0,68.0,65.0
79.0,142.0,69.0,65.0
78.0,139.0,68.0,65.0
79.0,135.0,68.0,66.0
78.0,132.0,69.0,65.0
79.0,128.0,69.0,66.0
79.0,124.0,69.0,67.0
80.0,121.0,70.0,67.0
79.0,118.0,70.0,67.0
81.0,112.0,70.0,67.0
82.0,107.0,70.0,67.0
81.0,106.0,69.0,69.0
83.0,101.0,70.0,68.0
85.0,98.0,69.0,68.0
83.0,97.0,68.0,68.0
86.0,95.0,68.0,68.0
88.0,94.0,68.0,69.0
88.0,92.0,67.0,70.0
89.0,90.0,67.0,71.0
90.0,88.0,68.0,71.0
93.0,87.0,69.0,71.0
94.0,86.0,69.0,71.0
95.0,85.0,69.0,71.0
97.0,84.0,69.0,72.0
98.0,84.0,68.0,72.0
99.0,85.0,68.0,72.0
101.0,87.0,69.0,70.0
103.0,87.0,69.0,70.0
105.0,86.0,68.0,71.0
106.0,85.0,67.0,72.0
108.0,85.0,68.0,72.0
110.0,85.0,68.0,71.0
112.0,84.0,68.0,72.0
114.0,83.0,68.0,72.0
116.0,83.0,69.0,72.0
118.0,81.0,69.0,73.0
118.0,83.0,70.0,72.0
121.0,81.0,69.0,74.0
123.0,80.0,70.0,74.0
125.0,79.0,69.0,75.0
126.0,79.0,69.0,75.0
127.0,79.0,69.0,74.0
129.0,80.0,70.0,73.0
130.0,81.0,71.0,72.0
133.0,82.0,71.0,72.0
135.0,82.0,72.0,72.0
137.0,82.0,71.0,72.0
139.0,83.0,71.0,72.0
140.0,84.0,71.0,72.0
142.0,86.0,70.0,72.0
143.0,88.0,69.0,72.0
144.0,89.0,70.0,71.0
144.0,90.0,69.0,71.0
144.0,93.0,69.0,70.0
145.0,96.0,68.0,69.0
146.0,98.0,68.0,68.0
147.0,100.0,68.0,67.0
147.0,103.0,68.0,66.0
147.0,106.0,68.0,65.0
149.0,107.0,67.0,65.0
153.0,107.0,66.0,65.0
155.0,108.0,65.0,65.0
157.0,106.0,64.0,66.0
159.0,104.0,63.0,66.0
161.0,101.0,63.0,66.0
162.0,99.0,63.0,66.0
161.0,96.0,64.0,65.0
162.0,92.0,64.0,65.0
161.0,89.0,65.0,65.0
163.0,86.0,64.0,65.0
162.0,84.0,64.0,65.0
162.0,82.0,64.0,65.0
163.0,80.0,63.0,66.0
162.0,77.0,64.0,67.0
162.0,75.0,64.0,67.0
163.0,72.0,65.0,67.0
162.0,69.0,66.0,66.0
162.0,67.0,66.0,67.0
162.0,63.0,66.0,68.0
162.0,61.0,66.0,68.0
162.0,57.0,66.0,69.0
163.0,54.0,66.0,69.0
164.0,52.0,66.0,70.0
164.0,50.0,66.0,71.0
164.0,48.0,66.0,71.0
164.0,46.0,67.0,70.0
162.0,45.0,67.0,71.0
161.0,44.0,67.0,71.0
160.0,43.0,68.0,70.0
158.0,43.0,69.0,69.0
157.0,45.0,69.0,69.0
155.0,47.0,68.0,69.0
154.0,49.0,68.0,68.0
153.0,50.0,68.0,68.0
152.0,52.0,68.0,68.0
150.0,53.0,67.0,69.0
149.0,55.0,67.0,68.0
146.0,57.0,66.0,68.0
144.0,59.0,67.0,67.0
143.0,60.0,65.0,68.0
141.0,61.0,64.0,68.0
139.0,60.0,65.0,67.0
137.0,61.0,65.0,67.0
134.0,62.0,65.0,66.0
132.0,63.0,65.0,66.0
131.0,62.0,65.0,66.0
127.0,64.0,66.0,65.0
124.0,66.0,66.0,65.0
122.0,68.0,66.0,66.0
120.0,70.0,65.0,67.0
119.0,72.0,65.0,67.0
118.0,72.0,64.0,68.0
119.0,70.0,65.0,68.0
120.0,68.0,64.0,68.0
123.0,66.0,65.0,68.0
126.0,65.0,66.0,67.0
130.0,64.0,65.0,68.0
133.0,65.0,65.0,67.0
134.0,66.0,65.0,67.0
134.0,68.0,65.0,66.0
135.0,68.0,65.0,66.0
135.0,68.0,65.0,66.0
137.0,68.0,65.0,66.0
137.0,67.0,66.0,66.0
135.0,67.0,67.0,65.0
134.0,66.0,67.0,65.0
132.0,66.0,67.0,66.0
130.0,66.0,66.0,66.0
129.0,68.0,66.0,66.0
127.0,71.0,66.0,66.0
126.0,72.0,66.0,66.0
127.0,75.0,66.0,66.0
126.0,76.0,66.0,67.0
123.0,78.0,67.0,67.0
119.0,79.0,67.0,67.0
116.0,79.0,67.0,68.0
114.0,80.0,67.0,69.0
112.0,82.0,68.0,69.0
110.0,84.0,69.0,68.0
108.0,86.0,69.0,69.0
105.0,88.0,70.0,69.0
106.0,91.0,69.0,69.0
106.0,95.0,69.0,68.0
106.0,96.0,69.0,69.0
105.0,99.0,70.0,68.0
105.0,103.0,71.0,68.0
106.0,106.0,71.0,68.0
108.0,108.0,70.0,69.0
108.0,108.0,70.0,70.0
109.0,108.0,69.0,71.0
107.0,109.0,68.0,71.0
101.0,109.0,68.0,71.0
104.0,109.0,67.0,70.0
105.0,110.0,67.0,70.0
103.0,111.0,68.0,68.0
102.0,112.0,68.0,68.0
103.0,112.0,67.0,68.0
102.0,112.0,67.0,68.0
97.0,112.0,67.0,68.0
100.0,112.0,67.0,67.0
100.0,113.0,68.0,67.0
99.0,113.0,67.0,67.0
99.0,112.0,66.0,68.0
95.0,112.0,67.0,68.0
96.0,111.0,67.0,68.0
95.0,109.0,67.0,68.0
95.0,106.0,68.0,68.0
96.0,105.0,67.0,69.0
95.0,101.0,66.0,70.0
95.0,99.0,67.0,71.0
94.0,97.0,68.0,70.0
95.0,93.0,68.0,71.0
95.0,91.0,69.0,71.0
95.0,89.0,69.0,72.0
95.0,87.0,69.0,72.0
95.0,84.0,69.0,73.0
95.0,81.0,70.0,73.0
95.0,80.0,71.0,72.0
95.0,77.0,71.0,72.0
95.0,75.0,72.0,71.0
94.0,73.0,72.0,72.0
92.0,70.0,72.0,72.0
93.0,66.0,72.0,73.0
93.0,64.0,71.0,73.0
92.0,62.0,71.0,73.0
92.0,61.0,71.0,73.0
92.0,58.0,70.0,73.0
91.0,56.0,72.0,72.0
87.0,57.0,72.0,72.0
87.0,54.0,71.0,72.0
85.0,54.0,72.0,70.0
83.0,53.0,72.0,70.0
80.0,52.0,72.0,69.0
79.0,52.0,72.0,68.0
78.0,52.0,71.0,68.0
77.0,51.0,71.0,67.0
76.0,50.0,70.0,66.0
74.0,51.0,70.0,65.0
74.0,50.0,70.0,65.0
74.0,51.0,69.0,65.0
73.0,51.0,67.0,65.0
73.0,52.0,68.0,64.0
72.0,54.0,67.0,64.0
72.0,55.0,66.0,64.0
71.0,57.0,67.0,63.0
70.0,59.0,67.0,62.0
71.0,59.0,66.0,63.0
71.0,60.0,66.0,63.0
69.0,62.0,66.0,62.0
69.0,63.0,67.0,62.0
69.0,65.0,67.0,62.0
69.0,67.0,67.0,62.0
67.0,69.0,67.0,63.0
67.0,71.0,67.0,63.0
67.0,72.0,66.0,64.0
67.0,74.0,67.0,64.0
66.0,76.0,67.0,64.0
67.0,76.0,67.0,64.0
68.0,76.0,66.0,65.0
69.0,79.0,67.0,63.0
69.0,81.0,67.0,63.0
70.0,81.0,66.0,63.0
70.0,78.0,66.0,64.0
71.0,77.0,65.0,64.0
72.0,74.0,66.0,63.0
74.0,72.0,65.0,63.0
76.0,68.0,64.0,64.0
79.0,66.0,63.0,65.0
82.0,64.0,64.0,65.0
85.0,62.0,63.0,65.0
87.0,61.0,63.0,65.0
89.0,59.0,63.0,65.0
91.0,57.0,62.0,66.0
92.0,56.0,62.0,66.0
94.0,56.0,62.0,66.0
96.0,55.0,62.0,66.0
95.0,53.0,62.0,66.0
96.0,52.0,62.0,66.0
96.0,51.0,63.0,66.0
97.0,49.0,63.0,65.0
97.0,48.0,63.0,65.0
98.0,50.0,64.0,64.0
98.0,49.0,64.0,64.0
97.0,48.0,64.0,64.0
95.0,47.0,64.0,63.0
93.0,44.0,64.0,63.0
95.0,44.0,64.0,64.0
94.0,42.0,65.0,63.0
94.0,41.0,64.0,63.0
93.0,41.0,64.0,63.0
91.0,40.0,64.0,62.0
91.0,41.0,64.0,61.0
90.0,41.0,63.0,61.0
89.0,41.0,63.0,61.0
86.0,40.0,63.0,61.0
86.0,40.0,63.0,61.0
82.0,41.0,63.0,60.0
82.0,40.0,63.0,60.0
81.0,38.0,62.0,60.0
78.0,38.0,63.0,59.0
78.0,36.0,62.0,59.0
76.0,36.0,62.0,59.0
76.0,34.0,62.0,59.0
74.0,32.0,61.0,58.0
74.0,29.0,61.0,59.0
73.0,28.0,60.0,59.0
72.0,27.0,60.0,59.0
71.0,26.0,60.0,58.0
70.0,25.0,60.0,58.0
69.0,25.0,60.0,57.0
68.0,25.0,59.0,58.0
68.0,25.0,59.0,57.0
67.0,26.0,59.0,57.0
69.0,26.0,59.0,57.0
69.0,28.0,59.0,57.0
70.0,30.0,59.0,57.0
70.0,32.0,58.0,57.0
71.0,34.0,58.0,57.0
72.0,36.0,58.0,57.0
73.0,39.0,59.0,56.0
74.0,41.0,58.0,56.0
76.0,44.0,58.0,56.0
76.0,47.0,59.0,55.0
78.0,49.0,58.0,56.0
79.0,50.0,58.0,56.0
81.0,52.0,57.0,56.0
82.0,51.0,57.0,56.0
83.0,52.0,58.0,56.0
86.0,52.0,58.0,55.0
87.0,51.0,58.0,56.0
90.0,50.0,58.0,56.0
92.0,48.0,58.0,56.0
95.0,46.0,57.0,56.0
96.0,46.0,58.0,56.0
99.0,43.0,58.0,56.0
101.0,41.0,57.0,56.0
103.0,40.0,57.0,55.0
105.0,39.0,58.0,55.0
108.0,38.0,58.0,55.0
111.0,36.0,58.0,54.0
112.0,35.0,58.0,54.0
115.0,34.0,57.0,55.0
117.0,33.0,57.0,54.0
119.0,33.0,57.0,54.0
120.0,32.0,57.0,54.0
123.0,32.0,57.0,53.0
125.0,32.0,56.0,53.0
127.0,31.0,56.0,52.0
129.0,32.0,55.0,53.0
131.0,31.0,55.0,52.0
134.0,32.0,54.0,52.0
136.0,31.0,53.0,51.0
138.0,31.0,52.0,52.0
141.0,33.0,52.0,52.0
142.0,32.0,51.0,51.0
146.0,33.0,51.0,51.0
147.0,32.0,50.0,52.0
150.0,33.0,50.0,52.0
152.0,33.0,50.0,52.0
154.0,34.0,49.0,52.0
156.0,35.0,49.0,53.0
158.0,36.0,49.0,52.0
158.0,37.0,50.0,52.0
159.0,39.0,50.0,52.0
160.0,38.0,50.0,52.0
160.0,41.0,50.0,53.0
162.0,42.0,50.0,53.0
163.0,44.0,50.0,53.0
164.0,46.0,50.0,54.0
165.0,48.0,50.0,53.0
165.0,50.0,51.0,53.0
166.0,51.0,51.0,52.0
166.0,53.0,51.0,53.0
166.0,55.0,52.0,52.0
166.0,57.0,51.0,53.0
167.0,58.0,51.0,53.0
166.0,60.0,52.0,53.0
166.0,60.0,52.0,54.0
165.0,60.0,53.0,53.0
164.0,60.0,53.0,54.0
162.0,60.0,53.0,54.0
160.0,60.0,54.0,53.0
159.0,60.0,53.0,54.0
158.0,59.0,54.0,54.0
157.0,57.0,54.0,54.0
157.0,57.0,54.0,55.0
155.0,56.0,55.0,54.0
154.0,56.0,55.0,54.0
151.0,55.0,55.0,55.0
150.0,56.0,55.0,55.0
146.0,56.0,56.0,55.0
144.0,57.0,56.0,55.0
141.0,58.0,56.0,55.0
139.0,58.0,56.0,55.0
136.0,58.0,56.0,55.0
133.0,59.0,56.0,56.0
129.0,60.0,56.0,56.0
127.0,60.0,56.0,56.0
124.0,60.0,56.0,56.0
120.0,62.0,57.0,56.0
116.0,65.0,56.0,56.0
112.0,65.0,56.0,57.0
110.0,67.0,56.0,57.0
108.0,68.0,56.0,57.0
105.0,68.0,57.0,58.0
102.0,69.0,57.0,58.0
99.0,72.0,58.0,58.0
96.0,72.0,58.0,59.0
95.0,73.0,59.0,58.0
92.0,75.0,59.0,59.0
90.0,76.0,60.0,59.0
88.0,76.0,60.0,59.0
87.0,77.0,61.0,59.0
84.0,76.0,60.0,59.0
84.0,77.0,60.0,60.0
84.0,77.0,59.0,60.0
86.0,78.0,59.0,60.0
87.0,81.0,59.0,60.0
88.0,84.0,59.0,60.0
87.0,88.0,59.0,60.0
87.0,94.0,59.0,59.0
88.0,98.0,59.0,59.0
89.0,102.0,60.0,58.0
89.0,105.0,60.0,58.0
90.0,107.0,60.0,58.0
91.0,110.0,60.0,58.0
92.0,113.0,61.0,59.0
92.0,115.0,60.0,59.0
92.0,119.0,61.0,60.0
92.0,120.0,61.0,61.0
92.0,123.0,62.0,61.0
93.0,127.0,63.0,60.0
91.0,128.0,63.0,60.0
92.0,127.0,62.0,61.0
93.0,122.0,62.0,61.0
93.0,117.0,62.0,62.0
93.0,112.0,62.0,63.0
91.0,107.0,62.0,63.0
92.0,103.0,62.0,63.0
90.0,96.0,62.0,64.0
89.0,92.0,62.0,65.0
87.0,85.0,62.0,66.0
87.0,82.0,62.0,65.0
86.0,78.0,63.0,65.0
86.0,74.0,63.0,65.0
84.0,72.0,64.0,65.0
84.0,68.0,64.0,64.0
85.0,65.0,65.0,64.0
86.0,64.0,65.0,63.0
89.0,64.0,66.0,62.0
90.0,62.0,65.0,62.0
93.0,62.0,65.0,62.0
96.0,61.0,65.0,62.0
100.0,62.0,65.0,62.0
103.0,62.0,66.0,62.0
104.0,62.0,66.0,61.0
108.0,64.0,66.0,61.0
109.0,64.0,66.0,61.0
111.0,65.0,66.0,61.0
112.0,66.0,67.0,61.0
113.0,66.0,66.0,61.0
115.0,64.0,65.0,62.0
116.0,65.0,64.0,63.0
118.0,66.0,65.0,62.0
115.0,65.0,65.0,62.0
115.0,64.0,65.0,62.0
114.0,65.0,65.0,62.0
116.0,65.0,65.0,62.0
113.0,65.0,65.0,63.0
111.0,64.0,64.0,62.0
108.0,65.0,63.0,63.0
107.0,66.0,63.0,63.0
105.0,65.0,62.0,64.0
103.0,65.0,62.0,64.0
101.0,66.0,62.0,65.0
98.0,66.0,62.0,64.0
95.0,67.0,62.0,64.0
92.0,69.0,63.0,63.0
90.0,72.0,64.0,62.0
87.0,73.0,64.0,62.0
85.0,74.0,64.0,62.0
84.0,75.0,64.0,62.0
83.0,77.0,64.0,62.0
82.0,78.0,64.0,63.0
82.0,79.0,63.0,63.0
80.0,80.0,63.0,63.0
80.0,83.0,64.0,63.0
81.0,86.0,65.0,62.0
81.0,89.0,65.0,61.0
82.0,92.0,64.0,62.0
82.0,96.0,64.0,61.0
83.0,99.0,63.0,62.0
84.0,101.0,63.0,62.0
85.0,103.0,62.0,62.0
86.0,112.0,63.0,61.0
87.0,114.0,63.0,61.0
87.0,115.0,63.0,61.0
88.0,117.0,63.0,61.0
88.0,118.0,64.0,61.0
89.0,117.0,64.0,61.0
91.0,117.0,63.0,61.0
91.0,116.0,64.0,61.0
94.0,116.0,65.0,61.0
96.0,113.0,65.0,61.0
99.0,114.0,66.0,61.0
102.0,111.0,65.0,63.0
104.0,109.0,65.0,64.0
105.0,105.0,65.0,65.0
104.0,101.0,67.0,65.0
104.0,96.0,67.0,66.0
105.0,91.0,67.0,67.0
104.0,87.0,67.0,66.0
107.0,84.0,67.0,67.0
107.0,81.0,68.0,67.0
105.0,80.0,68.0,66.0
103.0,78.0,67.0,67.0
102.0,76.0,66.0,68.0
100.0,75.0,66.0,68.0
98.0,73.0,66.0,68.0
96.0,72.0,67.0,68.0
94.0,71.0,66.0,69.0
92.0,72.0,67.0,68.0
90.0,69.0,67.0,69.0
88.0,67.0,67.0,68.0
86.0,67.0,68.0,67.0
85.0,64.0,68.0,67.0
85.0,62.0,68.0,67.0
85.0,60.0,69.0,66.0
87.0,57.0,69.0,66.0
88.0,57.0,70.0,65.0
89.0,56.0,69.0,65.0
91.0,58.0,69.0,65.0
92.0,57.0,68.0,66.0
94.0,58.0,68.0,66.0
96.0,57.0,68.0,66.0
97.0,57.0,68.0,66.0
98.0,56.0,67.0,66.0
99.0,56.0,67.0,66.0
101.0,56.0,66.0,67.0
101.0,56.0,66.0,67.0
103.0,55.0,66.0,67.0
105.0,55.0,66.0,67.0
106.0,55.0,66.0,67.0
107.0,54.0,67.0,66.0
109.0,55.0,67.0,66.0
109.0,55.0,66.0,67.0
111.0,57.0,66.0,67.0
112.0,57.0,66.0,66.0
112.0,57.0,66.0,66.0
113.0,57.0,66.0,67.0
113.0,57.0,65.0,68.0
113.0,59.0,66.0,67.0
113.0,59.0,67.0,66.0
113.0,59.0,68.0,66.0
113.0,59.0,68.0,66.0
113.0,60.0,69.0,66.0
114.0,59.0,69.0,66.0
115.0,59.0,68.0,66.0
115.0,58.0,68.0,66.0
116.0,58.0,68.0,66.0
116.0,58.0,68.0,65.0
117.0,60.0,68.0,65.0
118.0,59.0,68.0,65.0
116.0,62.0,68.0,64.0
118.0,60.0,67.0,65.0
119.0,62.0,67.0,65.0
116.0,64.0,68.0,65.0
119.0,66.0,68.0,65.0
116.0,69.0,68.0,65.0
119.0,71.0,67.0,66.0
119.0,73.0,67.0,65.0
116.0,77.0,68.0,65.0
120.0,79.0,69.0,65.0
118.0,82.0,69.0,65.0
114.0,83.0,70.0,64.0
112.0,86.0,71.0,64.0
111.0,89.0,71.0,65.0
110.0,90.0,71.0,66.0
108.0,93.0,72.0,66.0
107.0,96.0,73.0,66.0
104.0,97.0,75.0,66.0
105.0,99.0,75.0,67.0
105.0,99.0,76.0,68.0
104.0,96.0,77.0,69.0
102.0,97.0,78.0,69.0
102.0,93.0,78.0,70.0
102.0,89.0,78.0,71.0
101.0,88.0,78.0,72.0
100.0,88.0,79.0,72.0
101.0,81.0,80.0,73.0
100.0,76.0,80.0,72.0
99.0,76.0,79.0,74.0
98.0,75.0,79.0,75.0
95.0,74.0,79.0,76.0
98.0,68.0,79.0,76.0
97.0,67.0,80.0,76.0
94.0,64.0,80.0,77.0
93.0,60.0,80.0,78.0
94.0,57.0,80.0,79.0
94.0,56.0,81.0,79.0
88.0,55.0,81.0,78.0
89.0,54.0,81.0,79.0
89.0,52.0,81.0,79.0
89.0,50.0,82.0,78.0
87.0,48.0,83.0,77.0
86.0,46.0,84.0,77.0
85.0,45.0,85.0,76.0
83.0,44.0,87.0,75.0
82.0,45.0,88.0,74.0
80.0,45.0,89.0,73.0
78.0,45.0,90.0,73.0
77.0,46.0,91.0,73.0
75.0,44.0,91.0,74.0
73.0,45.0,92.0,74.0
63.0,45.0,91.0,74.0
63.0,46.0,92.0,74.0
63.0,47.0,91.0,74.0
63.0,47.0,90.0,75.0
63.0,45.0,90.0,75.0
54.0,45.0,89.0,75.0
56.0,45.0,90.0,74.0
56.0,47.0,90.0,73.0
56.0,48.0,91.0,72.0
56.0,49.0,90.0,72.0
56.0,49.0,89.0,72.0
58.0,49.0,88.0,72.0
59.0,49.0,87.0,72.0
62.0,50.0,86.0,73.0
64.0,52.0,85.0,72.0
68.0,54.0,85.0,72.0
70.0,56.0,84.0,73.0
73.0,57.0,84.0,73.0
76.0,56.0,82.0,73.0
80.0,58.0,82.0,73.0
84.0,59.0,81.0,74.0
86.0,59.0,80.0,74.0
89.0,60.0,80.0,74.0
92.0,62.0,79.0,74.0
93.0,61.0,79.0,74.0
97.0,63.0,80.0,73.0
100.0,64.0,81.0,73.0
104.0,65.0,80.0,74.0
107.0,66.0,80.0,75.0
110.0,66.0,80.0,76.0
112.0,66.0,80.0,77.0
115.0,67.0,80.0,78.0
116.0,67.0,81.0,78.0
116.0,67.0,81.0,79.0
119.0,67.0,81.0,80.0
120.0,67.0,82.0,81.0
127.0,67.0,82.0,82.0
127.0,69.0,83.0,82.0
128.0,70.0,83.0,84.0
127.0,73.0,84.0,84.0
126.0,76.0,85.0,85.0
132.0,81.0,86.0,85.0
130.0,83.0,85.0,88.0
129.0,86.0,86.0,89.0
128.0,87.0,86.0,91.0
126.0,88.0,87.0,90.0
125.0,89.0,88.0,92.0
126.0,91.0,89.0,92.0
125.0,90.0,90.0,93.0
125.0,88.0,89.0,94.0
125.0,87.0,89.0,96.0
125.0,86.0,89.0,97.0
124.0,85.0,90.0,98.0
123.0,84.0,89.0,100.0
115.0,74.0,90.0,100.0
117.0,75.0,91.0,99.0
119.0,76.0,90.0,100.0
119.0,77.0,90.0,102.0
119.0,68.0,91.0,101.0
119.0,71.0,91.0,101.0
120.0,73.0,91.0,101.0
119.0,66.0,92.0,101.0
119.0,69.0,91.0,102.0
120.0,72.0,92.0,102.0
120.0,75.0,92.0,102.0
119.0,77.0,92.0,103.0
125.0,89.0,93.0,103.0
122.0,79.0,94.0,103.0
120.0,81.0,94.0,103.0
118.0,85.0,96.0,101.0
118.0,90.0,99.0,99.0
117.0,91.0,99.0,100.0
116.0,91.0,100.0,100.0
116.0,88.0,100.0,101.0
115.0,87.0,101.0,102.0
114.0,82.0,100.0,102.0
113.0,80.0,99.0,103.0
112.0,81.0,98.0,104.0
112.0,79.0,96.0,106.0
111.0,78.0,96.0,105.0
109.0,78.0,96.0,105.0
108.0,77.0,96.0,105.0
107.0,75.0,96.0,105.0
107.0,75.0,97.0,104.0
105.0,75.0,97.0,104.0
103.0,75.0,97.0,104.0
103.0,74.0,96.0,105.0
102.0,75.0,96.0,106.0
100.0,75.0,96.0,105.0
99.0,76.0,97.0,104.0
97.0,77.0,97.0,104.0
94.0,77.0,96.0,105.0
91.0,81.0,98.0,102.0
90.0,82.0,98.0,102.0
90.0,83.0,98.0,102.0
90.0,85.0,99.0,100.0
90.0,87.0,98.0,101.0
90.0,87.0,98.0,101.0
91.0,88.0,97.0,102.0
89.0,87.0,99.0,101.0
82.0,88.0,100.0,99.0
85.0,88.0,100.0,99.0
81.0,88.0,98.0,99.0
86.0,90.0,98.0,97.0
88.0,91.0,98.0,97.0
83.0,89.0,97.0,97.0
86.0,85.0,99.0,95.0
86.0,91.0,100.0,93.0
88.0,85.0,100.0,93.0
83.0,89.0,99.0,93.0
86.0,92.0,99.0,93.0
88.0,86.0,99.0,93.0
83.0,90.0,99.0,93.0
85.0,92.0,98.0,93.0
87.0,91.0,97.0,94.0
83.0,91.0,97.0,93.0
87.0,91.0,97.0,93.0
89.0,93.0,96.0,94.0
91.0,94.0,96.0,93.0
81.0,88.0,96.0,94.0
83.0,90.0,96.0,93.0
84.0,91.0,96.0,93.0
75.0,91.0,96.0,92.0
77.0,83.0,96.0,92.0
77.0,86.0,97.0,90.0
78.0,82.0,98.0,90.0
80.0,82.0,96.0,91.0
78.0,78.0,99.0,89.0
78.0,81.0,99.0,90.0
76.0,77.0,100.0,89.0
74.0,75.0,102.0,87.0
74.0,80.0,101.0,89.0
73.0,75.0,102.0,88.0
75.0,76.0,100.0,91.0
77.0,69.0,100.0,91.0
77.0,65.0,99.0,90.0
81.0,66.0,97.0,92.0
80.0,62.0,99.0,90.0
81.0,58.0,98.0,90.0
83.0,58.0,96.0,90.0
84.0,54.0,95.0,90.0
93.0,58.0,95.0,90.0
91.0,51.0,95.0,90.0
91.0,51.0,94.0,91.0
89.0,50.0,93.0,91.0
89.0,47.0,91.0,92.0
89.0,46.0,91.0,92.0
90.0,45.0,91.0,91.0
92.0,43.0,90.0,91.0
93.0,41.0,88.0,91.0
94.0,40.0,88.0,91.0
94.0,39.0,86.0,92.0
95.0,38.0,87.0,91.0
95.0,36.0,87.0,90.0
96.0,35.0,85.0,91.0
97.0,33.0,84.0,91.0
99.0,32.0,84.0,89.0
99.0,31.0,84.0,87.0
101.0,30.0,84.0,86.0
101.0,30.0,83.0,84.0
103.0,30.0,82.0,83.0
104.0,31.0,81.0,81.0
105.0,32.0,80.0,79.0
108.0,34.0,78.0,79.0
109.0,34.0,78.0,77.0
113.0,36.0,75.0,78.0
115.0,37.0,74.0,77.0
117.0,37.0,74.0,76.0
120.0,39.0,73.0,75.0
120.0,39.0,73.0,74.0
120.0,41.0,73.0,73.0
119.0,42.0,73.0,72.0
118.0,41.0,72.0,72.0
117.0,41.0,71.0,71.0
116.0,41.0,71.0,70.0
115.0,44.0,71.0,68.0
112.0,45.0,70.0,68.0
112.0,46.0,70.0,67.0
110.0,46.0,69.0,67.0
109.0,47.0,69.0,66.0
108.0,48.0,69.0,66.0
106.0,49.0,69.0,66.0
104.0,50.0,68.0,66.0
102.0,52.0,68.0,66.0
100.0,52.0,67.0,67.0
97.0,55.0,67.0,67.0
93.0,57.0,67.0,66.0
89.0,59.0,68.0,65.0
87.0,62.0,68.0,65.0
86.0,62.0,67.0,66.0
83.0,63.0,67.0,65.0
82.0,65.0,67.0,65.0
79.0,67.0,67.0,65.0
79.0,67.0,67.0,64.0
77.0,70.0,68.0,63.0
77.0,71.0,66.0,64.0
76.0,74.0,67.0,63.0
77.0,77.0,67.0,63.0
77.0,77.0,66.0,63.0
76.0,79.0,65.0,64.0
80.0,82.0,66.0,63.0
80.0,81.0,65.0,64.0
80.0,83.0,64.0,65.0
82.0,84.0,65.0,64.0
83.0,84.0,65.0,63.0
84.0,85.0,65.0,63.0
86.0,85.0,65.0,63.0
86.0,86.0,65.0,63.0
86.0,86.0,65.0,62.0
89.0,87.0,65.0,62.0
88.0,86.0,64.0,62.0
91.0,86.0,64.0,62.0
91.0,86.0,64.0,61.0
91.0,85.0,63.0,61.0
92.0,85.0,63.0,61.0
93.0,84.0,63.0,61.0
94.0,84.0,63.0,61.0
94.0,81.0,63.0,61.0
94.0,78.0,62.0,62.0
95.0,76.0,62.0,62.0
94.0,74.0,62.0,63.0
95.0,72.0,62.0,63.0
97.0,70.0,62.0,62.0
98.0,68.0,62.0,63.0
98.0,67.0,62.0,62.0
101.0,66.0,62.0,62.0
104.0,66.0,62.0,62.0
107.0,67.0,62.0,62.0
109.0,68.0,61.0,63.0
111.0,70.0,62.0,62.0
113.0,71.0,61.0,63.0
115.0,72.0,61.0,64.0
115.0,73.0,62.0,63.0
117.0,74.0,62.0,63.0
117.0,74.0,62.0,63.0
117.0,74.0,62.0,63.0
118.0,74.0,62.0,63.0
118.0,74.0,62.0,64.0
117.0,71.0,62.0,64.0
120.0,73.0,62.0,64.0
120.0,74.0,62.0,64.0
122.0,75.0,62.0,64.0
127.0,79.0,63.0,63.0
132.0,80.0,63.0,63.0
136.0,84.0,63.0,63.0
141.0,87.0,63.0,64.0
139.0,91.0,62.0,64.0
145.0,93.0,63.0,64.0
156.0,95.0,63.0,64.0
160.0,96.0,64.0,64.0
164.0,97.0,64.0,65.0
167.0,98.0,65.0,65.0
170.0,98.0,65.0,66.0
174.0,97.0,65.0,66.0
177.0,97.0,66.0,67.0
179.0,96.0,66.0,68.0
180.0,97.0,67.0,69.0
181.0,96.0,68.0,70.0
181.0,96.0,69.0,70.0
181.0,96.0,69.0,71.0
180.0,95.0,69.0,72.0
180.0,95.0,70.0,73.0
180.0,94.0,70.0,74.0
180.0,93.0,71.0,75.0
175.0,95.0,71.0,75.0
176.0,94.0,72.0,76.0
175.0,94.0,74.0,76.0
175.0,94.0,75.0,75.0
174.0,94.0,76.0,75.0
173.0,94.0,76.0,75.0
173.0,94.0,76.0,76.0
173.0,94.0,77.0,76.0
173.0,94.0,77.0,76.0
172.0,94.0,77.0,77.0
172.0,94.0,76.0,79.0
173.0,93.0,76.0,79.0
174.0,93.0,76.0,80.0
174.0,93.0,77.0,80.0
174.0,93.0,76.0,81.0
174.0,93.0,77.0,82.0
173.0,93.0,78.0,81.0
173.0,93.0,78.0,82.0
173.0,92.0,79.0,82.0
173.0,93.0,79.0,82.0
172.0,92.0,80.0,82.0
172.0,93.0,81.0,82.0
171.0,92.0,81.0,82.0
171.0,93.0,82.0,82.0
171.0,92.0,82.0,83.0
171.0,94.0,82.0,83.0
170.0,92.0,83.0,83.0
171.0,93.0,83.0,83.0
171.0,93.0,83.0,83.0
172.0,93.0,82.0,84.0
172.0,93.0,82.0,85.0
171.0,93.0,83.0,85.0
172.0,93.0,83.0,85.0
171.0,93.0,83.0,86.0
172.0,93.0,83.0,86.0
170.0,92.0,85.0,85.0
171.0,93.0,84.0,86.0
171.0,94.0,84.0,86.0
164.0,95.0,85.0,85.0
168.0,92.0,85.0,85.0
170.0,93.0,85.0,86.0
170.0,93.0,85.0,85.0
171.0,93.0,85.0,86.0
171.0,92.0,85.0,86.0
164.0,94.0,85.0,86.0
167.0,93.0,84.0,87.0
168.0,94.0,84.0,87.0
168.0,94.0,85.0,87.0
169.0,93.0,86.0,86.0
