1
161.7316,58.0371,50.1154,177.9263
160.7908,59.9156,55.3602,177.5324
158.7874,59.9067,59.3669,177.5503
160.2056,59.8778,63.5882,177.6082
158.1667,58.1523,67.6659,177.4528
161.9413,57.9803,71.1496,177.7967
160.8044,57.993,73.4233,177.7712
161.4434,56.2254,75.9303,177.5215
160.4398,56.3342,77.9375,177.304
154.545,55.3854,74.2955,179.2017
158.3575,55.8175,74.3126,178.3374
148.7472,56.7214,74.4889,176.5296
152.2862,59.3716,74.9827,175.015
157.5343,60.8225,75.8044,172.1133
149.1468,61.4511,73.8541,170.8562
139.2631,60.8663,67.7739,172.0257
143.2906,60.2333,63.3204,173.2916
144.8197,58.4558,63.8021,173.307
149.0032,58.4448,66.081,173.329
155.2775,57.0032,71.4823,172.6221
152.264,55.4421,77.5093,172.0683
148.936,58.1544,80.3909,170.418
148.1531,58.8617,81.9567,169.0033
146.3874,61.0832,81.6809,168.3675
146.5807,61.6391,81.2942,167.2558
137.3376,61.7282,77.1596,167.0775
140.5784,61.833,74.3737,166.8679
141.9225,63.4184,68.0417,167.3409
144.2834,63.6672,63.3198,166.8434
144.5368,64.6846,59.3658,164.8085
145.9281,67.6625,56.5831,162.1997
146.8499,68.4335,54.7395,160.6577
146.11,68.7246,53.0157,160.0754
143.3706,68.7953,52.1668,159.934
143.648,68.9718,51.6119,159.581
140.1743,69.4288,52.2971,158.6671
139.7992,69.775,53.0473,157.9746
130.9685,69.9627,55.036,157.5992
129.7451,70.1993,57.4827,157.1259
128.8793,70.9017,59.2144,155.7211
128.3117,71.3757,60.3495,154.7733
127.4709,71.7432,62.0312,154.0382
126.9057,72.0128,63.1616,153.499
127.8243,73.9118,61.3244,152.9535
130.0106,73.9325,60.1635,152.9121
130.4535,74.4812,59.2778,151.8146
130.799,74.6233,58.5868,151.5304
135.759,76.2465,58.0941,151.4265
135.9174,76.3886,57.7775,151.1422
137.7086,77.8329,57.3175,151.376
137.7827,77.8264,57.1692,151.3891
143.481,77.6773,58.2328,151.6873
143.0747,77.4825,59.0453,152.0769
142.7488,75.3499,62.8556,153.1836
143.1336,74.7811,65.3285,154.3212
147.7668,73.8968,69.2726,156.0897
146.2434,73.1562,72.3193,157.571
146.1539,70.6346,75.971,159.1416
144.7417,70.1964,78.7954,160.0178
142.2025,67.8016,83.8737,161.1865
140.4769,67.3292,87.3249,162.1314
139.6427,66.6382,92.7919,163.5133
137.9054,66.0425,96.2666,164.7048
144.738,67.692,98.5557,165.3943
144.3113,67.2318,99.4091,166.3148
142.5241,69.0153,102.9836,166.8132
141.2811,68.8648,105.4695,167.1143
150.792,70.523,103.1641,167.977
146.0811,70.1462,104.2791,168.7306
147.804,69.7122,105.0168,169.5986
147.2123,69.4415,106.2,170.14
157.2449,68.597,107.318,171.829
156.9533,67.9383,107.901,173.1463
168.6385,67.3683,101.7708,174.2863
170.363,66.879,98.322,175.265
188.1956,66.4413,91.9174,176.1403
190.5689,66.2594,87.1708,176.5042
200.7024,65.7385,82.9327,177.546
202.1807,65.4019,79.9762,178.2192
212.4999,62.4106,78.8726,180.2947
213.091,61.7827,77.6904,181.5507
214.1779,57.0264,79.4316,183.2332
213.7449,56.3517,80.2975,184.5824
215.8588,50.9695,80.0748,187.337
217.4485,50.4257,80.9362,188.4246
219.083,49.8764,81.7391,189.5232
220.6763,49.4714,82.6545,190.3332
220.0112,50.0471,83.9846,189.1817
219.5622,50.4323,84.8828,188.4115
218.4426,53.9135,87.122,185.5901
219.3996,54.8275,89.3471,183.7621
217.3418,58.6761,93.4627,180.216
214.18,60.0473,95.6161,177.4737
212.5209,63.6193,98.9344,174.4963
211.5409,64.7865,100.8944,172.1619
200.6662,71.2304,105.9332,167.6294
198.5856,75.0808,110.0946,164.1231
166.9622,79.4944,114.3863,159.5068
165.5065,81.2462,117.2978,156.0034
160.2516,86.0073,119.3951,150.6874
158.4421,90.2357,123.014,146.3896
155.9757,92.1733,127.9469,142.5142
155.5379,95.7733,137.1619,139.4841
143.084,98.825,136.4616,137.6487
152.2261,102.2471,143.5457,135.0325
153.3508,103.2557,145.5936,133.0153
153.0534,104.2056,146.1885,131.1155
156.0936,104.4397,140.1081,130.6472
158.3781,104.1615,131.3652,131.2037
161.89,104.0657,124.3413,131.3952
164.7991,101.2674,118.5231,133.0532
168.8318,100.5852,114.3298,134.4176
178.8994,95.933,109.5007,136.0691
188.3218,95.5249,105.7528,136.8852
199.7495,93.0035,101.5283,138.202
201.8827,90.5905,97.2618,139.3505
203.2487,90.4273,94.5299,139.6768
203.7251,91.17,93.577,138.1915
201.4045,91.9758,94.6716,136.58
194.6962,89.5551,97.4674,137.881
170.6113,86.7509,91.547,139.8835
161.5433,74.6764,88.4523,142.8018
149.5561,63.9563,87.7126,146.5889
151.1881,51.8107,84.4485,149.4317
152.716,38.0547,81.3927,152.0106
153.3275,33.8744,80.1698,153.2754
151.9061,28.9288,79.4668,152.5295
150.3343,29.6144,79.0879,151.1585
144.3835,28.0491,80.5017,150.793
137.3987,22.8881,83.927,150.5707
137.6139,21.8207,83.4966,152.7055
140.1785,17.6567,81.9613,153.8453
139.0286,20.1621,80.6765,156.0039
141.7811,23.6484,78.7661,156.2204
142.3476,25.1178,77.6329,156.8463
152.4439,26.2127,75.2124,158.2109
163.3268,30.9715,71.1086,162.8229
164.2514,36.0671,69.2593,166.7426
177.028,49.341,68.5685,165.0571
179.0494,59.9258,68.041,161.4634
190.9271,72.36,68.4629,157.3184
199.6661,73.0332,67.9916,155.9722
201.9129,75.6465,66.8713,154.1189
214.1739,77.6536,65.6379,150.1049
222.7897,80.9184,64.6414,146.8222
223.3721,83.5799,66.6585,144.6811
223.5688,84.8817,69.4511,142.0776
223.3139,86.2897,73.1574,139.2615
226.1126,87.3094,73.9983,137.2221
237.3229,88.356,77.2052,135.1288
243.532,89.2989,80.9218,133.243
247.912,89.7715,85.2079,132.2979
248.9102,87.7688,89.8496,132.9843
245.8156,87.0666,96.0387,134.3888
247.1506,84.4799,100.4279,136.0324
244.1568,85.765,102.789,137.0887
242.1244,85.0136,103.1729,138.5914
226.3249,84.2945,97.6696,140.0298
224.9895,85.8541,93.0566,140.5524
225.4087,85.4679,88.6447,141.3248
224.9813,85.2576,85.9876,141.7454
225.4539,86.5948,85.0425,142.5445
226.2343,86.1348,83.4817,143.4645
226.8033,85.3008,82.3436,145.1325
223.2199,82.4296,82.5856,147.4124
207.0458,78.0898,86.9312,149.0915
190.9425,71.5734,90.3474,151.3278
184.2645,70.5103,92.6342,153.454
181.375,67.6229,94.6533,155.4689
175.9235,66.9709,97.9087,156.773
175.4882,65.7905,102.6771,159.1337
173.4423,64.5247,106.769,161.6653
174.4272,63.2418,108.918,164.2312
172.0681,61.6818,109.4429,167.3511
168.6133,63.0187,107.8549,168.9261
165.1572,65.5633,106.2749,168.0831
164.1952,68.6727,103.992,166.0713
161.9714,71.3723,100.162,164.8109
163.4583,73.5887,97.1881,164.4339
160.8477,76.2428,94.4092,163.1258
161.4721,79.2195,93.1604,161.1061
159.6783,82.3433,92.8653,158.7412
156.0368,85.5241,96.3058,156.222
150.0534,90.4656,100.5471,154.0646
142.7642,93.6274,103.4217,151.6423
138.5293,96.7864,107.979,149.2367
135.6714,100.3066,113.6949,146.1471
134.5802,100.9418,119.8743,144.8767
134.9961,101.4879,123.1196,143.7845
136.2392,101.8992,124.7459,142.9619
139.8145,102.1843,125.8466,142.3917
144.4806,101.9102,124.7831,142.9398
152.0751,101.4242,121.9717,143.9119
165.6324,98.725,119.4331,145.2143
168.2004,98.0861,114.2969,146.4921
170.3902,97.6967,109.9173,147.271
171.8728,95.2796,106.9521,148.1526
173.1456,95.0967,104.4066,148.5183
173.3529,95.3706,103.9921,147.9705
171.207,95.3634,104.4175,147.9849
171.2562,95.6156,104.3191,147.4806
170.4769,95.6745,105.8777,147.3628
169.9522,95.5472,106.9272,147.6173
168.7489,95.2267,109.3338,148.2584
169.365,94.7901,112.0598,149.1316
169.7277,94.1652,115.3503,150.3812
169.2271,91.3139,120.4402,151.9954
168.2008,88.1282,126.6886,154.1708
170.0953,87.2848,131.5602,155.8575
170.7161,86.4237,134.7533,157.5797
171.7791,85.7945,137.1399,158.8381
174.2549,83.9356,141.3286,157.9857
175.9699,81.8208,142.5225,157.5914
178.8307,81.3637,141.4376,158.5056
179.922,81.555,143.8887,158.1231
186.3147,78.6287,145.1034,159.3088
187.5697,75.5015,147.298,160.8587
189.476,72.1125,148.249,162.8732
193.3767,68.4518,145.2578,165.3843
193.8939,64.7521,144.2234,167.9822
191.0856,60.9459,145.0146,170.7692
181.3476,59.8429,144.9657,172.9753
180.067,59.9915,147.5268,172.678
168.2346,59.8884,146.4362,172.8842
169.8213,59.6996,148.1996,173.2619
168.8228,59.3778,145.2257,173.9054
172.6739,58.6543,142.4566,175.3524
175.7216,58.2528,141.272,176.1553
175.7704,61.7335,141.1744,174.0981
178.5735,61.7495,140.4391,174.066
184.6686,69.1456,142.8243,168.9908
184.85,69.9886,142.4616,167.3047
186.0635,70.569,140.0345,166.144
188.484,74.2137,139.9234,163.5843
195.518,75.2764,139.9203,161.459
202.3213,78.6852,144.9352,159.2968
186.0862,79.253,144.4937,158.1612
188.2548,79.7879,144.8335,157.0912
190.1059,80.1607,141.1312,156.3458
184.5121,83.1793,138.5333,154.9036
186.6631,85.7269,134.2314,154.3397
188.6874,85.8718,130.1827,154.0501
192.7399,85.9449,126.4624,153.9037
197.062,86.3924,122.1407,153.0089
197.8785,86.8279,120.5078,152.1378
199.536,86.6475,117.1927,152.4987
199.882,86.3168,116.5007,153.16
201.0844,85.8718,114.0959,154.0501
202.683,85.4706,110.8987,154.8524
203.0694,85.1011,110.1259,155.5914
202.4142,84.5644,107.3537,156.6648
201.2398,84.0074,105.6494,157.7788
199.4082,83.7079,105.2707,158.3778
198.2821,81.0497,103.4785,159.6496
196.913,80.6009,102.1826,160.5473
194.6974,80.1626,102.588,161.4238
193.0567,79.6269,101.8236,162.4952
191.3463,76.7416,101.1956,164.2168
192.5731,74.3076,98.742,165.0206
190.5295,73.615,98.7941,166.4057
183.9737,72.9909,99.7361,167.6541
180.0318,69.7337,99.4379,170.0774
180.7463,66.9456,98.0089,171.5316
178.6157,66.1007,98.1506,173.2214
178.1656,65.2171,94.9039,174.9886
179.4871,64.5731,92.261,176.2765
180.6491,62.0024,89.937,177.3264
181.9288,61.4766,87.3776,178.378
183.6484,61.4425,83.9384,178.4461
183.9929,61.0259,83.2493,179.2793
188.89,61.4328,85.3941,178.4656
192.0754,61.8744,87.0334,177.5823
200.0718,65.1892,87.1232,174.9736
189.8703,68.023,83.6222,173.2898
189.7091,70.9677,80.046,171.2993
190.9253,74.4885,77.6136,168.0651
191.8558,79.7457,75.7525,164.9866
192.8209,81.1673,73.8223,162.1433
192.4405,84.3156,74.5833,159.4122
191.5894,84.9801,76.2854,158.0832
202.9279,85.9619,78.4526,156.1196
193.9962,87.0198,78.5263,154.0038
196.1115,87.6918,77.8239,152.6599
196.4571,87.8873,77.1327,152.2688
195.7966,87.8234,78.4537,152.3966
195.7802,87.6927,78.4866,152.658
194.7719,87.6198,80.5032,152.8038
195.5943,87.7614,82.4027,152.5205
199.0937,87.7538,86.1222,152.5357
197.5893,87.6723,89.131,152.6987
196.5997,87.2344,91.1102,153.5746
195.4332,87.3589,93.4432,153.3256
194.6866,86.8576,94.9364,154.3281
196.2962,83.7985,95.5286,156.6348
198.1204,80.7222,95.7363,158.9315
197.4277,79.77,97.1217,160.8359
200.821,74.7922,94.2804,162.9007
200.4947,71.64,94.933,165.2768
198.3453,70.9156,95.2573,166.7258
199.3558,68.0956,93.2364,168.3642
197.3086,64.9354,93.3392,170.693
195.0835,64.4496,93.7617,171.6646
192.8595,63.9196,94.1605,172.7247
193.0078,62.7278,93.8638,175.1082
193.8167,62.0313,92.246,176.5012
194.4367,61.5052,91.0061,177.5535
195.3337,58.5356,89.2121,179.4039
193.3624,57.8985,89.0696,180.678
193.6183,57.6515,88.5579,181.1721
191.4037,57.6326,88.8874,181.21
188.6932,57.5131,90.2027,181.4489
186.0138,57.5105,91.4295,181.4541
185.6986,57.289,92.0598,181.8971
185.261,54.8398,92.935,182.6248
186.9177,54.4112,93.818,183.482
189.5,54.463,92.8777,183.3784
190.1014,54.348,91.6749,183.6083
190.1875,56.7011,91.5027,183.0914
190.6608,56.3163,90.5561,183.861
191.6511,58.4955,88.5756,183.6761
192.0608,58.9064,87.7562,182.8543
194.218,59.0612,87.5519,182.5445
196.293,62.1218,87.5041,180.5256
195.802,62.8829,88.4863,179.0034
195.5065,63.097,89.0772,178.5752
197.2819,65.636,89.5968,177.5677
196.455,66.1796,91.2507,176.4805
195.9266,68.7324,92.3076,175.4521
196.4644,69.3399,95.312,174.2372
195.2077,70.07,97.8256,172.7769
193.7239,70.4655,100.793,171.986
192.5195,70.7496,103.2019,171.4177
191.4695,70.8564,101.0965,171.2042
190.7254,73.1777,102.5846,170.7284
188.4418,73.282,102.9672,170.5198
187.3232,75.5036,101.0164,170.2645
188.1013,75.4475,99.4602,170.3767
188.8274,77.6676,98.0079,170.0633
191.4254,79.9747,96.9096,169.5468
193.805,82.293,96.2217,168.9816
196.0029,79.7062,95.8773,170.104
199.788,76.447,96.4313,172.5602
205.6707,75.8717,96.9896,173.7109
207.5991,77.1774,97.2674,175.2339
213.919,72.9598,97.1126,179.5073
222.1266,68.6161,97.5864,183.9726
221.8986,64.4764,98.0425,187.9557
226.1108,63.4922,98.3433,189.9242
225.7998,62.5631,98.9651,191.7823
236.781,61.7317,99.1765,193.4451
236.5642,58.8752,99.6102,194.6953
239.1036,60.6733,99.02,195.5877
240.7435,60.04,95.7403,196.8543
244.4712,59.3813,92.7383,198.1717
248.3256,56.0538,89.45,200.4064
253.5125,49.7206,87.8671,204.2818
257.2105,48.0958,84.8948,207.5313
259.3067,46.626,85.1205,210.471
263.0391,40.656,86.5848,213.4818
274.2233,37.7334,91.4205,214.7932
274.0292,37.0835,96.4474,216.093
271.3759,31.6667,101.7539,217.4345
269.8981,31.0228,104.7096,218.7222
255.6191,32.8849,103.6955,219.9266
256.7197,32.0482,101.4943,221.6001
246.612,30.9277,97.1371,223.8409
247.5243,30.3371,95.3124,225.0222
241.6828,30.3487,92.4289,224.9991
238.1561,34.2576,89.8743,221.9853
231.879,37.7407,88.2831,219.7341
228.0383,38.842,91.3101,217.5317
215.9828,39.5975,96.7158,216.0206
209.0376,40.5107,101.1067,214.1943
191.9487,41.4906,106.4852,212.2345
184.0061,44.6978,112.6414,210.6845
164.9495,45.7077,116.122,208.6647
159.3371,46.6021,117.3926,206.8759
152.5895,47.226,120.9435,205.628
143.2328,47.5159,124.6158,205.0483
139.1353,45.2966,127.7439,204.4199
134.4032,42.9508,132.098,204.0015
130.2501,43.4668,135.2279,202.9696
125.9845,46.6023,138.5462,201.9115
125.0818,49.8109,140.3516,200.7462
125.1657,50.2789,140.1837,199.8101
122.1257,50.9994,141.0167,198.3692
121.7169,51.007,141.8344,198.3539
118.5549,50.9153,142.9062,198.5373
114.9489,53.7638,144.8457,198.113
112.3143,54.3449,150.1148,196.9507
110.8762,55.2773,152.991,195.0859
107.867,54.7213,153.625,196.1979
108.3246,56.3652,158.1215,192.91
104.052,55.4965,155.7989,194.6475
113.5752,51.6949,153.0219,196.8276
113.569,50.8103,153.0343,198.5967
114.5265,50.3689,151.1193,199.4795
115.2084,47.699,149.7555,199.3983
112.3411,51.4513,150.0924,197.2913
122.7607,55.4217,150.7374,194.7214
119.126,55.4254,147.3222,194.7142
121.8558,56.5325,147.1493,192.4999
121.9116,54.559,147.0375,191.1971
126.3599,54.3924,143.3692,191.5302
127.586,51.6218,140.9169,191.8978
128.7198,50.782,138.6493,193.5775
129.1767,47.2126,137.7355,195.589
130.168,44.0391,135.7529,196.7931
129.7265,43.2729,131.5076,198.3255
131.8541,41.8195,127.2522,201.2324
134.2039,40.8781,122.5527,203.1151
136.0643,37.5336,118.832,204.8006
137.8878,33.6261,115.185,207.65
139.9198,32.8005,111.1209,209.301
142.0742,37.252,106.8122,210.2004
147.1367,42.8476,101.5274,208.6897
149.3359,46.6066,97.1291,205.8986
150.4027,50.4962,94.9954,202.7289
151.4153,53.9018,92.9703,200.4441
151.7799,56.1826,92.2411,195.8824
152.067,68.0121,91.6669,189.7371
152.0005,76.5941,91.7999,181.1305
151.865,86.7304,92.0708,173.3228
151.4707,92.4546,92.8594,165.9192
148.8706,97.2511,94.1107,160.2751
148.3195,99.3754,95.2129,156.0267
147.2397,100.8331,97.3726,153.1111
144.2506,103.9045,99.5167,150.8025
141.7874,104.6069,100.608,149.3977
139.4387,104.8383,101.4734,148.9347
137.6742,105.3157,101.1632,147.98
138.5864,105.525,99.3387,147.5615
139.807,105.9186,96.8975,146.7741
141.8838,105.9089,92.7439,146.7936
144.2883,105.9532,87.9349,146.7051
154.1631,102.7113,82.5062,149.6086
157.9847,100.0614,78.3944,151.3769
159.1919,97.4467,75.9802,153.1191
156.8332,95.4067,77.2263,153.7278
156.8167,96.009,80.7609,152.5232
163.4235,96.7801,85.2708,150.9812
182.8613,92.1798,82.3829,152.9842
185.0618,92.5101,81.5613,152.3235
185.5193,95.0052,80.6462,150.8888
184.0308,95.6279,80.1046,149.6435
183.3805,96.5245,81.4052,147.8502
182.6655,96.9655,82.8351,146.9681
182.3166,97.2699,83.533,146.3595
184.649,97.4048,82.369,146.0896
191.3655,97.7884,79.367,145.3225
193.9114,96.2311,74.2753,145.0223
211.6825,96.6636,75.2866,144.1572
211.3453,97.8824,75.9609,141.7197
212.0312,97.7999,71.2858,141.8848
214.6227,97.8906,66.1029,141.7033
215.8961,98.1063,63.556,141.2719
226.1949,96.6122,61.4517,141.178
231.6787,93.0686,62.6597,142.1773
229.78,90.6502,66.4571,143.9346
227.583,88.3325,70.8511,145.3982
229.5149,87.488,73.5263,147.0872
228.7701,85.2192,75.0159,148.2844
228.2158,82.887,76.1244,149.5651
226.4893,80.6077,76.1557,150.702
222.0989,78.6736,74.6202,151.1314
220.5107,78.5601,70.9593,151.3585
213.3535,77.0256,68.4817,151.069
212.6644,76.8049,66.549,151.5104
207.2527,77.2168,64.2387,150.6867
204.8242,79.8662,62.6341,148.6186
201.0251,82.9286,60.7149,145.6665
200.0787,86.4785,59.5118,141.6625
199.342,89.9029,57.9686,137.8303
198.3257,91.9879,57.0673,133.6603
198.6551,95.1133,56.4084,130.2672
203.9211,100.0066,59.861,126.0743
195.6534,101.7437,59.6184,122.6002
196.5525,104.5293,57.8203,119.7704
196.495,107.2059,57.9352,117.0858
189.6375,108.313,61.1245,114.8718
196.922,109.0591,62.4776,113.3796
195.9882,110.8855,64.3454,112.3815
194.8417,112.6109,66.6383,111.6024
193.5052,111.1968,69.3113,111.7319
191.6174,110.1697,70.3413,111.0406
189.8071,110.4352,71.2097,110.5095
180.746,110.7144,72.7791,109.9511
179.4077,111.15,72.6793,109.0798
180.2757,112.8078,70.9433,108.526
181.2979,114.3136,68.8989,108.2389
182.4627,114.207,66.5694,108.4522
183.4403,114.0319,64.6141,108.8022
184.1544,113.5684,63.1859,109.7294
184.4485,113.2268,62.5978,110.4124
184.2166,112.8749,63.0615,111.1163
179.3861,112.8455,64.8292,111.1752
182.2963,112.8306,64.3325,111.2049
184.1892,114.3969,65.8546,110.7263
182.4064,116.2498,69.4202,109.6929
181.2384,117.7901,69.0394,109.3292
180.0232,118.1554,68.7649,108.5984
183.2106,120.2394,70.4583,107.1199
185.4617,123.7456,74.0422,105.4981
186.5123,125.7485,77.4008,104.2223
187.4803,126.1678,80.9958,103.3837
192.3953,126.3891,82.4103,102.9412
195.1545,126.4219,82.5463,102.8755
196.6017,124.6612,82.4801,103.5685
196.4273,122.7329,82.829,104.5873
195.1372,120.5955,82.5498,106.0028
194.2057,118.6612,81.5364,106.9948
187.7215,114.859,80.1287,108.8489
187.568,112.0607,77.5551,111.5649
180.5939,109.3701,74.2252,114.0663
181.9717,105.0352,71.4696,117.0114
183.7463,100.8873,67.9204,119.5861
185.5316,91.6393,64.3499,123.8866
186.7352,90.2325,61.9426,126.7001
187.2204,87.3114,60.9721,129.7008
178.2453,84.2216,61.7109,133.0118
180.7724,78.0873,59.5864,139.421
184.4489,76.2731,58.2046,143.0495
186.155,75.2651,57.8058,145.0654
186.812,74.2897,56.4919,147.0161
186.7824,73.8826,56.5511,147.8303
194.9566,74.1331,55.4667,147.3293
194.364,75.0075,56.652,145.5805
195.2202,77.0085,57.9619,144.6009
195.9275,77.1815,59.5789,144.2549
204.3548,79.7202,64.1116,142.2327
202.0521,80.5114,68.717,140.6504
202.5308,84.1895,74.0856,136.4573
206.2905,84.9136,79.3407,135.009
208.9888,80.9857,83.728,136.3423
210.0039,82.0855,88.4075,134.1428
214.5449,80.7511,92.9254,133.4115
219.6181,81.5303,96.6332,131.8531
221.8687,82.0629,99.1334,130.7879
230.5767,80.3706,99.3437,130.6472
232.8787,77.9078,98.2663,132.0463
235.1205,75.3308,97.313,133.67
237.2284,74.386,96.6367,135.5595
242.5766,71.4646,93.0547,137.8454
245.9127,70.0539,89.9151,140.6666
249.1539,67.4778,86.9557,142.2957
251.9465,65.3302,84.8686,143.0931
252.8545,65.1552,83.0525,143.4431
253.7195,65.1321,81.3226,143.4893
256.5105,65.0256,79.1614,143.7023
259.0156,64.5789,77.5382,144.5956
260.8107,65.8434,77.3209,145.4393
265.6544,63.3694,77.7778,147.0059
268.9184,60.4887,78.0744,149.3549
271.0627,54.8491,77.2379,153.7302
270.7504,48.6166,77.8624,159.1913
270.6246,48.91,78.114,162.1972
268.7809,45.5483,78.1604,165.2796
267.2323,41.8096,77.5706,169.0702
265.6127,37.8508,77.0781,173.256
262.046,35.4755,76.6435,178.0067
256.374,38.1991,76.4517,180.25
249.8171,36.7488,77.9424,183.1505
247.7249,39.9534,78.1842,184.6267
245.0071,43.4348,79.6514,185.6004
240.5578,42.3441,84.5418,187.7818
235.2833,43.3523,90.9647,189.8914
232.1308,44.9885,97.2697,190.8879
232.2083,51.213,101.5071,191.6161
229.2291,52.3177,107.4655,193.8826
224.6748,53.832,116.5742,195.465
215.1289,51.8505,126.0884,199.4281
207.554,57.803,136.2305,202.5458
197.8739,55.0345,145.1445,208.0828
195.1902,51.1198,150.5119,215.9123
192.3139,47.5524,150.6036,223.0471
170.8669,41.1596,153.1061,230.0624
169.0497,35.6227,150.8232,235.2188
160.8769,29.4133,149.2981,241.6809
154.31,19.8587,144.3476,248.7337
135.9263,16.3221,144.8163,255.807
129.3022,14.7385,151.9018,258.9741
121.3167,1.8925,161.5431,259.3478
55.5155,2.8132,156.7013,264.0037
99.5888,1.7279,159.3506,266.1743
103.3163,3.2901,171.5828,263.0499
97.7957,0.9812,182.6238,260.9472
78.6143,3.1338,186.6288,263.5136
72.0106,6.4457,192.8598,263.8661
67.851,6.0734,201.1789,264.6107
64.7569,15.3346,207.3671,260.5511
55.2166,25.2941,204.6386,255.1713
50.0414,36.4146,200.7033,247.2163
46.0369,38.1496,194.7982,243.7462
35.1132,44.5961,189.4127,237.6614
20.6766,50.5339,185.1478,232.4136
18.9558,56.2906,182.1113,227.3781
18.0793,58.9688,177.5128,222.0217
14.6979,64.9595,171.8857,216.2352
16.9729,71.1297,167.3357,209.9098
23.1514,76.8885,160.823,204.2364
28.8669,78.5923,155.0437,200.8288
43.7184,83.496,147.3632,196.5271
47.2179,85.0012,140.3641,193.5166
49.5512,88.4409,135.6977,186.6373
51.7185,91.082,131.3629,181.3551
51.7787,95.6196,131.2427,172.2797
52.1701,98.9553,130.4598,165.6084
59.9992,97.5702,128.5029,159.2444
60.6493,97.5404,127.2027,154.8663
65.9682,91.6416,125.2635,153.6161
69.0547,92.3296,123.3892,152.2401
84.4641,83.9327,118.0545,152.0445
86.9794,84.498,113.0239,150.9138
92.1761,82.9377,106.6895,149.9755
94.2769,83.8367,102.4878,148.1775
95.2126,85.5537,100.6165,144.7436
95.7218,86.9805,99.598,141.89
91.7871,87.2796,100.0639,137.59
91.5439,88.7189,100.5503,134.7114
91.2446,89.9508,101.1488,132.2476
91.1147,90.9412,101.4087,130.2667
90.6668,89.4557,102.3045,129.6836
90.499,89.8188,102.6401,128.9573
93.5028,88.1082,103.7406,128.8244
93.0218,87.952,104.7026,129.1368
98.4242,86.5475,101.0781,128.3557
99.7787,86.5287,98.3692,128.3933
104.6519,87.0542,95.5751,127.3422
106.0569,87.4898,92.7652,126.4711
106.8951,88.0602,91.0888,125.3303
108.7556,88.3081,90.6785,124.8345
108.6776,88.7004,90.8345,124.05
108.6321,88.9957,90.9254,123.4592
110.8574,89.032,89.7545,123.3868
112.8821,89.3267,88.9644,122.7972
125.4016,90.511,86.5875,120.4288
127.2433,90.9495,82.9041,119.5517
139.982,87.3819,79.0477,120.5096
137.6047,87.1674,77.7235,120.9385
134.6951,87.2486,80.519,120.7761
133.6073,87.252,82.6945,120.7694
134.1961,87.0069,81.5169,121.2596
134.5435,86.8429,80.8222,121.5876
143.1385,86.784,79.0574,121.7054
143.5414,86.9782,78.2516,121.317
146.4447,88.96,78.5216,120.3915
146.2772,91.029,78.8567,119.2826
147.1718,92.657,83.103,119.0442
145.5717,92.691,86.3032,118.9764
143.3249,92.2992,90.7969,119.7599
141.6446,91.9293,94.1573,120.4998
140.896,91.489,98.9414,121.3804
138.9794,90.9819,102.7747,122.3946
137.7163,90.614,105.3008,123.1303
136.7331,88.2835,107.2674,124.2844
138.6958,87.9377,106.8983,124.9759
140.6049,87.7969,106.641,125.2575
144.2819,86.4765,102.8484,127.8983
145.9038,83.7582,99.6047,129.7937
151.3728,70.5798,92.1844,138.5621
