1
286.7063,255.6999,44.4669,48.5266
286.7316,255.2323,44.4163,49.4618
288.8096,257.1146,44.4295,49.8664
288.687,256.8245,44.6747,50.4465
288.3699,260.1177,43.8995,50.9064
288.3306,260.1702,43.9782,50.8015
288.6882,261.986,43.2631,51.3811
287.786,263.1811,43.666,51.7938
287.8338,264.7098,43.5705,52.9789
283.3014,267.106,44.0485,53.9111
281.2327,265.8249,43.8264,55.0201
281.8461,266.965,42.5996,55.6733
280.8851,267.9783,43.0644,53.6468
280.7695,270.2513,43.2957,51.9675
280.0374,271.4294,43.3489,51.0224
280.3487,272.2635,42.7263,52.1484
281.0943,271.6997,42.6398,53.276
280.4492,272.3808,42.5091,53.3346
280.394,276.0753,42.6196,53.0436
281.0215,275.4103,42.7815,52.9568
280.9614,274.9265,42.9017,52.5062
281.6019,273.4374,43.0336,52.6582
281.2388,273.6582,43.7599,52.2167
281.4085,273.5254,43.4205,52.4822
280.8052,272.5758,43.2061,52.9605
280.7056,273.1859,43.4052,53.1653
279.676,273.7014,44.0332,53.5656
278.8162,274.7616,44.3051,54.3405
278.2893,274.1526,45.359,54.0945
275.4881,274.205,45.0532,53.9897
276.9848,279.345,45.0009,54.0031
276.1947,280.2132,45.1111,53.7367
275.1196,279.7533,45.7939,53.1891
275.678,279.8029,46.1469,53.0899
275.0799,279.9212,45.8691,52.8532
275.8926,281.0164,45.7096,52.1287
275.3732,282.125,46.7483,51.3633
275.3417,278.3556,46.8115,51.62
274.6912,278.493,46.6509,51.3452
276.5456,278.6691,45.8514,50.993
277.3022,278.702,45.7747,50.9272
276.6184,275.9563,45.7079,50.6818
277.2025,276.1323,45.9691,50.3299
276.5552,273.9612,45.8358,50.3883
276.4754,274.0917,45.9953,50.1272
274.1609,272.4621,46.349,50.5363
273.3472,272.3033,46.5392,50.854
271.7009,271.7201,46.9416,50.5751
271.7215,272.3836,46.9005,50.6952
271.625,273.2386,47.0934,50.4335
271.0413,273.3579,46.8137,50.195
271.3144,273.2696,46.2674,50.3716
271.3823,273.8115,46.1315,50.721
270.7347,274.2145,45.9902,51.3516
270.0008,274.1043,46.0137,51.5721
269.9606,273.8425,46.0941,52.0956
267.662,273.7578,46.3187,52.265
266.8235,274.5811,46.5319,52.0823
266.9771,274.3784,46.2247,52.4877
266.1582,273.6218,46.3967,52.535
263.8276,274.4123,46.6503,52.4234
258.4715,274.3789,47.062,52.4901
258.4186,274.6482,47.1677,51.9516
258.6402,274.9064,46.7246,51.4351
258.065,275.2365,46.4178,52.2322
256.7534,275.7284,46.1112,52.713
256.1101,275.3922,45.9303,53.3855
249.694,274.5025,46.9619,52.2148
248.8504,275.1207,47.1757,52.4515
247.995,274.9986,47.4064,52.6957
245.7293,274.7805,47.4745,53.1318
245.164,273.7631,47.1095,53.6711
244.3809,273.6442,47.1775,53.9089
243.6477,273.7157,47.1407,53.7658
241.4897,272.9203,46.9559,53.8563
241.4633,273.53,47.0086,54.1357
241.4737,273.3283,46.9879,54.5391
242.8986,273.7725,47.158,53.6507
248.1922,278.3311,47.062,53.5259
247.4284,275.0659,47.0943,54.0753
247.5354,274.7714,46.8804,54.6643
249.3815,275.2596,46.2083,55.198
250.0195,274.5042,46.4401,55.2011
250.3062,275.8525,45.8667,55.5275
251.0673,275.8406,45.8519,55.5512
251.9522,276.3439,45.5896,56.0522
251.1883,275.5879,45.6064,56.0532
250.262,276.3491,45.9475,56.0421
249.2609,275.7487,46.4331,55.7263
248.2664,275.9846,46.9026,55.2544
247.339,276.0421,47.2378,55.1394
246.5518,276.9513,47.2889,54.8443
246.7074,276.1079,46.9776,55.0116
246.0882,275.8665,46.699,55.4943
245.482,274.6302,46.3912,54.9268
241.9475,273.037,45.9281,55.1002
241.9443,271.6998,45.9343,54.7712
242.1172,268.5633,45.5885,55.0572
237.8512,272.6881,45.1467,55.7813
238.4586,272.5824,45.4318,55.9928
248.3799,288.4407,45.1882,57.4439
265.3163,307.8889,46.416,56.7003
280.6807,316.0282,47.9086,55.7651
302.7619,326.3182,48.5129,55.253
325.0442,336.9083,50.3071,54.1617
344.9958,343.1623,50.8746,55.6627
352.7054,338.3615,49.7575,57.3188
355.1228,334.0134,48.1174,58.0283
356.8117,334.8779,47.9039,57.8816
362.6037,327.4582,47.3554,58.5326
366.6941,320.6318,47.0634,57.9852
369.0646,321.812,47.0163,57.1896
371.5106,322.9298,46.7789,56.5055
366.0321,321.5794,46.976,56.132
366.0789,322.4784,46.8823,55.8686
366.0751,324.854,46.8899,55.704
362.4323,327.7964,46.5431,55.9252
360.1817,328.4642,46.4711,56.1139
358.7442,328.4089,46.2939,56.2244
358.5873,330.5143,46.6077,56.5888
355.2527,329.4748,47.1341,55.5964
351.7198,331.3662,46.5564,54.8711
351.093,330.9145,46.3018,54.2662
344.9006,328.8364,46.7287,53.9382
335.1893,322.2772,46.6979,55.0852
329.9191,320.793,46.6416,55.026
332.3297,322.7893,46.3563,55.5694
333.8989,323.8208,46.2496,56.5381
334.6593,320.0564,46.2579,56.421
329.269,319.7133,46.3462,55.5797
330.0977,320.8474,46.2046,54.8274
330.1273,320.2253,46.1454,54.5696
330.0674,320.1315,46.2652,53.2603
330.1843,315.2004,46.0314,52.7731
324.9409,310.8701,46.2481,54.0981
320.9568,309.1805,46.7601,54.4947
320.2522,311.326,46.6637,54.7206
319.0174,316.0155,46.1181,55.8946
307.5856,318.7692,46.2252,57.9727
301.7523,321.2551,47.035,57.6538
302.1207,321.6306,47.8572,56.9028
304.1803,322.3495,48.4199,57.0255
304.1522,321.5874,48.476,56.9782
304.0109,319.9251,48.7586,57.1596
304.826,314.7089,48.7072,56.5395
306.5484,309.5317,48.3994,57.4831
308.695,305.5009,48.8409,57.6536
309.5068,299.6817,48.8053,58.1766
311.9619,294.3825,50.2771,57.6065
313.2598,293.074,50.9012,57.0033
314.6067,292.3574,51.4286,56.8261
314.599,292.371,51.4441,56.7987
316.5858,293.5916,52.3182,55.9735
315.2198,294.2055,51.8167,56.3624
316.5079,290.8121,52.4704,56.6894
318.3966,290.153,53.5844,56.3772
313.8102,287.8093,52.8988,56.1354
320.7693,287.9637,53.6368,55.8265
329.6308,282.0074,55.5361,54.6577
318.2125,284.2471,53.6773,55.1174
318.7972,278.6164,52.5078,55.0066
321.2547,278.8319,52.4064,54.5755
321.2108,277.5898,52.4942,55.4635
321.8288,275.6899,52.8696,56.0404
324.8374,274.3709,53.3585,57.0518
325.2568,271.0271,54.17,57.1389
327.3772,270.5892,54.9218,58.0148
323.0478,269.2149,55.1312,59.0734
329.8993,265.518,55.1073,59.6276
330.009,266.8576,54.8879,60.3849
332.6724,268.0703,56.4676,59.6861
336.9206,267.6683,58.4148,58.7496
327.5704,269.2254,57.7956,59.1481
335.9212,268.5929,60.3763,58.66
338.3935,263.5704,60.7882,59.7777
330.9427,263.7292,61.2122,59.4599
332.2771,261.6456,62.166,60.0046
331.42,259.6999,62.0453,60.2265
332.371,252.1851,61.9798,60.5645
334.0253,251.0101,62.3528,61.0738
338.28,248.8828,63.117,61.6189
336.8411,246.1874,64.1194,61.3839
339.3415,244.8411,64.7801,62.1892
341.4493,244.4774,66.2955,62.9166
345.5871,244.232,67.7473,63.4075
345.7174,245.0579,67.4865,63.7315
350.3569,243.804,68.0923,64.2623
346.3047,243.0208,68.2173,65.8287
328.636,241.482,67.1622,64.8626
351.4416,242.092,67.3206,65.6327
351.4572,241.8936,67.2895,66.0295
353.396,241.7153,67.433,66.386
339.6769,242.453,66.613,66.929
340.9377,242.2694,66.1055,67.2963
360.4783,241.0748,67.2667,67.6733
360.031,239.8721,68.1613,68.0426
360.8595,239.0461,68.5606,67.6384
361.4171,239.47,69.5011,66.7906
365.3475,240.8301,69.8689,66.1274
365.0595,241.8404,70.4448,66.1592
367.8789,241.8421,68.9296,66.1558
367.746,239.0383,69.1954,65.649
366.5141,238.8565,69.625,66.0126
366.1745,237.6237,70.3043,66.4316
365.028,235.326,70.5332,66.8992
366.1987,234.9982,70.2668,67.5549
366.5278,239.9759,69.6086,68.0056
366.3663,240.8447,69.9317,68.3461
364.7787,243.2281,71.0182,67.7565
362.8508,244.8566,70.6819,68.6916
362.5231,245.3333,71.3371,67.7384
361.6496,246.3068,70.9832,67.8921
354.4489,247.4855,70.7004,67.6326
354.406,246.6502,70.7863,67.2138
354.3932,246.1593,70.8119,68.1956
354.8861,238.9267,69.826,67.9613
355.9193,240.0238,71.9214,67.8481
353.6459,239.9924,74.3566,67.9108
352.5896,241.0033,76.4693,68.0395
348.4845,241.2523,78.124,67.5415
345.281,241.2028,80.1261,67.6405
340.5071,239.8856,80.7345,68.0401
340.6467,239.7218,82.7058,68.3676
338.9287,237.6897,83.8557,70.1456
337.2242,237.0077,84.9321,71.5097
336.7914,235.5425,85.7976,72.0687
335.8939,235.0635,85.199,73.0267
328.9976,234.92,84.5921,73.3139
333.0895,225.3788,83.594,75.6294
334.8852,223.9977,82.4197,75.9744
348.1466,222.6513,82.3463,78.6673
345.798,218.2669,82.1508,80.0969
347.0269,213.6513,82.1592,81.9299
351.4006,210.0289,80.8976,84.1841
347.7476,208.3383,80.6703,85.0541
350.1102,215.8148,80.9876,85.2285
352.1776,211.186,79.3816,86.8992
354.3152,202.1469,77.6363,89.7986
349.2594,194.8603,77.5589,91.6355
345.0826,207.7517,78.1887,91.598
343.3675,209.4682,79.035,90.7492
342.6657,209.3798,80.4386,90.926
339.8035,201.0279,80.9441,89.3635
346.0898,200.3826,81.3371,88.0608
346.9331,201.0008,82.2295,86.8245
346.8266,201.2348,82.4424,86.3564
346.3475,201.582,83.4005,85.6622
352.6662,191.3771,81.0583,88.0554
350.1011,194.4032,81.0396,87.1521
351.8344,191.178,80.1329,88.4826
353.2391,193.6077,79.89,88.7562
353.6116,191.6207,79.1451,90.1632
355.2232,190.1312,78.4989,90.5653
365.1998,188.5358,76.5561,91.1831
365.7048,192.2847,75.5463,91.3397
352.6669,201.5622,78.7829,88.0108
369.0662,200.476,78.974,87.6456
372.6738,199.3015,79.3637,87.4596
365.0009,208.3543,79.4799,87.122
362.3778,217.5512,79.6565,86.472
359.4221,218.3076,80.513,84.9592
327.1412,228.6545,79.6264,81.8862
319.7319,229.9081,79.7159,79.379
319.0439,230.721,78.6751,77.753
317.8305,230.3838,78.7274,76.0529
320.2309,230.5903,76.2749,75.6398
322.3262,230.9755,74.3878,74.8694
324.655,234.1709,71.9921,75.264
326.9,240.9241,71.9628,75.1399
321.861,228.7707,70.9009,72.7112
363.595,230.0412,70.0052,72.3431
366.5577,229.8522,68.3861,72.7211
368.1781,229.5671,67.2787,73.2914
374.7839,229.2581,66.8173,73.9094
371.7423,232.3768,64.391,76.1815
386.9749,230.7887,63.6636,77.2335
382.7659,233.8011,63.5666,77.5949
391.9653,235.5412,62.2302,78.3804
2
0
0
0
0
1
354.8349,239.2414,44.7483,47.5733
356.8711,239.3178,43.4063,48.7857
358.7592,239.422,42.3565,49.9405
359.3862,240.0029,42.4669,50.1433
360.8748,241.4117,42.2287,50.0645
361.5343,241.3947,42.2741,50.0984
363.1809,241.9186,41.7122,50.4164
366.9416,241.54,42.3606,49.8119
366.4672,238.1092,43.3095,49.8606
371.2148,240.6782,43.4633,50.2363
372.9321,242.1085,42.8021,51.5359
372.7144,240.2147,43.2375,52.5308
373.9942,238.6963,43.5155,52.7298
379.5397,238.8351,42.4091,52.4521
379.7988,239.3268,41.8909,52.8733
379.9185,238.3199,41.6515,53.4844
379.7719,237.8499,41.9448,53.0163
380.6921,237.3343,41.51,52.642
381.4422,237.3166,41.4025,52.6775
381.25,237.0024,41.7869,51.9141
382.3496,237.5365,40.9739,52.2319
383.4059,237.1045,40.239,51.7181
383.823,235.4333,40.763,50.9861
383.8602,235.5939,40.6886,50.665
383.9054,235.1281,40.5981,50.2475
382.1812,234.1051,40.0232,50.9524
382.1468,234.9418,40.092,50.6218
381.6595,236.9498,39.7277,50.6222
381.5065,238.1819,40.0337,50.824
381.3723,238.157,40.3021,50.8737
382.1483,237.3692,40.0961,51.1034
381.9213,236.8548,40.5501,50.7857
381.9107,237.6376,40.5714,50.5689
381.9258,237.7563,40.5412,50.3315
382.4867,237.0874,39.4193,51.6693
382.2004,237.4043,38.6478,52.3796
383.0143,235.3807,38.3625,52.3992
382.7011,235.1485,38.9889,51.5255
382.5808,235.0487,39.2296,50.3902
383.6065,236.6346,39.8209,51.1825
383.6846,232.1642,39.6646,50.7215
387.2223,231.0033,39.2568,50.3763
383.3781,228.0977,40.3371,50.9011
368.7059,237.2506,40.0457,51.4546
362.7005,239.3269,41.2491,51.3547
359.5052,239.7104,42.1646,50.5878
357.8931,238.6527,42.6458,49.9601
357.3033,238.2228,42.456,49.4504
357.1793,238.3819,42.704,49.1322
356.9999,238.1973,43.0628,49.5014
356.835,240.6004,42.0237,50.1709
355.301,238.8233,42.366,49.6368
354.9878,238.6955,42.9924,48.5323
354.1792,238.2003,41.9045,49.5228
354.6901,235.5054,40.8827,49.5092
356.0274,235.3461,39.5424,49.8279
