1
192.1828,30.0776,81.4579,80.7944
190.4013,29.9709,85.021,78.5414
189.2474,30.7185,87.3289,77.0461
188.4253,31.3168,88.9731,75.8495
187.7496,31.9041,90.3244,74.6749
187.3582,32.1464,91.1072,74.1905
186.0667,32.2057,91.1809,74.0718
186.3017,32.2436,90.7109,73.996
186.289,32.3413,90.7364,73.8005
184.9746,34.7522,90.8677,73.9735
184.9188,35.9687,90.9794,74.0426
182.08,38.4857,91.6469,74.0185
181.9339,39.9023,91.9393,73.7001
181.8848,41.0462,92.0375,73.9262
180.8175,42.0738,91.6527,74.3902
181.0398,42.973,91.2083,75.1128
179.1261,45.1848,89.9839,75.741
180.4616,46.8751,89.8302,74.8776
180.2465,46.5563,87.7595,75.5152
181.1684,48.6513,85.9155,76.2845
180.9476,50.084,83.8936,75.8824
180.0776,54.0804,83.2078,75.1673
180.6548,55.0806,82.0535,75.5705
180.5746,56.5075,82.2138,75.1091
180.8792,56.3738,81.6046,75.3766
181.5106,56.187,80.3419,75.7501
182.0171,56.3932,79.3288,75.3378
183.7482,57.403,78.213,75.6645
184.3939,57.4819,76.9215,75.5067
184.6807,57.3427,76.3479,75.7851
186.1265,57.0246,75.7633,76.4213
187.5942,56.9801,75.1358,76.5102
189.0638,57.5356,74.4961,75.3992
192.5497,57.2417,72.0681,75.9871
198.2503,56.6136,69.6386,77.2432
200.2628,56.1379,67.8378,78.1946
204.2405,55.7707,66.5138,78.9291
206.2618,55.3691,64.672,79.7322
208.8659,55.0718,63.8311,80.3269
209.5876,55.8019,62.3876,81.046
210.2749,55.6906,61.013,81.2685
214.4134,56.4876,59.1802,81.8225
216.0944,54.0875,57.9447,82.3694
223.6499,52.528,55.5218,83.3739
230.8401,51.2752,53.6814,83.7894
231.6342,51.8702,52.0932,84.6652
228.9451,48.995,51.3141,84.2584
228.4499,50.1857,50.2713,83.9103
228.1667,50.7801,48.8272,84.732
226.5343,46.2525,48.0948,83.7947
224.013,48.8509,47.2208,84.5144
220.896,44.3534,47.5505,83.6689
214.4197,39.6549,48.7362,81.2991
214.3288,40.2806,48.918,80.0475
213.5029,44.31,48.6396,79.7095
209.0421,39.7919,49.8793,77.2229
208.0127,42.4078,50.0343,75.7988
207.0112,44.938,50.1525,74.5082
205.858,45.9082,50.5913,72.5677
204.9295,47.4348,50.6031,71.3599
205.1066,48.8775,50.249,70.3015
203.1378,48.6384,50.5762,68.9745
202.0802,51.4134,50.9013,68.7954
199.3252,53.1106,51.0328,68.9866
196.1071,53.307,52.0752,68.5937
188.9346,53.6845,53.7586,67.8387
185.2635,53.8641,55.6276,67.4796
179.8241,55.5267,57.2616,67.8523
178.7262,56.714,57.5765,69.2393
172.8416,57.2391,57.9013,70.0966
170.7119,58.4367,58.3088,71.5533
168.1513,60.9224,59.52,72.4467
160.1954,61.3929,61.5141,73.494
155.3004,62.3645,63.1585,73.5873
151.4955,66.0862,66.64,74.4004
148.5793,68.4017,70.3401,76.1661
144.2736,67.7647,72.296,79.6587
141.2821,68.5256,73.6706,82.7453
140.5034,68.9453,75.2281,84.2801
136.872,69.1146,77.645,83.9415
130.74,71.5823,80.0851,83.918
125.7439,73.0603,82.595,83.456
120.3249,74.6116,85.8541,82.8797
116.4619,79.3611,88.444,83.6532
110.582,80.1675,92.3415,84.6611
101.7053,82.1075,96.608,86.1759
99.9334,83.3818,100.1517,86.4149
95.4227,84.6946,103.4808,86.6355
91.6167,88.7233,105.291,87.281
88.8341,90.7463,107.9171,86.1741
84.8059,92.907,110.0509,84.8138
82.3114,96.4995,112.0684,83.5719
75.0846,99.098,114.5953,81.3564
71.006,102.9047,116.7862,79.7096
68.7482,107.8527,118.313,78.7796
66.4009,111.0874,120.0115,78.3024
64.1689,113.9425,121.4621,78.6192
62.1416,117.045,122.4763,78.4949
60.1177,119.2372,123.4706,77.1639
60.2448,121.4596,123.2164,75.7649
60.4245,123.3248,122.857,75.0528
59.3249,125.2972,122.0553,74.109
59.5604,127.1758,121.5843,73.3249
63.8663,130.0189,121.8308,73.5443
70.0429,133.023,121.3183,73.4563
71.9323,132.9935,120.4905,73.5153
77.5943,132.8108,117.9858,73.8807
83.0461,132.6637,115.8087,74.1749
86.8678,132.0451,113.928,75.4121
91.158,130.1019,113.9699,76.4245
94.5322,128.6916,113.0047,79.245
98.2218,126.1004,111.474,81.5031
105.8155,123.8132,108.0409,83.1391
107.7153,121.2161,104.2413,85.4197
108.8616,119.1324,101.9487,86.6944
115.4037,116.6633,97.4996,88.7542
121.9149,113.1133,93.0057,90.1685
130.3439,112.3825,90.1256,88.8344
141.1156,106.8735,87.6879,88.9348
148.9281,98.7298,82.834,91.7585
152.7738,92.818,77.8033,92.9398
155.8125,88.421,74.3245,93.9379
163.4344,85.4924,71.871,94.6788
173.4218,75.0836,69.6039,95.2591
183.499,67.2201,69.4626,95.9764
184.0203,63.217,68.4199,96.4518
187.0986,56.0419,67.2641,98.3002
187.3875,54.0039,66.6863,99.8667
189.0864,52.8315,65.8121,99.6881
186.9299,52.4394,65.1123,100.4721
189.1209,50.3736,63.2368,102.0973
189.9048,42.5388,64.1687,97.7694
216.5615,50.846,62.3096,98.3066
212.2648,79.4626,66.0483,92.0482
219.2919,61.694,63.967,94.0613
215.763,64.1847,61.4612,96.2526
213.9555,67.1335,60.3113,97.5023
214.7659,71.1454,61.0726,96.6243
216.6082,76.724,62.1509,94.9932
220.7327,71.6875,63.4017,93.1915
226.0236,78.9204,62.2938,92.9363
228.1104,79.2996,62.8126,92.178
226.5284,105.6184,65.9766,86.4083
227.1311,82.0024,64.7713,87.4935
212.5419,82.3622,63.9935,86.774
216.2144,87.0119,63.4903,86.5972
210.7473,85.4116,63.0758,87.5281
216.2789,86.8931,61.1212,89.1194
217.3568,88.0763,61.2347,89.0223
216.4901,93.8923,60.6984,88.7384
218.946,94.9067,60.2997,88.9662
214.911,108.5309,59.3561,88.7584
218.3757,114.3234,59.1307,88.3466
216.7844,116.2556,60.0885,86.7069
215.9238,121.9682,61.8099,84.1446
212.3629,127.4924,60.1119,84.1208
206.3823,129.4779,59.0122,84.5035
207.4633,130.15,59.0148,83.1593
208.1701,136.1322,59.7454,81.916
206.9826,136.7088,59.9831,80.7629
207.2199,136.6664,59.5085,80.8477
208.2972,141.1312,59.471,80.3865
207.2329,141.3632,59.4901,79.9224
205.9132,145.5589,60.0268,77.8391
206.8424,145.587,60.2479,75.7034
206.8396,146.1429,60.2535,74.5916
206.8811,147.9334,60.1705,73.0437
206.2024,149.197,59.5201,72.5245
208.6457,149.3975,58.6123,72.1234
210.9855,149.7939,57.8701,71.3306
208.2685,150.1148,57.4706,70.6889
211.6182,148.956,56.5557,71.0783
210.6857,148.0136,56.5012,71.0437
207.4872,146.2833,57.1442,70.6682
203.976,146.4073,58.3989,70.4202
200.1773,142.9137,60.1796,69.6519
197.4218,143.2375,61.7797,69.0043
191.8017,144.6682,63.1661,68.1137
187.4056,142.3502,62.0644,68.7922
187.7153,142.7816,63.417,67.9293
184.5107,133.9926,61.9069,69.6687
190.6872,130.4752,61.4529,70.754
176.1895,124.4887,60.5552,72.7626
170.8164,115.049,59.243,75.5642
164.803,119.7741,59.0787,78.3052
162.3243,120.4623,59.8936,79.0
163.216,119.9213,60.2054,80.0819
165.5576,119.7026,59.7557,80.5194
165.9831,106.4729,58.9045,83.7015
160.4461,100.2939,59.2252,85.3062
161.5446,96.4346,59.2085,86.4838
161.0554,90.9944,57.9891,88.5729
162.9759,90.8147,58.5666,88.9325
157.0853,85.7168,57.0024,90.2313
151.1572,79.2933,55.552,91.9895
148.7106,74.9514,56.0056,91.794
147.6471,81.6407,58.1326,89.538
135.9594,66.3189,61.4729,86.7895
137.1,71.9794,63.6709,86.6668
135.5687,70.3854,64.4597,87.5811
123.6793,62.1186,67.5333,85.7101
117.2445,62.2113,71.1157,83.2027
110.2537,62.1509,75.7347,80.983
105.9079,61.1526,79.6676,80.6003
102.6363,57.4567,81.3405,80.6865
98.1099,52.0886,83.0048,81.5715
90.6248,46.9926,85.461,81.7522
86.4664,42.9943,88.6896,82.1168
81.4349,41.772,90.9526,81.9613
75.7811,39.2484,94.3624,81.7432
72.7506,38.9557,97.7417,82.3287
70.9621,36.2125,101.3188,82.3289
64.6476,35.194,105.5541,81.5682
57.1949,35.4672,109.0598,81.0218
52.5086,36.892,112.6441,81.0661
45.7786,37.0066,117.2571,80.837
41.7916,38.5609,122.2166,80.743
36.7469,38.3972,126.1313,81.0704
33.3078,39.7775,129.8582,81.4611
30.446,41.3896,132.3685,81.4501
27.7642,43.5026,134.4817,80.4747
26.7122,45.5083,136.5857,79.7284
25.8304,47.5895,138.3494,78.8497
25.234,49.2122,139.5421,78.8989
25.0298,50.6204,139.9505,79.3955
26.6917,50.7457,139.9544,79.1449
26.9952,53.3567,139.3473,80.5697
29.2519,55.4083,138.1726,83.144
31.4651,55.5489,137.1115,86.228
33.7422,54.066,135.9589,89.1938
38.2065,57.0886,133.899,93.4515
42.8398,55.094,131.5812,97.4408
47.4899,53.2365,129.2921,101.1557
51.922,51.9314,127.4912,103.766
54.3902,49.2633,126.1016,105.5554
56.0176,49.2233,126.4012,105.6354
59.4034,49.3024,126.7504,105.4772
63.3795,49.3231,125.9246,105.4358
65.5718,49.4558,125.0898,105.1704
68.2041,49.3347,123.3578,105.4127
74.8312,49.1594,120.6335,105.7632
84.8421,48.9991,117.9801,106.0838
89.3346,52.2034,115.8708,106.5508
91.5551,53.9091,114.8423,106.552
93.3358,61.2621,114.6775,105.4326
93.6886,57.243,113.972,106.7183
95.0786,64.0077,114.5778,106.7321
98.0495,62.2501,115.4266,106.8517
99.4347,69.5433,116.0667,105.9073
99.3423,67.3391,116.2515,106.9105
100.8582,67.1278,116.644,107.3332
100.7029,68.1901,116.9546,108.6456
105.0562,74.2522,118.6367,106.91
105.8704,79.1476,120.4696,104.0416
109.2549,81.7264,120.5874,102.3275
114.6955,86.3034,119.9587,100.0086
123.8703,89.4165,118.4609,97.1527
132.4364,95.7948,117.8342,94.2993
134.9121,97.0849,116.1279,91.7191
138.8767,100.8644,117.7295,87.3371
133.3149,105.3341,116.3355,84.6564
136.7364,110.0814,115.6207,81.2899
136.5912,112.135,118.9086,77.1829
140.2772,113.6768,120.4711,74.0992
147.7214,114.4259,120.3297,72.601
154.0537,116.138,119.3527,72.0986
163.7423,118.5926,120.2677,70.0885
162.2725,118.9774,120.3291,69.3188
165.639,117.685,119.3281,69.0376
165.7254,116.373,119.1552,68.8154
170.5346,116.033,118.0569,69.4952
179.7566,120.0658,116.6255,69.9359
185.4966,121.9822,116.4324,68.925
190.1412,129.8709,118.3501,67.156
195.2929,130.0768,119.2456,66.7442
200.4775,130.6177,120.0998,65.6623
197.576,130.8518,120.3034,65.1942
200.5324,130.772,119.9798,65.3537
201.5114,130.0052,118.0219,66.8875
204.325,130.753,115.1849,68.182
211.1761,129.6056,112.5651,67.7064
212.4081,129.5316,110.1011,67.8543
212.4904,129.6205,107.2468,67.6766
218.2187,129.3004,103.7233,68.3166
224.025,128.3418,99.9186,70.2339
226.5886,119.284,97.3692,72.8832
227.7749,108.3078,94.9965,74.1708
239.7147,109.3191,89.0948,79.853
243.5148,100.2064,84.0646,85.2283
241.9591,87.7027,82.0214,87.0397
233.8923,70.5248,82.7125,85.363
230.4396,61.4147,81.9433,85.6756
220.5884,59.2803,83.7883,84.8422
219.9889,57.5804,82.4203,85.6752
215.6709,55.007,80.822,85.7048
215.4937,53.8553,78.6427,88.0082
211.7174,53.1829,76.0537,89.3529
203.4672,53.0062,74.9486,89.7065
208.3298,52.714,72.732,90.2909
200.8762,52.644,72.7818,90.4308
190.1866,52.3981,74.3276,90.9225
189.0246,51.0816,74.1398,91.0439
188.4744,52.8069,72.7297,92.6144
187.0564,50.5219,70.5419,94.6724
170.8264,50.3918,70.3983,94.9326
167.8187,49.2146,71.3945,94.7773
161.3927,51.4309,71.6293,95.3918
160.4182,49.2537,71.0416,97.2094
157.8842,47.3994,71.0,98.3633
150.6932,48.2211,69.9517,99.2916
149.5056,48.7392,69.7583,100.8241
146.7315,46.069,70.1291,100.9871
143.9879,48.9737,70.4217,102.9693
140.638,46.6209,71.8575,102.4108
134.6721,41.4795,73.2001,102.1046
128.2864,42.1707,75.3131,100.7222
126.2596,43.5445,76.6886,100.6526
121.2718,43.2875,78.566,98.4674
120.7537,43.8246,79.6022,97.393
118.0373,43.9663,82.3386,94.4134
114.7284,44.47,86.2625,90.7118
113.453,44.2452,88.8132,88.4631
110.8754,47.7586,91.2655,86.8422
108.7578,48.3598,92.7852,85.6398
106.8558,47.499,93.8691,84.6415
