1
285.8797,255.4647,45.0067,48.7082
287.257,256.1015,44.2221,49.6671
289.4054,257.2359,44.0522,50.2888
289.9142,257.7517,43.8152,50.2394
290.5889,259.9206,42.3888,50.7898
290.344,260.9254,42.3397,50.2107
290.6302,262.8304,41.9919,50.5501
291.3885,264.6604,41.9726,50.7528
290.3332,265.9572,41.3441,52.3404
288.4669,268.8468,41.1751,53.5583
286.8694,266.0009,41.1149,55.0501
285.043,268.3257,39.9798,56.4503
283.8446,267.1589,38.7276,55.6395
283.7142,268.9601,37.8116,55.3735
283.4728,269.447,37.1059,55.5512
284.3458,270.795,36.3186,56.6789
285.1324,270.959,35.9255,57.5613
284.2381,271.2125,36.2279,57.4305
284.9086,272.6735,35.5759,58.3412
286.1405,272.6624,35.1919,58.3981
286.509,271.1747,34.6119,58.1406
287.3492,268.8096,33.982,59.4666
287.2654,269.2718,34.0598,59.6388
287.0992,267.7294,33.6551,59.1917
285.1203,269.5551,34.1007,59.4774
285.1835,270.0208,33.3767,60.6465
284.812,270.0333,32.6828,62.0019
283.6147,272.5678,33.6362,61.6897
284.221,270.627,34.8521,62.0269
281.0598,271.5367,35.9288,61.3215
282.4545,275.2991,35.841,62.0424
280.6763,277.5609,36.3205,61.057
280.2456,275.8152,36.6829,61.7506
281.0097,277.3904,36.7499,61.0132
280.3302,275.4244,36.9951,59.866
280.6201,277.6969,36.5402,60.0989
281.4289,278.5155,36.3345,60.8983
282.8061,275.637,36.1598,62.2616
281.5966,275.5698,36.1077,63.8575
282.3116,274.2264,36.4037,62.0233
282.4951,275.7256,36.9939,60.8501
281.6587,273.7821,37.4854,59.5444
281.2767,272.6662,38.1689,58.809
279.5382,271.7755,38.9676,57.821
280.0505,271.7918,38.709,58.1165
278.4264,269.9894,38.6301,57.4333
277.2019,270.0246,38.8372,57.6193
275.6547,268.8524,38.8644,57.9934
275.8175,270.2405,38.434,58.5306
276.2603,271.6832,38.793,58.2545
275.1394,271.8646,39.2298,58.1334
275.0396,270.8266,38.4921,59.4676
274.4752,271.7862,38.4955,59.4799
274.0158,272.7016,38.8576,59.1031
273.5175,272.6804,39.1448,58.7139
272.8919,272.7903,39.2599,58.6852
271.0995,273.7695,39.5432,58.2522
270.3393,273.7473,39.5442,57.7167
270.4073,273.4479,38.855,58.0901
270.1347,272.8905,38.6137,58.2339
269.3383,272.1414,38.4282,58.5597
265.2802,273.0196,38.6843,57.991
264.6432,273.2009,38.9285,57.9368
264.2768,271.9802,38.7908,59.2589
263.2193,272.9605,38.6558,60.1085
262.0046,274.1306,38.6058,60.6518
259.6414,274.4498,39.4392,59.9879
254.7657,272.6748,38.923,59.4198
253.3104,273.2805,39.6122,59.1386
252.1087,274.6927,40.049,58.4168
250.7975,273.7088,40.145,58.1912
248.7224,273.697,40.2652,57.8675
247.7155,273.8013,40.5671,57.8114
246.5314,273.2868,40.739,57.8133
245.2736,272.3325,40.6259,58.2126
245.0685,273.2679,40.7243,57.9106
245.7302,272.8097,40.3184,58.5605
247.2815,274.1527,39.579,59.1051
251.2896,273.7929,38.7736,60.9225
250.948,272.3488,39.6583,60.4607
251.736,272.0755,39.6391,60.4994
253.0198,272.6535,39.2656,60.8341
253.6727,274.2975,39.4562,60.3102
255.178,275.2153,39.378,60.6761
256.011,275.1801,39.4615,60.4026
255.6612,276.0837,39.195,60.4541
255.0852,274.6592,39.2301,59.919
254.1029,276.3644,39.3213,59.6085
254.3549,274.6214,39.0429,60.2463
253.4101,275.352,39.056,59.6684
252.2816,275.079,39.2482,59.6912
251.7762,275.6368,39.2141,59.6879
250.9234,274.5916,39.224,59.8018
250.5701,274.0372,38.9162,60.724
249.9329,270.7132,38.2589,62.1849
246.6909,271.4593,39.6327,60.3923
244.9285,270.5803,40.1047,59.3635
243.9974,268.0411,40.554,58.6662
241.3618,269.4903,39.728,59.1338
241.377,270.3203,39.6416,59.6024
248.4809,282.1419,41.8805,58.7364
263.2297,300.115,39.3621,61.5919
279.1118,310.1624,44.0292,57.43
300.1031,315.6598,41.0732,60.9863
326.6147,323.7394,39.2017,61.9749
348.0227,332.1201,37.6706,64.4842
357.5938,328.0338,37.3966,66.2266
360.2185,328.2231,37.5228,66.1421
363.073,330.1404,38.0322,64.5058
365.4765,326.5339,38.7086,62.4839
369.1083,317.9295,39.4272,61.0683
372.9566,319.4389,39.6123,60.078
374.8648,320.9734,39.5113,58.9712
372.6228,319.9288,38.8873,58.0465
370.7662,321.7329,38.7581,57.1716
370.1918,323.8966,38.5971,56.5017
368.496,326.724,38.5077,56.2228
366.7114,327.649,37.8206,55.9455
365.1347,329.3247,37.9201,55.2555
365.382,329.8603,37.3546,55.1973
363.7196,330.1508,36.7869,56.5555
358.2744,331.6038,38.0787,55.8371
354.9498,330.6484,38.4887,55.3151
350.3669,327.705,38.4201,55.3876
341.5007,323.6572,37.8293,56.0311
337.5414,321.2917,37.7502,56.1161
337.2782,323.162,38.0706,55.7039
338.9981,324.7159,38.5221,56.0213
338.5055,322.3704,38.2217,56.3839
335.4355,321.4104,38.633,55.8459
334.203,321.1022,38.3543,55.6685
333.3779,321.5037,38.2839,55.1314
335.1341,320.313,37.9489,54.8644
336.9975,315.1313,36.3608,55.1315
330.5964,309.3225,36.0412,57.518
328.0569,307.9102,36.5566,57.1275
326.0834,309.216,37.0922,56.8137
324.8473,311.9267,36.6192,56.5237
318.4595,311.9939,35.9117,57.0126
311.816,316.3468,35.4233,57.4225
310.1983,318.0232,36.2426,57.3946
310.646,319.805,37.2586,56.9327
309.6236,319.6489,37.2474,57.31
309.7841,319.2558,37.5062,56.828
311.4736,316.7211,37.4792,56.5002
312.2477,310.9724,37.5027,57.3989
314.3165,306.6714,37.6224,57.6936
313.2452,304.8715,40.5997,56.5323
315.7606,295.9752,39.0935,57.1269
317.7926,293.4779,37.6973,58.2215
319.4014,293.0151,37.8976,57.98
320.4556,293.0808,37.463,58.3321
321.7952,293.1352,37.5692,58.1541
322.1378,292.9424,36.4605,58.38
322.7419,288.5829,35.7953,59.2341
324.1543,288.4023,35.8183,59.7793
326.027,285.3283,35.0282,60.2177
327.0163,284.0226,34.8149,60.2482
327.8583,284.1076,34.9485,59.4568
327.634,284.0024,34.7224,58.4199
329.6435,277.406,34.3076,58.5045
331.2789,276.2231,33.2775,59.2395
331.2834,275.2874,33.6642,58.9176
331.4898,275.2408,34.5316,58.0143
331.2431,274.6072,34.9857,57.8338
332.1234,272.9873,35.0876,58.4419
333.295,270.8664,35.383,58.1844
333.7479,269.6004,34.7834,58.0948
336.0553,268.4012,34.6403,58.0558
338.7308,268.4521,34.5057,58.5808
339.303,268.7951,34.2908,58.6933
340.6957,269.5648,33.9959,58.6233
339.8772,270.6711,34.6091,58.1917
340.1813,268.9061,34.397,57.6526
340.2352,268.4267,34.6544,57.7735
340.7577,265.5915,34.1618,57.3499
340.7445,265.1965,34.1897,57.8008
339.9622,261.3699,33.5008,59.1586
340.5822,256.8744,33.3151,58.452
341.3234,253.6284,33.8387,57.1681
342.8396,251.7682,33.7103,57.4319
346.076,248.5238,37.5968,54.3584
346.2406,246.1282,36.4334,55.5642
350.3165,247.8445,38.698,53.6725
349.8031,249.2927,40.4065,52.2277
351.063,252.4882,41.0664,50.9811
352.085,251.9326,40.7361,50.4877
357.2649,247.6089,42.457,49.0304
358.6699,248.7553,40.4614,49.587
357.9105,250.5893,40.1985,51.1462
357.0097,250.2902,40.0141,50.9696
358.7399,250.6352,40.2349,50.6757
358.4131,251.3593,40.1708,50.6326
359.0842,251.0512,40.4219,50.408
360.3755,250.8242,41.2522,49.7336
362.0505,249.7269,41.6824,49.2136
364.4823,245.1107,42.1792,48.9664
367.5913,243.1029,38.5879,51.8001
389.6387,246.4489,39.8593,51.7865
392.3768,251.2737,41.0598,50.4324
390.759,251.3638,42.282,49.0671
393.215,255.7633,43.0585,47.6663
390.8813,243.7802,43.1122,47.4745
393.7785,233.5649,38.1179,53.4534
396.1098,230.2845,35.2283,57.6697
398.0571,228.0976,32.9935,61.6553
399.2591,231.6725,31.8515,63.9748
399.8114,229.9924,31.6777,65.6315
399.353,232.9577,32.4747,65.1459
368.4453,246.9525,33.2326,62.4433
368.7649,246.2116,32.2579,61.8475
367.3956,248.5391,32.923,60.8599
361.1681,251.6913,33.5485,58.7797
360.9287,251.2445,33.7658,56.9146
359.2831,246.6742,34.1676,55.6852
360.8756,246.3673,32.9648,56.5922
358.6535,244.8919,33.222,56.0614
356.587,246.5327,34.0091,54.9754
355.2685,247.3366,34.1797,54.4673
351.9288,246.5421,34.2097,53.9842
347.4796,244.4223,34.5326,53.2734
345.8781,244.6116,34.8947,52.7491
344.2019,244.4565,34.6631,52.0559
343.2865,243.7001,34.6192,51.5956
342.2287,243.7011,34.629,51.2056
340.9874,243.5349,34.2271,51.0838
342.0093,243.0786,34.0773,51.4103
342.8767,241.9495,33.4827,51.3431
344.0868,241.8275,32.4011,52.9217
343.9702,236.4799,32.2577,53.0051
345.5824,235.3084,32.3065,52.799
345.6485,234.7197,32.4991,52.0515
345.5431,233.8376,32.3359,51.7001
345.9089,232.493,32.3299,51.3798
347.4065,231.1891,31.3723,51.8339
348.3389,231.9342,31.3105,51.5115
349.5422,231.6566,29.8366,52.4973
349.6593,231.1372,28.1865,53.9578
350.6232,230.4584,27.1754,54.6394
350.7291,230.198,26.7568,54.6026
350.6406,228.4008,26.6746,54.1149
350.7989,220.5191,26.774,54.817
351.2009,220.5638,25.6055,55.5283
351.6563,220.3103,27.3006,54.5084
353.1086,219.5278,26.8868,55.3701
353.1333,218.8624,27.8835,54.4459
352.8526,219.1658,28.9508,53.4902
353.3725,218.1545,28.4677,54.4558
354.3222,216.7938,28.7394,54.2842
354.6405,215.7878,28.8928,54.4263
354.91,214.8654,28.8677,54.2983
355.117,215.049,28.6989,54.1147
356.1539,210.453,28.2924,55.5135
357.2291,206.9014,28.4213,55.7924
358.6208,208.0924,28.9258,56.7748
360.6822,212.7123,27.3737,60.1697
366.0043,212.4779,28.9816,58.6957
368.0951,212.0483,28.5411,57.7782
368.1636,218.8721,29.6616,57.5461
363.9217,227.7197,30.0666,56.6853
363.8193,230.5264,30.3189,56.9614
359.3142,232.1302,30.895,57.5477
355.3188,233.8057,30.8539,58.1901
351.6692,233.5318,30.6956,58.4117
353.0948,234.9692,29.9926,59.2677
353.9053,236.8743,29.3305,60.3886
353.9753,235.2415,29.1301,60.935
354.3052,234.5177,28.6247,62.1871
354.8221,234.9785,28.4954,62.6832
355.8237,234.0853,28.958,60.439
356.3498,234.6423,28.7589,60.8784
353.0283,238.5432,28.9319,59.3986
355.064,236.9905,28.4646,58.8907
370.2803,235.982,28.4479,58.9524
374.7693,235.3338,27.7984,59.8275
392.0468,240.4942,27.8224,61.2319
2
0
0
0
0
1
358.1839,240.0921,38.617,41.5778
361.6539,240.5561,38.3632,41.0344
362.4616,240.3614,38.2063,40.6061
364.3696,241.1819,37.9858,40.5808
365.6031,242.4847,37.9378,40.656
366.6664,242.7206,37.3101,41.0739
368.4204,243.2601,36.7578,41.1195
369.5542,243.5472,36.1864,40.8714
371.3963,244.1761,36.3682,40.7178
372.4187,244.9449,36.2859,40.8414
376.729,248.0068,35.9506,40.4214
377.8794,246.9424,34.9586,40.9694
379.7446,246.4162,34.5536,40.9389
383.0317,243.7026,35.0854,40.6503
385.0472,240.9536,36.0058,40.1482
386.1366,242.7131,36.1896,40.4141
385.7258,242.8604,36.2162,39.9054
387.6375,241.9518,35.2212,40.9582
389.3873,243.3804,35.2536,40.4134
390.477,243.1034,34.2821,40.2314
390.0797,243.2693,33.8786,40.1527
390.135,242.4781,34.1133,39.739
390.6581,242.1149,34.1529,39.5594
391.2067,241.4224,33.7906,39.8533
391.8485,238.3043,34.0398,40.7507
391.0401,237.6773,35.1557,40.1615
390.198,237.5642,36.436,39.1416
386.7876,240.7994,36.381,39.0273
386.6239,239.835,36.9329,38.3882
386.3074,240.9914,36.1901,39.3189
385.8259,240.3828,35.7569,39.8961
386.0122,240.62,35.8561,40.1394
387.2048,240.4224,36.0972,39.8881
386.6106,239.3341,36.1695,39.8677
385.9899,240.6548,36.1525,39.7735
388.012,242.359,36.4425,39.8121
387.181,240.7875,35.3118,40.7675
386.7889,240.3254,34.5007,40.7672
387.0605,239.0513,34.0093,41.1133
388.8528,239.2989,35.2684,40.1521
388.1978,239.2098,36.7909,38.8672
386.7434,242.6496,37.0227,39.936
386.9376,239.3475,37.0491,39.0865
389.7809,237.0236,37.1872,38.6675
386.9144,233.6702,38.8907,38.4351
374.4112,237.9924,38.3588,39.5101
368.271,240.9463,38.5334,39.6228
365.7344,242.1987,39.101,39.2785
364.258,241.0888,38.6493,38.7778
363.8726,241.7915,38.0737,39.1826
363.6673,242.8173,38.5441,38.4116
363.5882,243.4173,38.1658,38.2309
363.8209,243.6611,37.7847,38.3524
362.8827,242.4405,37.9804,37.9118
362.6389,241.6395,37.6301,37.7451
360.5095,245.2221,37.8428,37.6686
361.0532,241.5283,36.8491,38.0996
363.2913,240.7906,35.8505,38.1382
