1
665.3228,687.8522,43.3021,27.9525
666.134,687.6917,42.7026,29.2963
678.554,683.0753,40.669,31.2726
701.5517,677.6068,39.365,32.8556
703.8083,673.9565,39.0347,33.8816
706.0095,670.9047,38.8622,34.6981
2
0
0
0
0
1
696.0749,586.429,39.4303,21.9755
700.615,576.6945,38.1143,23.3281
711.8308,564.1436,37.3586,24.1529
712.5955,554.9777,35.8293,25.9525
712.794,546.7811,34.5542,27.4199
714.8222,537.7425,33.1478,28.7133
715.6475,528.0665,31.4974,30.3986
717.8081,520.1547,29.8323,32.0563
721.5146,512.4514,27.7349,34.1735
723.134,510.3573,26.268,35.7035
727.2639,506.8828,25.9834,36.4497
730.4755,504.0118,26.7038,35.9413
731.9216,501.1287,28.2956,34.533
735.4308,499.2599,30.2828,32.8671
739.0028,498.0871,32.1973,30.6835
743.7166,495.416,33.5789,28.8196
749.3573,492.7938,34.7804,26.931
755.5094,489.8869,35.6558,25.7157
761.3722,486.4016,36.1298,25.715
767.9783,482.3751,36.0945,26.7403
776.0622,474.008,35.1445,29.1519
782.0842,468.8919,33.23,32.0171
790.7985,458.2589,30.8119,35.4583
798.8864,449.1945,28.0058,38.3074
804.4483,441.2293,25.47,40.8788
809.3635,433.0014,24.2048,42.1075
814.104,428.1611,25.1626,41.3494
814.2752,422.1197,26.7275,40.081
815.9556,419.2965,29.129,38.0442
817.1688,414.3859,31.5443,36.2456
819.6038,412.3661,34.5055,33.4328
820.8621,412.5894,36.892,31.0249
822.6779,411.658,39.1292,28.9753
825.3913,411.1375,40.548,28.0604
829.1038,407.7363,40.9932,28.9602
833.9876,406.6686,40.2753,31.0956
838.7835,405.0922,38.9274,33.218
841.8631,404.9226,36.9483,35.6471
847.3212,403.7801,35.5174,36.8782
857.9333,397.0843,36.3712,36.6024
865.5991,404.8154,38.0037,35.9839
852.489,405.1725,38.4083,35.2697
840.8179,406.1194,40.3429,34.4462
847.9769,407.4243,41.2377,34.0096
860.4191,432.4914,41.4944,34.1576
865.7945,431.5072,41.7377,33.9273
867.8095,428.9978,43.2045,33.4493
876.4168,427.4973,43.8076,33.1096
2
0
0
0
0
1
834.6636,473.1006,21.2306,23.596
829.4992,477.305,21.6835,22.5943
823.2458,481.4012,22.0238,21.7017
816.1721,483.92,22.3895,20.8587
809.1599,485.3343,22.8183,20.3945
802.1295,487.1042,23.3086,19.8047
795.2064,487.1588,23.6373,19.6955
787.6716,488.111,24.5266,18.9728
780.3422,487.0163,24.9753,18.7938
771.8443,486.3061,25.29,19.0228
764.8618,485.4643,25.3562,19.4978
759.1214,483.5504,25.7979,19.6458
751.1671,482.3571,25.5251,20.1654
744.6986,479.9016,25.295,20.6873
737.1226,477.3364,25.2727,20.7596
729.8024,474.9398,25.9844,20.488
722.1631,472.5295,25.9204,20.8336
715.532,467.6844,26.3009,20.8624
710.169,466.9018,25.9723,21.1272
703.216,461.7544,25.5836,21.6757
698.8452,459.9058,25.1833,22.1079
688.6983,456.7673,25.2016,22.4984
685.662,451.0744,24.667,23.3126
678.6278,450.8835,24.0866,23.6944
676.0423,447.3,23.9526,23.567
672.194,444.34,23.7413,23.556
667.4825,437.3701,23.9863,23.0734
661.9555,437.862,23.9641,22.741
657.6049,433.6823,23.6242,22.7049
655.0737,429.8928,23.5663,22.6038
652.4357,426.8986,23.7424,22.2174
648.8676,425.1641,23.9058,21.8829
645.8963,423.0885,23.539,22.2485
643.7529,419.9541,23.4065,22.2041
642.4669,416.2306,23.4643,22.1087
639.7549,413.8077,23.2374,21.9313
637.0031,411.0656,23.1474,21.8218
634.4699,407.7869,23.2667,21.5771
633.9305,404.7278,23.1131,21.5333
632.5138,402.1268,23.4939,21.2168
631.4895,397.7893,23.0874,21.299
631.6713,396.294,22.7237,21.2449
631.8606,393.6392,22.3452,21.1321
632.1125,391.205,21.8415,21.2413
632.4437,388.6912,21.7679,20.9684
633.0819,386.7711,21.6583,20.7247
