1
295.9811,147.8923,46.4482,153.8154
295.6353,147.1476,47.8709,155.0575
297.5724,147.0113,48.3264,156.4643
297.7056,146.6777,48.5535,158.7961
299.0904,146.4137,49.1912,159.3444
299.3436,146.3643,49.624,159.4527
299.6061,146.5683,49.754,158.9315
300.4397,146.8707,49.6876,158.6008
299.1001,146.2546,49.5294,158.4153
297.9245,147.231,49.0459,157.452
296.7159,147.7446,48.7914,157.0487
295.1739,147.6068,48.4607,156.7711
292.242,146.7946,48.2146,157.2028
289.7743,146.6032,47.9052,156.6847
288.2762,147.4641,47.2016,155.602
286.6293,148.312,46.655,154.9865
283.9021,148.8853,47.1081,154.1343
282.3556,149.9037,46.8465,153.8886
279.8986,150.8299,46.381,154.0767
278.7427,150.2218,46.8536,154.0032
276.0702,151.5358,46.5534,153.6019
274.3484,151.7243,47.1427,153.114
274.0901,153.4504,47.5451,151.4659
273.6334,156.2149,48.2314,149.4285
272.7095,158.5403,49.0777,147.9479
272.8683,157.981,49.0867,147.5335
271.4373,160.1868,48.4138,146.3762
270.013,160.5667,48.3292,145.3442
270.7825,161.1176,47.6909,144.795
270.2293,161.5689,46.4821,145.3165
269.7861,160.8672,45.3591,146.4482
268.5477,163.7677,44.7467,145.2714
268.3819,163.8957,44.3576,144.9314
267.0689,166.0052,43.9931,144.3382
265.8744,164.9782,44.0727,144.1172
263.1313,165.1592,44.709,143.88
261.6893,165.4077,44.6122,143.4232
260.1772,164.9606,44.5566,143.5226
258.6308,164.6118,44.1014,143.9086
256.7014,165.8266,43.9527,143.4311
254.7586,166.3167,44.0021,142.9915
253.6835,167.437,43.5456,143.1695
253.2507,167.6379,43.3688,143.8577
254.2228,166.4874,43.2379,144.1933
254.6473,166.1496,43.8132,144.5572
255.8641,166.4906,44.0237,144.5056
256.351,166.4364,43.9369,143.9243
258.3961,163.5997,43.9967,144.6926
259.6168,162.8431,43.8328,146.065
259.9216,162.6096,43.5466,146.6524
258.9605,164.0691,43.3553,146.329
257.3829,162.7259,43.5717,146.2941
256.4918,163.602,42.2815,146.0343
255.041,162.7082,41.7811,146.3112
254.715,160.8882,41.2467,146.7007
253.9109,159.7668,41.1845,147.7413
255.0596,155.1457,40.4934,149.8671
254.5303,153.1874,41.2615,151.2448
252.4863,150.8398,43.2412,151.7268
248.9822,148.7603,46.9374,151.1027
245.9567,146.0754,49.6321,151.5019
245.4969,146.4141,50.4179,151.5895
244.5874,147.6062,50.861,151.7316
244.9403,145.9438,50.9978,151.0256
245.7574,147.1049,50.6483,150.6145
246.0684,145.4518,51.0105,149.5658
245.3134,146.2096,50.9921,148.0799
245.0427,145.7527,50.939,146.4668
244.8174,145.7603,51.2458,145.3631
244.8412,145.4342,51.6013,146.0868
245.7247,144.7861,52.1227,147.1908
245.3988,146.1294,52.8283,148.0782
245.3607,147.1395,53.0526,147.948
244.9048,148.2708,53.3821,146.7039
245.3133,148.6489,53.5815,145.5806
244.556,149.5691,54.1024,144.6949
245.7095,147.4347,54.6141,144.1774
245.3509,147.5496,54.2022,144.8653
246.7525,145.6729,53.7705,145.5619
246.8046,144.9614,53.7166,146.6473
246.823,144.1245,53.6826,147.1563
245.5238,144.3259,54.2835,147.2746
245.1391,145.6429,54.3881,147.6563
244.656,145.2609,55.2311,147.5866
244.0652,145.9054,56.3918,146.9752
242.7822,144.3458,57.6881,144.9883
241.8966,145.6611,58.4394,143.2456
240.7172,144.0377,59.9953,141.5249
239.7695,144.193,61.6788,140.4464
239.4149,143.0654,62.9686,140.7092
239.1066,142.3962,64.4637,141.5662
238.9669,142.7423,65.8595,142.9406
238.8966,142.0414,67.6998,143.7668
240.0582,143.0677,68.5156,145.3951
241.4786,141.2073,69.4439,146.1748
242.274,140.2981,69.7635,146.5965
244.8755,140.3827,69.12,146.6956
247.1831,140.2807,67.3673,147.261
248.5384,140.4383,66.603,147.7179
250.9442,140.4175,64.9879,148.5017
256.4122,139.4754,62.3843,148.7995
260.4714,139.68,59.3738,148.3901
264.2857,139.5728,55.9266,148.8919
275.378,141.4335,51.8693,149.512
284.517,143.9626,47.6438,151.7057
270.5724,149.1112,49.0172,153.3262
267.595,157.288,51.0369,156.1372
265.8925,168.9952,54.4132,154.8356
274.679,152.7192,56.196,155.7495
291.7455,200.6577,60.1885,148.8099
295.8108,210.1787,63.5945,143.2579
305.4388,201.9175,62.8026,141.7979
312.9895,209.8433,62.6607,139.2256
319.3173,218.5444,64.9857,133.5119
326.7534,215.6667,66.0912,130.8621
269.7992,167.5589,64.5446,135.5845
269.4832,157.1529,63.9944,136.3612
267.6479,151.839,60.0193,137.374
271.0409,153.0964,56.0487,136.8214
273.1104,155.8753,53.6906,136.2302
273.8569,155.1063,52.9778,136.2302
275.7713,154.4437,52.2847,134.857
276.2257,153.7073,51.6167,134.5744
276.2917,153.0972,50.8991,134.394
278.3269,152.9325,50.1042,133.3663
278.6564,154.8316,50.1699,133.7508
278.7897,152.9649,49.904,133.6251
278.0004,153.3681,49.6257,135.0271
277.4037,153.4908,48.9782,137.0594
277.2978,153.8422,48.3587,139.1147
278.2004,153.9453,47.925,141.1065
277.7829,154.1815,48.1001,143.4777
276.8029,153.6378,48.4322,145.7024
276.1222,153.6374,48.8025,148.2654
275.4545,153.2977,49.0241,150.409
274.8383,153.1707,49.005,152.3152
274.9228,152.304,48.8251,154.6493
273.9548,151.6317,49.2075,156.2025
273.8928,151.2266,49.6163,156.9008
272.8665,150.5823,49.7957,157.7443
272.4675,150.8821,49.4896,157.4762
272.957,151.2669,48.8365,156.8247
273.6149,151.0119,48.2826,156.4894
273.3284,151.0096,48.0322,156.2238
274.6954,149.7118,47.4071,155.9113
275.349,148.5663,47.2424,155.2686
276.8862,147.8595,46.8773,154.6263
277.0183,147.8696,46.8803,154.4838
277.5511,149.5802,46.7298,154.2327
278.4347,150.2015,46.7854,153.3231
279.2473,151.3034,47.0023,152.6343
279.7352,152.3488,46.512,153.0807
281.4357,152.4893,46.0595,152.216
282.8277,152.2743,45.8903,151.5665
283.8963,153.6896,46.1764,150.7198
283.7916,153.6929,46.3358,151.0164
283.3259,154.2697,46.443,151.5157
282.3679,155.0845,46.3866,152.0151
281.0824,155.6617,47.1706,152.2444
279.2978,156.1754,48.0879,151.991
278.3685,156.0237,48.5674,152.3822
277.5881,155.8651,49.4369,153.0749
277.0883,158.1442,50.5523,152.9185
276.4016,159.4757,50.3747,153.819
277.0743,160.1552,51.1383,154.7188
276.4613,160.8201,52.281,155.9909
276.1884,160.9739,53.5259,156.2599
274.9514,163.1897,55.9092,156.0575
274.7464,162.571,57.6612,155.3096
274.9958,161.8415,59.6847,155.1534
274.8393,162.0155,61.5486,155.5858
275.2695,161.1259,63.132,156.8072
275.7411,161.1938,63.6567,157.9543
276.6861,159.8765,63.3999,158.397
278.7667,160.2322,64.3504,157.8074
279.354,160.0405,64.3666,158.3501
279.5893,158.9868,64.1299,159.8804
279.5815,158.3877,63.246,160.0944
277.8289,157.6653,62.7297,160.5478
277.608,157.0349,62.5438,159.5943
278.5587,157.5843,61.6032,159.0999
277.7157,160.4855,61.9638,157.2078
276.7333,161.9364,62.6598,154.4204
279.3092,163.3708,61.8507,152.6597
283.2858,161.5946,59.5976,152.2527
287.276,162.3321,56.507,151.8608
291.1109,162.593,53.2009,152.0763
293.8984,161.7261,50.4305,153.5546
296.7584,161.1013,49.1182,154.953
296.8338,161.5146,49.3907,156.2825
297.4203,162.0689,49.7137,155.9593
296.8867,165.2962,49.8388,156.5437
296.0047,165.3176,49.4705,157.5213
295.9129,166.7719,49.4777,159.1027
294.9174,168.1396,50.3915,159.6006
293.0902,167.3185,51.1699,160.2252
292.0777,166.1105,51.577,160.8381
291.3863,164.2577,52.7472,161.4696
289.6321,162.4921,54.5142,162.3492
288.2588,160.4008,56.2876,162.358
286.2766,160.4896,57.6716,162.0404
286.7872,158.2342,58.1327,163.1885
288.3139,154.5715,58.7485,164.5613
290.4028,155.1897,58.5928,165.1346
292.9347,151.9337,60.1463,165.2294
298.8535,149.843,59.7588,165.7235
303.4198,146.0128,60.337,168.1335
306.0177,144.2759,59.0926,171.8487
305.9068,142.6237,57.468,174.5882
304.2127,141.2862,56.5668,174.957
302.176,139.3705,55.8405,174.8293
301.2127,137.6502,56.4612,176.1802
302.32,142.0058,57.2617,176.3336
300.846,140.6228,60.3202,173.6372
299.9176,144.2976,62.6823,170.4991
299.6142,148.1433,65.1641,167.0154
301.3662,152.0499,65.0843,164.8337
302.483,157.115,64.9257,163.5453
302.4823,160.9752,65.4576,161.1928
304.9417,162.4984,64.8923,159.4388
307.1634,163.2483,64.178,158.6806
308.4472,167.5084,63.8452,155.0966
309.5716,166.026,63.2946,154.5012
309.7036,165.1026,63.0625,154.9397
309.3908,167.9726,62.9302,153.9533
308.9833,167.0833,62.4302,153.3669
308.5393,168.3985,61.6983,152.3821
309.3308,169.2091,60.638,151.3483
310.8578,167.1451,59.5889,150.7064
310.8824,165.8945,59.2979,150.7605
311.6346,164.198,58.8569,151.0666
313.6063,164.2842,57.8561,151.201
315.7977,164.7044,56.1171,152.8381
318.0267,165.7295,55.0047,153.2391
321.9097,167.9373,53.7293,151.0693
324.4312,168.3658,53.2852,151.1346
326.5292,168.2641,52.8022,151.5229
329.3276,169.4051,52.3707,150.3787
330.8047,170.2856,52.7121,149.8183
332.3727,172.3515,52.5245,150.6464
334.3325,171.7443,52.3906,151.9698
336.1583,173.0976,52.9597,152.113
337.6857,172.1113,53.7711,151.4947
339.1195,173.2712,54.7772,151.5032
340.8607,171.7683,54.8985,153.6046
341.6287,170.8639,54.9781,155.6183
343.3901,170.0762,54.5647,156.4077
343.8321,170.0133,54.7835,156.8255
345.0793,169.3535,54.621,157.4537
346.8518,168.1189,54.3611,158.0963
348.1748,167.767,54.6944,158.9291
349.5776,168.1533,55.2426,159.2577
351.8627,168.34,55.0639,160.0181
354.7474,168.2484,55.0253,160.5038
358.2022,167.2586,55.4258,160.319
361.91,168.8744,55.4061,161.2581
364.8165,168.8959,56.0701,161.7807
366.4969,168.7356,56.7556,162.7946
370.2974,167.9812,56.6185,163.7448
374.2604,166.8758,55.9509,163.5472
377.4396,166.463,55.4688,163.9811
381.0511,166.5336,54.3628,164.4293
384.2845,165.9385,53.0971,164.0156
387.2764,167.0045,52.1914,163.4965
388.8817,168.3573,51.6034,162.782
391.0684,169.6139,51.329,160.4034
391.4603,170.1188,51.4076,159.1496
393.5424,170.3342,51.0338,157.779
394.5574,170.4523,51.3868,157.0993
394.9374,172.7823,51.5404,158.6974
394.6561,174.7295,53.567,160.792
395.1219,176.2294,55.5533,161.4396
394.9535,178.295,58.6991,161.2478
395.3648,180.047,61.3919,160.8745
395.5212,181.1992,64.1617,161.404
396.092,181.1372,66.7186,161.1858
397.011,181.313,69.6694,160.172
398.1099,182.8077,72.5638,160.0218
400.8222,182.1079,74.6464,160.6364
402.8634,181.2716,75.6334,161.7492
406.2379,176.6866,75.9872,163.4104
411.2254,173.0858,74.6805,165.9422
415.5805,171.6116,73.114,166.7862
419.5888,167.9895,70.3764,168.7682
422.9049,165.6622,67.071,169.9496
426.4049,163.5769,65.548,170.3922
427.7492,163.4073,65.4765,171.282
429.0738,163.6643,65.7791,170.9725
430.4005,162.6124,66.0402,170.9508
429.0087,165.234,66.3305,171.6144
428.6597,163.0002,66.2232,171.7124
428.1711,163.7109,66.131,171.1742
427.9647,162.1502,65.4248,172.6815
425.9618,163.1383,64.8225,173.8638
424.5825,161.9667,64.8247,175.9703
421.9223,163.8887,64.8478,176.379
419.8973,164.7218,64.2287,177.1106
417.6838,164.3497,63.9732,177.9332
414.0895,165.8555,64.1225,178.0851
410.6571,165.8854,64.6152,178.3223
407.3026,166.1863,65.0511,178.2033
403.932,166.2783,65.5432,176.4235
400.9767,164.5188,65.4211,175.4638
397.7628,164.048,65.2125,174.3708
396.1174,163.3003,64.9375,174.6665
394.4569,164.2541,64.6477,173.9775
392.3584,164.1298,65.18,172.9859
391.5784,163.447,65.1723,172.7827
390.4701,163.7261,65.2411,171.4588
391.0645,163.2863,65.2015,171.1122
391.2622,160.9593,65.4537,170.8466
392.127,162.5578,65.5642,171.9973
391.8663,161.128,65.4657,171.5135
392.8749,160.6305,64.659,172.2966
393.0098,158.8697,64.062,172.2961
394.3246,158.1224,63.6241,172.483
394.8274,157.4889,63.6616,172.2643
395.4383,159.0649,63.8771,172.4455
395.7881,156.175,64.0073,172.9407
395.674,156.8428,64.0105,174.0782
396.4582,154.6553,63.5503,175.25
396.6651,154.4618,63.3236,176.6197
397.0666,153.4501,62.3789,178.8733
396.9834,153.3912,61.995,178.8849
397.6992,152.6719,60.7387,178.7329
398.2991,151.2757,59.7943,178.3763
398.1782,150.2428,59.5457,178.8074
398.6097,146.96,59.6968,179.3215
397.8435,145.3566,59.304,179.9372
397.5552,145.6011,58.8908,179.6982
398.1411,145.1022,57.3915,180.5786
399.4085,143.1982,56.584,180.3003
399.6433,145.1557,55.5654,179.4345
401.0273,145.6652,54.5061,179.7972
401.6302,146.2975,53.778,178.9785
401.9833,145.9715,53.4455,178.2858
402.8953,146.1431,54.1575,179.5562
403.065,146.0846,55.3495,181.043
403.7566,143.7819,55.8175,182.9312
403.9038,143.1893,56.5595,184.5077
406.3186,141.8082,56.7021,185.9778
408.6836,141.1848,55.9035,185.8965
410.3855,140.7937,55.1886,185.1144
411.3934,140.6266,54.4375,184.3522
412.8906,140.802,54.3574,183.5474
412.679,140.7191,54.7997,182.9665
412.1531,140.4657,55.2941,182.8321
410.0295,142.5457,55.0375,182.9558
408.0777,141.1746,55.4868,181.8508
405.8932,141.9031,55.9631,181.825
402.0748,141.2428,57.2388,181.0676
399.1019,140.0817,57.452,181.6708
395.3688,138.9947,57.2894,182.3669
391.5571,138.2555,57.3736,183.7908
388.0171,136.2641,57.9584,185.195
384.9719,136.2082,58.0017,186.8811
381.9994,136.1003,57.923,188.2213
379.0628,133.2692,58.1209,188.9763
376.7934,131.3379,58.2862,189.3728
374.2151,131.001,57.5925,189.6014
372.6516,130.3841,57.9026,189.0075
370.5966,130.0348,57.9166,189.0675
368.9153,130.7652,57.4924,188.9924
367.4668,130.7032,57.3052,188.7939
366.6333,130.6924,57.2849,187.8673
365.7399,129.6541,56.8416,186.4969
364.7698,127.8075,56.7761,185.1707
363.7655,127.4812,56.4548,183.0766
363.3784,126.7762,55.8473,181.5357
363.0484,125.9739,56.1144,181.3499
362.7067,124.3283,56.0144,181.7093
361.9427,123.815,57.1432,182.8728
361.2516,123.6302,57.7524,184.5565
359.6459,123.3592,58.9729,184.6583
358.4567,122.3244,59.9889,184.6454
357.5246,122.8091,59.8747,183.9345
356.6837,122.6237,60.1699,182.6324
356.4476,123.2123,59.6607,182.0488
355.1264,123.0399,60.507,181.0669
354.9493,122.9055,61.4822,180.8593
354.1349,123.4002,62.6429,180.3432
352.399,123.5801,63.3504,179.607
351.7478,123.5738,63.1568,179.8145
350.4003,122.7257,62.9812,180.3603
349.2401,123.2369,62.933,180.1274
348.3268,123.3291,62.4151,179.7541
347.4264,124.62,61.3731,179.9362
347.6505,125.2924,59.7827,180.4405
346.7196,126.9104,58.4418,181.0723
344.936,128.0104,57.4943,180.368
344.1779,127.9218,56.7332,179.8848
343.1293,130.0427,56.0751,179.3216
341.0832,129.5395,56.0276,179.3152
339.5415,128.8405,55.8824,180.1024
336.804,129.3426,55.559,181.0339
333.7902,130.0742,55.232,180.8656
330.5907,129.6397,55.2226,179.8596
328.0868,127.7229,54.5953,179.6727
324.6703,126.2327,54.66,180.8418
322.0338,126.1825,54.2919,181.3756
319.1662,126.3926,54.1624,181.8684
316.4978,129.4819,54.1197,182.9681
313.7127,129.8683,54.2739,182.9596
309.8578,130.3854,54.2799,183.4284
306.7162,131.5956,54.4283,182.3755
302.4244,130.74,55.5712,181.0072
298.4381,129.8087,56.4816,179.9256
294.5597,130.516,57.4733,179.2421
291.0874,130.8969,58.7451,178.509
288.6633,129.7865,59.3744,178.5506
287.3742,129.4267,59.9111,177.6543
287.5051,130.4586,59.9234,176.2039
288.1333,131.9344,60.3378,174.2757
286.5761,132.3463,62.7481,172.269
282.2702,132.6997,65.4268,170.0564
280.5364,134.0685,66.4445,168.8723
277.6182,135.5057,66.9329,167.7277
278.0592,134.3439,66.3719,168.3134
278.8883,135.889,65.277,168.977
278.0977,136.5455,64.1674,168.9128
278.9118,137.0288,62.5891,169.9235
280.1988,136.2442,61.2283,171.5171
278.9972,135.414,61.0507,171.7393
278.591,135.2568,60.5541,172.2634
277.9927,135.847,59.7887,172.7204
274.8584,138.3841,58.9706,175.4376
273.5817,137.6767,58.8078,176.8958
271.048,139.6849,58.8448,179.2624
270.4606,140.0977,59.1432,179.2752
269.8353,140.4218,60.6134,178.2836
267.1939,141.695,63.7499,177.4359
264.8482,142.4144,67.0794,176.7409
263.3285,141.7478,69.14,176.044
260.8984,142.5618,70.8619,174.5668
258.8644,144.5149,72.0872,173.6468
257.0259,146.7384,72.6498,171.718
257.3562,147.6937,72.1064,169.9175
257.1847,148.5016,71.64,167.9419
255.9688,151.5272,71.1154,166.8418
258.3178,153.8205,71.2568,165.6514
260.0605,155.3228,70.4011,165.8586
261.4129,156.8734,69.4856,166.1969
262.1848,156.5779,68.298,167.8461
262.0161,156.8231,68.1595,168.4649
263.4623,158.2537,68.3784,168.9199
266.1649,157.9119,68.4059,168.4641
267.9612,157.0762,67.9006,168.3862
271.1096,156.2835,66.257,169.0549
273.1491,154.0375,65.253,170.628
274.9099,152.9446,64.3648,171.2655
276.2383,150.5173,63.4643,170.3097
278.3169,149.6705,61.8488,169.4308
278.7563,148.9482,61.6822,168.3462
277.5282,149.28,61.4528,167.4306
276.5988,148.8443,61.5413,168.0734
275.7306,148.2157,62.2585,168.6515
273.905,150.0792,63.4832,168.8984
272.7954,149.1048,63.3089,171.2557
271.7505,147.6502,63.9854,172.6255
269.2892,150.2927,65.3165,173.2669
267.5764,149.8727,66.3308,173.3665
266.1278,150.9308,67.4907,173.8133
264.4456,146.471,68.0914,176.3528
262.3259,146.3946,68.7752,177.576
260.5449,144.2438,69.2038,179.5421
258.3406,143.4906,69.4835,180.0667
256.2009,141.9602,68.322,182.2658
254.7913,140.2359,67.6641,184.7859
254.7597,139.1337,66.4647,186.3217
254.9749,137.3072,66.0431,187.7409
254.6764,136.7888,66.0188,188.0655
254.1056,138.6805,65.1171,191.5493
254.5173,143.0135,65.1768,192.5368
254.3995,137.1235,65.0889,194.2417
254.0504,144.1892,65.3059,194.3882
253.851,145.6772,65.945,191.8796
254.6347,147.2875,65.4732,190.826
255.2933,146.2377,64.7213,192.2157
255.8157,144.9801,64.1779,193.1705
256.0043,144.4756,64.4141,192.4325
256.4144,148.6177,65.5311,190.5904
256.6374,149.0957,65.7207,189.9314
255.8613,151.9258,66.4958,187.5609
255.0626,150.4767,66.751,187.3885
253.7202,149.1267,67.5801,187.3744
252.3026,147.678,67.3864,187.9626
252.0214,145.3543,66.7612,189.2684
252.7293,142.5102,65.3352,190.3753
250.1095,141.1818,65.5006,191.0207
247.898,145.5066,66.3235,190.96
245.8725,141.984,67.3408,188.8765
243.9495,137.5905,66.77,187.7008
242.4624,133.8875,66.5857,185.6235
241.564,136.9146,67.1046,181.914
240.2161,135.1744,66.6131,180.2371
240.293,133.4919,64.8227,179.2592
239.5309,135.5798,64.3818,176.2223
239.2756,134.3925,64.101,172.8748
238.9491,133.4637,63.3533,171.0535
239.5687,137.904,62.5906,168.5077
241.4034,139.3673,62.5435,164.9349
242.094,141.3559,62.2892,161.3222
242.9422,141.7137,62.3008,160.0066
244.8518,140.9027,61.261,160.2217
244.0698,140.366,60.8862,161.1613
245.9208,138.7872,60.8907,162.5136
247.5386,135.9921,60.7494,164.4388
248.466,131.9351,60.3175,166.9943
248.9737,128.2782,61.2037,168.5469
250.1809,126.1628,62.099,170.9949
250.9686,119.4217,62.1258,175.4582
252.1581,119.9898,62.5461,176.2876
252.5771,118.3813,63.0641,175.6302
254.3458,118.6523,63.1882,173.2888
255.4602,114.8542,62.4059,173.6591
256.2781,115.1136,60.3993,172.9341
257.1931,111.1747,60.9169,171.4358
256.6877,111.6134,61.4086,169.3009
256.6937,110.5091,61.2738,167.9461
255.5582,107.7807,60.5275,167.6878
255.3808,107.3667,59.8453,168.2943
255.2325,106.2076,59.356,169.6972
254.8918,106.059,58.9394,169.8922
254.0196,105.5735,58.5139,171.1478
254.2756,105.5321,58.2676,171.3128
253.2431,104.4423,58.8854,171.8122
252.2404,104.0696,58.986,172.0224
250.9308,102.0533,58.641,172.1129
250.5899,103.2021,58.6022,171.0212
249.3458,102.1838,58.4643,170.4752
248.4603,99.7083,58.2089,170.2055
248.0561,98.3946,57.6809,169.6013
247.1627,96.8334,57.7595,170.3212
247.3029,94.7225,58.003,170.6629
247.0617,91.7251,59.0511,169.1767
245.9531,90.5837,60.4681,168.6226
245.9855,89.3116,61.0852,167.5648
244.0709,87.97,59.5061,168.1224
244.7871,86.0938,58.6748,168.5501
242.9209,83.1557,58.3571,167.9677
241.994,82.1976,57.7067,167.3628
241.7394,82.7708,57.6506,164.4635
239.7147,81.5467,57.452,163.1518
237.7329,79.4948,56.9592,163.1838
237.0015,77.2101,56.451,163.9832
236.2735,79.11,56.6493,163.2344
235.3942,77.3973,55.6243,164.7185
234.5801,76.4032,55.5633,166.0391
234.1095,76.0384,55.6881,167.0157
233.643,73.6622,55.2605,168.4361
233.4178,70.3302,54.8514,170.4709
233.377,68.819,54.5578,172.0227
232.7712,65.762,55.0127,173.1059
232.3186,62.917,55.4606,173.4906
233.0066,58.9775,55.557,174.6203
232.3127,58.2594,55.8344,174.6263
232.727,54.483,55.5784,173.9862
232.1397,53.4067,56.1493,172.3689
231.9468,50.1717,56.0822,170.6862
231.1605,49.7975,56.2062,169.4257
230.9635,46.8527,56.0038,168.2518
230.8578,44.4278,55.5355,168.4703
228.4074,44.167,55.706,167.231
228.0221,42.8482,55.3573,168.006
227.8605,41.4988,55.1241,168.8084
226.1373,41.266,55.1491,168.7794
225.1731,40.9328,54.7997,169.2602
223.9964,41.2388,54.3545,169.8595
223.1616,42.0995,53.8711,170.2904
222.569,42.0991,53.8826,170.9419
223.1241,42.1142,53.3041,172.1573
223.4781,44.4354,53.0667,170.7699
223.6507,43.6067,53.1231,170.0553
222.7507,41.0479,53.327,170.1702
221.4823,39.6231,53.4934,170.396
220.2122,40.6267,53.801,170.4268
220.8865,36.7548,53.2191,172.4518
222.1231,34.4237,52.3205,173.6327
222.9182,31.6861,51.7618,174.1413
222.4887,29.7097,51.9238,172.3936
222.4105,27.6579,52.0132,171.5922
221.881,27.2839,52.5172,170.7829
222.4366,25.5924,52.5969,171.2417
222.1214,26.1704,53.2147,171.1875
220.4654,25.4651,54.0294,170.7146
220.7718,25.6534,54.5836,170.0535
220.944,26.9899,55.3206,169.251
220.8301,27.5922,55.6264,169.0963
219.5612,29.2145,55.906,168.6572
220.808,29.4308,55.2123,169.0599
220.4333,29.5745,55.1575,169.0516
221.607,32.2363,55.1627,168.0176
221.9785,30.8919,54.1439,167.6916
222.1576,33.7522,54.0869,166.9349
223.1194,33.8873,53.5507,164.8057
222.9663,34.3167,53.6529,163.1332
222.4673,33.9084,53.9522,161.9578
222.1884,35.0371,54.2802,159.4772
221.6267,34.0607,53.892,156.8048
221.9435,34.4457,52.5538,156.7177
222.4223,33.1068,52.2606,155.2068
222.4863,35.725,51.8751,154.4211
222.2189,33.4072,52.009,154.3532
221.95,34.147,51.9858,153.601
221.6948,35.0833,52.9575,152.3515
221.1629,36.0038,52.8157,152.7202
222.3494,37.5803,52.1402,152.3871
222.5891,40.7487,51.489,151.6469
222.981,40.5061,50.7504,151.466
223.9102,44.5935,49.7718,150.3821
224.4936,49.0272,49.6446,150.4863
224.9332,55.8595,50.1984,149.7026
226.1643,56.528,50.2792,149.7473
227.323,60.1202,50.5991,150.5969
228.5307,63.7392,50.5495,151.8387
229.0435,65.1628,50.5617,153.3225
229.6295,64.5017,50.7755,155.4665
231.0526,62.7329,50.9437,155.8078
232.7521,61.2894,51.3334,156.3019
234.8787,60.7445,51.3616,156.3059
238.1675,60.7018,51.2608,155.1691
240.6754,58.4764,51.5086,153.2798
242.8115,58.6771,51.7885,152.2302
244.7281,57.0237,51.4693,152.2743
246.8017,58.5984,51.5557,151.4512
248.2953,57.9052,51.6019,150.4751
250.8822,56.9991,51.9864,150.8514
252.5338,56.821,52.2393,150.7584
253.0686,58.2111,53.4499,151.0946
253.4117,58.3148,54.5387,151.1628
253.0015,57.7973,55.7138,152.6019
252.4579,57.1279,56.7211,154.5497
253.0517,56.7452,57.8552,156.5702
253.2968,57.9853,58.6884,157.8594
255.561,59.0134,58.3351,158.5144
255.3962,56.7151,59.0512,159.5241
255.0261,54.8142,59.3606,160.8739
253.6265,54.084,59.412,161.6742
251.9485,52.8781,59.3793,162.058
250.9919,51.1289,59.1094,162.5236
251.4023,50.4132,58.1832,162.5927
251.7981,46.8195,57.6978,162.4994
252.0281,46.4691,57.9892,161.3876
252.6136,45.4577,58.0392,160.9774
253.9668,46.0672,58.3787,159.9485
256.4081,46.719,58.0146,158.7613
258.1195,47.6124,57.4209,157.429
268.6952,41.9431,58.2939,156.0668
267.7096,40.5027,58.8127,154.8696
268.9265,42.136,58.8718,154.2335
269.3086,42.8984,59.1002,153.3013
281.8908,40.617,58.0314,154.9424
280.1435,39.9384,58.9412,154.5929
280.1202,41.8397,58.6886,153.4135
280.7307,44.8261,57.9448,152.2861
293.3209,43.3879,57.0032,152.0085
293.8174,42.6642,56.0739,151.5864
295.1891,41.5286,55.1157,151.1895
295.6602,43.1639,53.5762,151.6221
297.7863,44.1128,50.7376,154.173
297.7685,42.5032,50.3335,153.5908
300.1278,44.6951,48.7475,154.4196
301.8511,44.6644,47.8215,155.318
302.7669,44.7436,47.6807,155.6995
304.0705,44.5095,47.6909,155.8975
305.8617,46.8078,47.9101,155.5438
306.9834,45.9964,47.9508,155.5102
308.8055,46.6638,48.3986,155.1174
309.31,47.0861,49.1658,154.3713
309.6673,47.6447,49.5064,153.6743
311.2916,49.179,49.6075,151.8455
311.6558,51.374,49.5513,150.6209
311.4269,49.7829,49.0985,149.2018
312.1346,50.4166,48.5788,147.872
310.8322,49.4963,48.7863,147.7386
309.9713,48.8133,49.5644,147.0634
309.8089,49.9361,51.2972,145.4565
310.6796,48.4861,52.4058,144.8471
312.1268,49.3894,53.0662,143.9954
313.166,47.7966,53.1838,144.3367
314.3275,46.6743,53.1449,145.7741
315.1925,46.2302,52.7873,147.1283
316.6525,44.6614,52.2731,148.4893
317.2504,44.8882,52.0237,150.4969
318.0289,43.7407,51.7362,153.3579
317.6513,42.9784,52.9997,155.2615
318.7352,42.2478,54.0486,157.1793
319.6171,42.0838,54.9508,158.4326
320.4446,42.2217,55.1263,161.0366
320.5622,42.6599,56.4427,162.0879
320.5632,42.2055,57.9561,163.5601
321.5,41.3796,59.0458,164.8611
323.1421,39.0421,59.4507,166.048
325.0194,37.4417,60.1142,167.9136
325.9484,37.2722,61.2151,169.0601
328.2193,35.5149,61.2389,170.4196
329.7191,33.5949,61.5948,170.9361
331.4197,34.4132,61.1065,170.7392
332.7291,34.6853,60.6415,170.4342
334.3329,33.3995,60.4843,169.2755
334.2517,35.0403,61.6013,167.1289
333.0532,34.6012,62.408,166.5379
332.8586,33.8673,62.2562,166.7303
333.1178,30.683,61.7389,167.5663
333.5947,33.4941,60.9755,167.2742
334.7819,30.6612,60.0257,166.8504
334.1453,28.9403,59.9135,166.8939
334.0797,30.4624,60.3191,166.2767
334.318,30.8289,60.8474,166.0757
334.5623,32.0329,60.1979,167.5527
334.7995,30.9837,60.0579,168.6774
336.0118,31.9026,59.9272,169.0855
336.2789,29.6803,60.4177,169.8786
336.4761,27.7762,61.4669,170.2108
334.7445,26.0104,62.9766,170.3819
334.6128,23.7392,64.6188,170.5226
334.3129,25.0105,66.1711,168.0264
334.8659,21.4674,65.709,168.9002
335.2987,20.7454,65.7464,168.1633
334.8139,21.3029,65.8714,166.5342
335.5588,18.7936,65.4096,165.3758
336.2794,19.8464,64.9569,163.3538
337.2415,18.5371,64.2818,162.1464
337.875,17.5076,63.186,161.2151
338.4337,16.7457,62.1481,160.4329
339.795,16.7649,61.2813,158.8852
341.4126,17.1217,60.2522,157.9213
343.106,18.0368,59.2922,156.673
343.9575,18.451,58.5246,156.0242
344.899,18.5641,58.0062,154.5314
345.1888,19.1647,57.9468,153.534
345.5864,20.2166,57.4379,153.0101
346.2091,20.6703,57.1005,152.4194
346.7995,22.371,56.6599,151.4201
348.3895,23.4223,55.9239,150.6355
350.5285,25.0658,54.9603,150.647
352.0452,25.1506,54.9221,149.042
352.7938,26.1099,54.9141,147.253
352.8959,27.209,54.7023,145.9488
352.809,28.7872,54.614,144.9501
352.2994,29.8379,54.942,144.8094
352.2859,30.3186,54.6327,144.9175
353.5971,30.9162,54.4236,144.8649
354.3343,31.7216,54.015,144.854
355.3984,30.8955,53.8927,145.3406
355.742,33.8726,53.4909,144.2851
357.5682,34.441,52.4973,144.966
357.7497,32.9283,52.3197,145.3074
357.8144,32.554,52.477,144.9033
358.5971,33.9875,51.908,145.0219
357.9803,33.5026,51.3826,146.0445
357.5683,34.5485,51.5599,146.4451
357.3285,35.1258,52.0445,146.2207
357.411,35.8057,52.4854,146.4533
357.8114,36.2048,51.911,146.6289
358.329,37.7811,51.6978,146.074
358.7096,37.5799,51.5657,145.5884
359.6792,37.7095,51.4163,145.1868
359.9388,36.03,51.0766,145.346
360.7082,36.2898,50.4819,145.1392
360.787,37.1526,50.3686,144.8006
360.7799,38.705,49.7497,144.3869
360.2389,38.7775,49.576,144.4627
360.682,39.8724,49.6007,144.5651
360.8354,39.7378,49.1754,145.3978
360.875,40.8623,48.5419,145.2087
360.86,42.9137,47.4859,144.3083
359.0161,42.7432,47.6409,142.2124
356.871,43.669,47.0733,140.794
355.0711,45.1058,46.0284,139.3475
354.5965,45.5719,45.2224,137.5633
353.4262,45.9622,44.4642,136.3232
352.357,46.92,43.7887,135.3519
351.5508,48.0134,43.3209,133.7057
351.0382,48.3617,42.7265,132.0776
351.8954,47.8867,41.9075,130.9718
351.643,48.7306,41.4542,131.0131
352.0805,48.4697,40.6842,130.6986
350.4103,48.0081,40.5446,131.037
348.7036,48.7718,40.3076,130.6187
347.5146,47.5237,40.3344,130.8697
346.1417,48.3104,40.0794,130.6973
345.7514,46.4853,39.8367,131.4038
344.3575,44.7691,39.954,132.1124
342.8632,43.8044,39.7563,131.9744
341.3514,42.9854,39.7498,131.74
338.7991,42.9946,40.0178,131.1811
337.1037,42.166,39.9107,131.1055
336.4666,40.4771,39.2994,130.9966
335.2198,40.9526,38.7093,130.4944
334.4842,40.2354,38.1524,130.8302
332.6241,39.8538,38.4184,130.9797
330.3493,39.9864,38.5134,130.9415
328.0275,39.7895,38.6791,130.812
325.4683,40.1176,38.9407,130.4592
324.5629,39.7352,38.909,129.1758
322.6133,41.0143,38.9705,128.5694
321.6847,41.6079,38.9875,128.3657
320.4698,41.9565,38.8408,128.4715
318.4488,41.1737,39.1358,128.0779
317.2281,41.1477,39.0506,127.3794
315.0116,41.4752,39.1171,127.3043
314.1982,41.6856,38.713,126.9761
313.3829,41.7754,38.6612,126.7854
311.1682,41.3787,38.7621,126.399
310.1555,41.4824,38.5457,125.6074
308.5838,40.7742,38.4515,125.1482
306.7652,43.8172,38.1987,124.1865
306.8229,44.5279,37.5407,123.4521
305.6456,43.4622,36.9639,124.165
305.1648,45.297,36.4686,123.083
304.7019,44.5656,35.9121,123.1446
302.0928,46.711,36.1659,121.3163
301.2062,48.3433,35.1331,122.0385
298.4931,47.8384,35.2633,122.7425
296.9143,47.6064,34.8779,123.572
294.0865,47.9306,35.4047,123.2187
290.596,47.5032,36.5087,124.8432
286.9328,46.8225,38.3154,126.1089
283.029,46.7571,41.232,126.6576
280.7593,46.0875,42.7718,128.7622
278.7423,46.0543,43.5725,130.3192
278.9109,45.2654,43.8135,131.4199
279.0821,47.2619,43.8106,131.6699
280.1542,46.814,44.4169,132.2366
281.785,47.6422,44.6752,131.7831
282.4858,50.8435,44.2993,131.0903
282.87,53.565,44.494,130.3959
283.1455,52.5591,45.1314,129.8727
283.226,53.9259,46.4086,129.6214
283.4461,54.2959,47.5799,128.8508
282.9704,54.7941,48.5168,128.4933
283.3097,56.6237,48.7842,128.5783
282.4931,56.5745,49.0662,128.0857
282.3161,57.7519,49.0006,128.0836
281.9555,57.8611,48.9557,127.5521
281.4003,59.295,48.4088,127.026
280.8511,60.5754,47.1848,126.6865
280.4201,60.2626,45.8112,126.6943
279.547,61.3459,44.2369,126.1609
279.3468,59.812,42.7211,126.1273
279.6179,60.4297,41.2579,125.7465
280.5226,60.6353,39.5585,125.9427
282.0155,60.9145,38.081,126.2074
282.9853,59.8597,36.9153,126.3329
283.0247,60.2413,36.1967,126.1819
284.2816,58.219,35.7847,126.3635
283.7445,59.5586,35.707,125.5458
285.03,59.2265,35.8748,124.1826
284.5875,58.9972,36.2073,123.209
285.0242,60.6081,36.9421,122.0409
285.9594,60.2597,38.0174,120.8031
287.7688,61.8981,38.3168,119.7338
289.2867,60.7802,38.7346,119.0942
291.2898,62.4519,38.8656,117.9183
293.6812,63.9069,38.733,117.6877
297.6875,61.8094,37.6888,118.5874
301.2775,61.2135,36.5504,118.6848
303.4181,62.1069,35.8251,118.5264
305.761,61.0108,35.0278,118.9224
307.5329,60.7832,34.8084,119.0443
308.8627,61.0216,34.4511,119.5921
314.9573,57.2713,35.3016,120.6707
314.4362,59.3918,35.2367,121.6482
315.0433,57.6651,35.0589,122.8671
317.0075,57.8373,34.7048,123.5015
319.4107,58.8905,34.421,123.7483
321.2634,56.6455,34.6183,124.5503
323.4922,55.7584,35.0817,124.679
324.7541,57.1333,35.8394,124.72
326.0005,56.5148,36.3304,125.4841
326.4478,57.0329,37.9188,126.5511
327.2072,55.494,39.1852,127.0959
328.6629,54.9707,40.4108,128.317
330.258,53.8464,40.6608,129.1425
331.775,53.4001,40.5782,129.1569
333.3837,51.8173,40.5467,129.8466
334.2647,53.1858,40.2675,129.7979
334.8974,53.3577,40.4297,129.9717
335.4045,55.1193,40.7648,129.0189
335.0557,57.927,41.2106,127.1353
334.9896,57.8245,41.2936,126.0839
334.0537,57.6552,41.0494,125.6033
333.9699,57.0733,40.4631,125.3007
334.2048,57.0812,39.8231,125.4493
334.0552,54.9284,39.485,126.2532
332.5698,54.4702,39.8711,126.6909
330.4204,53.8365,41.0184,126.6086
327.8773,52.8792,41.4287,127.7788
325.6058,48.8538,42.4191,129.6659
325.0081,47.8389,43.1807,132.2703
324.1788,46.6827,44.3129,134.524
322.68,48.0698,45.9802,134.6067
329.6891,52.1652,49.9585,130.6442
324.0334,48.1633,52.0153,130.1379
353.7897,61.1958,51.7652,124.3103
355.1097,62.1827,49.3195,121.5452
361.8801,67.3618,49.1171,116.5584
361.6936,65.6062,46.5113,115.4869
364.3051,65.4178,43.6184,115.0847
367.0678,66.3753,41.1907,114.1004
369.534,66.3606,39.8406,113.1877
372.0627,66.8277,38.5905,111.7246
379.1311,68.1116,38.4033,110.9135
380.5297,67.3873,37.9835,110.489
382.3804,68.0882,36.2775,111.4438
384.8414,67.1595,35.0236,111.2911
387.1479,67.0798,33.7093,111.0666
389.5977,67.2857,32.8695,110.831
397.4689,68.277,32.4781,111.9976
397.1447,68.8817,32.8695,111.8951
398.4664,67.9447,32.5547,112.2861
399.7514,66.677,32.5806,112.6928
400.5632,66.6595,32.377,112.2985
401.4882,65.821,32.6136,111.9458
400.9794,65.9282,33.1963,111.8042
400.8076,67.5612,34.0155,111.3558
400.4679,68.4764,34.319,111.2008
399.306,70.2315,34.8652,111.5715
399.6685,70.7258,34.7047,112.2807
398.8146,70.1875,34.4455,113.4616
398.7069,70.4381,34.1398,113.7765
396.9401,71.3075,34.179,113.5027
395.3938,72.7145,34.3321,112.9172
394.7118,73.4869,34.4842,112.0061
393.7975,75.2245,33.8881,111.147
392.6681,74.5418,33.5229,110.6641
391.1608,76.7393,34.106,109.2096
389.8371,79.2368,34.4126,108.1661
388.4259,81.9499,35.2377,106.4874
387.1071,84.7081,36.0844,105.0831
386.3392,88.3959,36.772,102.7347
386.9437,90.9823,36.8766,101.8688
387.4022,93.535,36.1846,101.5206
387.2873,94.4971,36.5414,100.2325
389.1287,92.7155,35.2625,101.9057
389.9088,92.4993,33.9203,103.7525
390.0997,92.2829,33.5726,104.7998
389.2251,93.9003,33.4365,104.4325
389.6255,95.4748,33.1627,104.8
389.4449,96.6848,33.1668,104.9087
389.3359,98.6673,33.5106,104.6876
389.9575,101.6183,32.9877,105.2312
388.9613,101.9192,32.6405,105.7241
387.7148,102.8403,32.6945,106.6268
388.0325,102.2222,32.3231,107.832
387.5063,102.2751,33.0923,109.1903
387.8397,103.1229,33.4082,110.0047
387.5034,104.9004,34.0096,109.5743
386.9232,106.588,34.4845,108.964
387.0089,107.623,34.3875,108.665
387.4763,108.8731,34.4924,108.3139
388.6508,109.3623,33.9191,107.7694
389.6466,109.8878,33.7485,107.9113
390.8588,109.9254,33.4788,107.7927
391.3391,110.7487,33.4332,107.5358
385.1295,104.5203,34.4474,109.0852
387.5201,107.2168,35.2427,109.04
389.2607,112.1695,35.2569,107.0945
391.4729,113.7327,34.4567,105.9373
392.6416,113.924,33.9159,105.4034
387.777,114.4098,33.236,105.9409
389.9722,115.1416,33.0803,106.0835
385.3291,115.9672,33.3877,106.0655
387.4894,120.1987,33.9594,104.3379
388.9736,123.3411,33.848,104.1272
388.9506,125.1361,34.0041,103.9054
388.748,127.6996,33.7927,103.8728
387.0776,129.0909,33.5533,104.2773
386.6785,131.0151,33.32,104.8337
385.1125,133.3627,33.8706,104.7429
386.0145,137.3353,34.7752,105.3815
386.8918,138.4372,35.2476,104.9003
387.1738,140.7524,35.4588,103.7944
386.6399,144.3493,35.7134,102.7488
385.2987,145.6836,35.0367,101.5316
384.5383,148.0641,34.0137,100.0543
383.8633,148.5744,33.3128,99.4112
382.6531,148.4337,33.3627,99.4721
380.3088,149.6477,33.0342,99.5175
378.7083,149.5356,33.3749,100.1169
377.9678,148.8098,33.776,100.1085
376.2805,149.0146,34.0896,98.9717
374.1791,150.3117,34.8426,98.4347
373.3317,150.1673,34.8167,98.4355
373.2611,149.779,35.3177,98.7943
372.8699,149.445,35.3614,99.2011
372.9094,149.45,35.078,99.3383
371.0574,148.0423,35.0264,99.9636
369.962,146.0233,35.3971,100.9931
368.5152,144.5051,35.5219,101.7768
366.2992,143.2791,36.3051,102.2675
365.9378,139.6288,36.5604,104.0147
365.3937,137.8428,37.4802,104.2208
364.5731,135.2855,36.9135,106.8557
364.099,133.1351,37.0185,109.2609
362.6246,130.7139,37.4683,111.228
362.6679,128.4666,37.6752,113.3231
361.5805,126.6342,38.6361,115.2718
361.2252,124.0621,39.5313,117.4542
361.4483,123.4753,40.3293,118.9048
362.147,122.2642,40.8299,121.1877
362.7248,120.0214,41.7462,123.8984
362.6387,119.0301,42.0186,126.9167
362.4551,119.609,42.7818,129.0439
363.4919,116.7634,43.5938,132.1855
362.9631,117.0398,44.6626,134.3387
363.1379,116.7778,45.6865,136.4242
363.6285,116.0377,46.594,139.7329
363.1583,115.4398,47.7407,142.0103
362.9075,115.4692,48.5527,143.9201
363.937,115.1389,49.0416,146.3354
363.898,116.7584,49.7477,146.9684
363.345,114.9928,51.1432,149.7545
363.6785,114.2885,51.8053,151.8498
363.6879,115.6125,52.8646,152.4073
364.473,116.093,53.9511,153.1511
364.984,118.661,54.4357,152.53
367.1626,120.2646,54.1043,152.9403
370.5579,123.0375,53.7908,151.8418
374.2124,122.2757,52.5993,151.2399
377.3082,126.7008,51.8241,147.273
381.4366,130.7237,50.8903,143.4977
385.0906,133.4611,49.2849,140.9114
388.4823,133.2814,49.1576,137.8966
392.6775,132.9821,48.5775,136.7452
395.458,134.1286,48.3674,135.4312
397.8578,134.9659,48.5108,134.9118
400.1508,135.2148,48.7207,134.8256
401.3157,134.5291,48.718,135.7888
403.3878,131.8285,48.6827,136.5016
404.1523,132.1778,48.9893,137.3139
405.079,129.7654,48.6844,140.4525
406.3346,128.9008,48.9563,142.6457
406.273,130.0941,48.9452,143.8506
406.1029,130.6067,49.545,145.3968
406.3189,129.8654,50.2096,146.9401
404.3484,127.8863,50.7235,149.0232
402.9779,126.4353,50.6639,151.494
402.9519,124.4309,50.7919,153.3687
402.8414,123.3549,51.5439,154.7283
402.816,121.499,52.2162,156.1718
402.032,120.2336,53.0821,157.7704
400.1683,121.2625,53.7571,159.0358
401.1273,120.1705,54.2228,160.4642
400.6295,118.4095,54.4981,162.733
399.406,118.721,54.9613,164.6384
400.6007,114.9489,55.0521,166.1721
401.0313,115.0222,55.5297,167.4191
402.273,110.2264,55.5592,169.408
403.7553,108.7964,55.668,170.1866
405.1573,109.764,55.3636,170.9606
406.1427,112.1089,55.4924,170.4018
407.059,113.6242,55.4889,170.0862
408.8685,115.2623,55.5886,170.2639
409.7017,115.9033,55.6627,170.2361
410.8043,115.7217,55.9955,170.1548
411.1548,112.1727,56.8435,171.114
411.4666,111.3347,57.1095,171.072
411.4838,110.4541,56.9094,172.1082
411.0313,110.9548,57.1732,172.6864
411.3467,110.8501,57.4981,174.3143
410.8983,112.6929,58.1957,175.0337
410.5266,114.1673,58.3693,176.3649
411.8152,114.0463,58.3217,177.6002
413.3363,114.1943,58.311,178.4103
415.2511,117.0356,57.4093,179.2687
416.1369,116.3462,56.7607,179.7675
417.6196,119.3238,57.3476,177.3974
419.4005,118.7402,57.4098,176.2302
421.1315,121.1084,57.6806,174.8088
423.2455,120.921,57.8461,174.5429
424.2417,119.0542,57.4863,174.9042
424.6139,120.881,58.0322,175.0801
424.494,120.2181,58.4781,175.9065
423.6216,115.8511,59.5088,177.3109
423.7342,113.7528,59.9218,177.7627
423.1119,109.1959,60.3905,177.8719
423.4242,108.3437,59.9872,178.5341
424.2583,103.0692,59.7986,180.2901
423.0284,104.8381,60.2049,180.9958
422.4577,104.0073,59.8033,182.013
421.9968,106.4019,59.0561,182.183
422.8113,107.9861,58.3535,183.1458
423.3302,111.6039,57.8589,182.9157
422.5799,113.6057,57.0038,183.1925
421.5621,113.7164,56.6568,184.1076
423.1531,115.073,56.6806,184.7976
422.8848,117.2626,56.7885,184.6258
421.6494,119.0647,56.625,184.4561
421.7214,120.8866,56.4891,183.7868
421.3514,122.1714,56.1665,183.3501
420.8442,122.6325,56.5711,182.8139
421.0735,123.9568,56.69,183.0457
421.1806,125.1805,57.5979,182.533
421.1665,124.5315,57.9987,182.7051
420.9804,124.3402,58.6945,182.1735
421.1434,123.1556,59.5287,181.7567
421.4686,125.121,59.7677,180.4401
422.0746,126.2009,60.042,180.0433
422.7522,128.1738,59.9785,178.4266
423.3377,127.4889,59.7446,176.8431
424.3737,128.285,58.902,174.6117
426.0676,128.5684,57.205,173.057
426.7149,129.9808,55.7938,171.6264
427.4214,128.2754,54.6128,171.4087
429.2881,128.0155,53.5155,171.2224
430.6612,130.4069,52.9114,171.1836
431.8939,133.2839,52.3196,172.0217
433.1711,131.6615,51.8348,173.5885
434.2186,132.8446,51.7146,174.0079
434.2979,132.4709,51.5589,173.9033
433.9329,134.6809,51.6261,172.6651
433.7484,135.6756,51.6248,172.5945
433.6969,136.5914,51.8385,172.5227
433.1487,136.6018,52.1807,172.7648
433.1872,136.7657,52.5941,172.7264
431.4081,138.7793,53.7712,172.4505
431.8053,137.8046,53.6462,170.9024
430.6224,138.6697,52.952,170.2058
429.2433,139.9916,53.2408,169.2964
426.79,140.8084,53.888,167.5499
427.9433,139.1668,53.9285,167.2996
426.3454,138.7405,53.7784,167.7839
423.9484,139.0799,53.8668,166.8051
424.1187,134.9879,53.2159,167.9536
421.9379,133.2252,53.049,168.399
419.4482,131.9988,52.9394,168.5693
418.8129,133.5747,53.1099,168.9743
416.7719,131.35,52.1727,169.61
414.6655,126.5501,52.5648,170.0276
411.7916,124.489,52.749,170.3553
409.3442,121.4264,52.8365,170.5439
407.6815,118.0679,52.8414,171.4365
407.7298,113.9956,52.2318,172.0593
407.4122,110.78,51.791,171.5514
407.008,109.0669,51.567,171.6029
408.049,108.7898,51.4614,170.4348
409.4675,107.273,51.6303,169.318
410.0741,105.3343,51.0949,169.1812
411.8019,102.3279,51.1041,169.7813
415.9601,100.2812,50.7064,171.1281
415.9106,97.2871,51.9641,172.7511
413.9568,97.9449,52.6143,171.6812
413.7183,97.7239,53.7887,169.9803
414.4688,95.7143,53.2195,169.8149
415.4718,96.0835,52.9556,169.884
414.8455,93.7251,53.2141,170.4398
413.9866,92.2405,53.4164,171.9816
413.7365,91.2738,53.6639,171.9102
413.1969,91.9451,54.424,171.1958
413.0306,89.9113,53.9967,171.6065
413.8142,92.1798,54.09,169.902
413.2116,89.0727,53.5923,170.9252
414.0038,90.2259,53.2189,170.572
414.202,88.6681,52.7261,169.8457
415.5912,88.1543,51.9559,169.6044
416.0817,84.5427,51.3705,170.4601
416.0356,83.4263,51.3118,170.4508
415.9636,83.5435,51.592,170.8113
417.5018,83.8715,51.7912,171.0325
418.2499,83.8178,52.2682,171.5063
418.1037,83.1188,52.9278,172.2734
419.3587,82.9777,52.9501,172.5356
418.7293,83.4381,53.4021,172.8874
420.8571,82.0888,53.2766,172.2214
421.8471,83.8341,53.0093,171.7015
421.3992,86.4837,52.7821,170.6704
421.7286,88.0704,52.2282,169.5798
421.9668,91.1608,51.9235,168.5733
421.625,93.0197,51.7985,167.7524
423.3472,92.764,51.0864,167.7499
421.838,96.3266,51.776,166.5467
422.9557,97.3519,51.3783,166.0093
423.5871,97.0984,50.6546,166.9547
423.8656,99.4541,50.6031,166.456
424.5484,100.198,50.3829,166.6062
425.1978,101.0879,50.129,167.2887
424.891,102.7849,50.3832,167.1322
425.59,106.8809,50.3414,165.8401
425.3942,109.272,50.2473,165.9972
425.2061,114.5293,50.7483,164.0416
424.5559,116.7086,50.998,164.3876
423.9723,118.7879,51.1347,164.5327
423.4812,119.0825,51.4051,165.8243
421.9083,121.797,52.1153,165.0844
420.1868,125.225,52.5167,164.2604
420.4957,127.6325,52.3839,163.6861
418.5034,129.6983,52.3932,164.9458
419.0226,130.3962,51.8335,165.3025
416.742,133.9256,52.8019,165.0898
416.4576,137.4961,52.8493,164.4824
417.0649,137.6627,52.3534,165.9203
415.6232,141.6235,52.8528,165.2818
416.7784,141.9491,53.1094,163.667
417.4124,143.2044,52.2865,163.2421
417.6462,144.8154,51.8617,163.286
417.806,143.5379,52.5159,162.6243
418.0601,143.6962,52.3574,163.8606
418.4397,144.842,52.0072,164.3416
417.9485,143.7095,52.8304,163.8217
418.7163,143.7176,52.1358,164.5102
419.4656,143.6627,51.499,163.88
419.4831,143.6675,51.1254,164.5239
421.1342,142.707,50.3976,165.5459
418.9776,144.2592,51.4006,164.872
416.9356,145.9556,53.1261,163.0785
418.1388,143.6642,53.6871,162.3633
420.3183,143.7408,52.9485,163.3838
421.1649,144.8524,52.4844,163.9494
423.1016,143.2358,52.1797,164.2732
422.9586,142.1272,52.1058,165.4804
424.2371,140.2782,52.545,166.2186
424.6161,138.8977,52.3028,165.9519
424.9169,139.9531,52.0033,166.5006
426.6339,138.9176,51.7203,166.9255
426.0651,139.7106,51.5105,167.4161
426.7561,142.7347,50.4203,167.0035
426.7503,140.0433,50.6122,165.651
426.2776,138.623,50.9219,165.6137
425.9766,140.141,50.5683,166.5298
425.9433,139.136,49.8934,167.4413
426.2172,138.4575,49.3953,167.9587
426.416,138.6231,48.9944,167.2103
427.4475,138.6571,48.517,167.0652
427.7219,139.1524,47.9794,168.2977
427.5458,139.9283,47.4086,169.1364
426.9331,140.5125,47.1822,168.6958
426.4454,141.7321,46.8473,168.0288
426.5528,141.0051,46.8557,167.8653
424.6424,140.7118,47.1064,167.5543
422.7259,138.6669,47.4276,168.1966
421.9267,137.8957,47.3509,168.8768
422.1532,138.9816,47.3075,170.9866
419.9622,135.9016,47.6058,174.9601
415.2376,133.3679,49.9086,175.4181
412.2097,130.7712,51.5252,176.5895
411.1286,131.1068,52.5802,175.3897
410.2701,134.755,53.7102,172.5118
410.5908,134.1721,53.556,172.5496
409.9478,132.114,53.47,172.917
408.9082,131.2314,53.4446,172.9415
409.7106,126.9458,52.8841,175.9325
408.5034,124.1402,52.9989,178.3508
407.8329,122.4602,54.2976,180.6723
407.6379,118.2887,55.5177,183.9964
408.0715,119.0392,57.1021,186.9163
408.3665,113.6179,58.7267,189.8938
408.2597,107.8753,60.424,193.6484
407.8685,102.0619,62.6799,196.2789
419.1723,99.9744,65.0944,201.5402
415.3347,97.7602,67.5645,206.8894
411.7855,97.1928,69.5766,211.1539
409.6741,95.7131,71.4829,213.9549
405.8697,90.0342,74.9406,214.2028
401.0991,86.5605,78.4244,213.7922
401.2184,94.0305,81.2425,214.4559
397.8054,88.9546,83.0261,215.1639
395.1974,85.6497,84.2602,215.5825
392.5667,85.5118,85.923,215.8616
391.7364,85.9884,86.913,215.665
391.378,85.4644,86.935,217.1441
388.8552,83.7855,87.7177,218.8072
388.102,85.0379,87.554,220.0221
385.5108,86.3374,88.568,218.6447
384.9923,86.9282,88.895,218.1001
383.4109,88.7879,89.973,217.5918
382.7233,89.5887,90.5518,217.9662
384.2864,88.3002,89.1902,217.2272
383.5713,89.7458,87.9598,216.2372
378.991,91.3947,88.2314,215.9441
375.9454,92.1152,87.508,214.5736
372.6815,90.8426,86.2798,215.9301
367.3649,90.0121,87.077,216.474
365.1041,93.1669,85.9299,215.1892
362.1919,92.518,85.763,216.087
358.4532,92.2665,86.2129,216.3193
356.2767,92.1179,86.5819,217.1972
353.1565,92.3387,88.0357,218.0921
349.1222,92.9394,89.1446,220.0044
347.0355,92.6156,89.1016,220.8398
346.3488,90.4868,89.7862,221.1271
342.5466,91.5838,89.5789,222.8187
339.731,91.2356,90.4083,222.8501
336.7507,90.331,92.6316,220.1732
333.2286,89.9209,94.6461,217.872
341.6958,92.8031,97.2087,212.5076
331.251,92.2642,96.3205,211.5449
390.2056,113.2325,92.9466,200.6377
391.0643,116.9297,87.7979,192.0886
391.6798,119.4169,82.5522,186.5763
390.9299,120.0146,77.9925,182.2114
389.85,121.1655,74.5228,178.9369
388.9058,121.2683,71.6195,176.6405
388.1168,122.2091,69.2029,174.3017
387.233,122.0595,67.7832,172.2954
385.4268,122.8104,67.5225,170.2161
383.3599,122.0498,67.8388,169.6235
384.0333,121.8598,67.6734,169.9598
380.2499,122.04,68.391,169.5551
380.0961,121.1478,67.4665,169.9921
379.7511,120.9833,66.5803,170.1554
377.3346,121.8847,66.2618,171.2605
375.0904,122.844,66.11,171.9492
372.4407,122.9657,66.5265,171.9419
369.3685,122.5606,67.1132,171.096
366.19,122.9922,67.3652,169.1565
364.2638,122.4504,66.8787,167.4541
361.5771,123.86,65.8897,165.8319
360.263,122.5819,64.1868,165.7803
358.817,121.8944,62.8113,165.9798
358.0864,121.3625,61.4105,165.3832
357.7828,122.6575,60.1403,164.1563
356.8695,123.131,59.9433,164.0842
356.1054,122.8973,59.9584,163.8759
355.0618,124.5458,60.5308,164.1148
355.5786,127.6264,60.6104,165.103
357.2126,128.7294,61.1201,165.2193
360.311,130.2585,60.6013,164.7111
364.0509,131.2838,60.4998,164.7936
367.4526,133.4655,60.719,164.8159
370.6394,134.6508,60.3263,165.1576
371.9668,135.989,59.7703,165.2168
373.0712,137.6162,59.5795,165.7907
374.9618,137.5904,59.8582,166.7825
376.6415,140.3212,59.9088,167.2717
377.2718,141.8657,59.4273,167.2143
377.2476,143.7682,59.5397,166.8287
376.0499,145.7413,59.7482,166.3597
376.14,147.5049,59.9779,165.6708
376.0077,149.5083,60.1886,164.6418
376.7735,151.2285,60.4074,164.5291
376.7196,152.8269,60.6262,163.7865
377.0114,153.8321,60.1877,163.1491
377.0057,156.6677,59.8261,163.3581
378.5524,156.7303,60.2518,161.8658
379.377,158.0056,60.6449,161.121
381.1994,161.0581,60.254,161.0653
382.6389,162.3212,60.5659,160.1896
385.2377,165.4568,59.7835,159.5472
387.5933,167.5084,59.1054,159.001
389.8702,169.7819,58.5121,156.7299
390.3418,173.512,58.4759,155.0062
391.5496,177.2131,57.8273,153.0531
392.8844,180.9371,57.6385,150.6749
394.2381,183.0417,57.1516,148.3257
394.4399,186.3313,56.6421,146.3768
394.9714,187.6295,56.2052,145.1285
395.6806,186.5088,56.0374,144.0908
394.6852,186.8603,55.953,143.6982
394.1926,186.252,55.5481,143.5853
393.7612,186.7136,55.9719,143.7337
391.8874,187.2455,56.7144,143.5817
392.7159,190.2201,57.1803,141.9802
392.4015,188.4059,57.5225,142.8272
392.4798,187.9966,57.9489,142.3322
391.4255,186.6214,57.9138,143.0155
390.8459,186.3407,57.7101,142.9925
389.9071,186.3855,57.6906,142.3582
387.5195,186.3737,57.5238,142.0953
386.4549,184.7037,58.3663,142.7536
384.1535,183.7479,59.637,142.7085
383.9662,184.3159,60.6044,142.5146
381.6784,183.8095,62.0438,141.9253
380.4945,183.2816,62.5897,141.5399
379.8112,183.4135,62.618,140.6507
378.3885,180.5248,62.7899,140.7921
377.1018,178.8672,62.8683,140.6394
376.6223,176.9529,62.4511,140.3453
375.3617,174.3697,61.665,140.2007
375.1701,170.0915,61.5707,139.4365
374.3014,168.1687,61.019,137.9555
373.5975,167.39,60.4338,136.8526
373.3131,163.0451,59.0326,137.7989
373.2861,161.6801,58.2444,137.2574
373.9828,160.6481,57.5557,136.6099
372.5916,155.7254,56.4194,138.8263
373.4317,151.5259,55.0146,140.2848
374.7103,149.1907,54.0629,140.4054
374.0159,147.6809,53.922,139.3823
375.8013,145.5254,53.4637,138.6099
377.1546,146.1072,52.5511,137.3446
379.7692,145.0646,51.1988,135.9773
380.9211,147.3587,49.1336,133.5985
384.8638,150.7513,47.3277,130.092
388.1173,149.8545,45.0015,127.0603
389.2933,151.8109,43.9363,123.3357
389.0593,152.4205,44.0152,119.6999
399.5281,158.8272,44.9856,117.6784
403.0224,173.2401,49.9426,112.7264
378.121,142.2507,49.2777,115.1662
368.0673,142.888,47.8891,116.2296
377.3811,143.073,46.8662,118.8735
376.0654,143.3911,49.227,117.4553
375.3675,139.271,48.6097,118.6423
373.7919,140.3158,49.6621,116.8773
374.3118,136.3055,50.3096,116.662
374.0502,133.8384,51.848,117.0515
373.178,132.7313,53.0956,120.4598
371.2023,134.2675,54.5998,122.2703
370.2796,138.4054,54.5002,124.0077
369.5087,141.0832,54.4664,122.9912
368.2875,141.9213,54.5753,122.1941
366.4917,142.7081,54.565,121.8113
364.3519,142.8738,55.1981,121.0423
361.6809,142.7824,55.4589,120.8544
359.809,141.9542,55.4844,121.125
358.1752,143.4555,56.1778,120.1651
356.0822,143.2758,56.379,120.3616
355.6041,141.3237,57.4216,121.8077
354.5504,142.2005,57.0351,122.7457
354.7186,145.0609,56.8095,122.87
353.8751,143.546,57.4347,123.4593
353.6087,145.1074,57.5492,124.2608
352.8666,145.4556,57.773,126.0752
353.2728,145.4755,56.876,128.6062
353.813,147.4807,55.9361,130.2457
354.2071,148.3423,55.0772,131.7862
354.5217,148.2782,54.4474,134.0628
354.0821,149.5556,54.3709,134.9347
354.1217,149.9947,54.4033,136.2655
353.3019,152.6868,54.2505,136.1103
352.8044,153.0933,54.3314,135.8271
351.5353,155.9736,55.4413,133.3504
350.3709,157.7369,56.279,132.1915
350.4579,161.4924,56.4957,130.3155
349.6946,165.4484,56.3447,128.7971
349.0126,164.959,56.0474,129.1864
349.5329,167.4116,56.048,128.8045
348.9998,168.0934,55.4385,128.8691
349.7858,169.3976,54.8111,129.2463
348.2723,170.4887,55.0463,129.5183
348.1535,170.7952,54.7873,129.6702
349.8074,171.0506,54.709,129.916
349.4433,169.6277,54.1761,130.7459
348.1958,172.3436,53.6444,129.3389
349.2623,172.0147,53.1094,130.3444
348.6627,172.9385,52.078,130.3233
348.5712,175.006,51.1371,130.9963
347.857,174.2593,50.5862,132.6021
347.5492,175.3875,49.8933,132.8978
346.4371,174.6805,49.5341,132.2901
345.456,173.1081,49.5202,131.9935
344.736,173.9178,49.2173,131.5094
343.7847,174.9649,48.8939,131.0358
343.2813,175.1758,49.0245,130.7038
342.0183,177.203,48.9974,130.75
340.4673,178.2325,49.0902,130.3952
339.0837,178.8763,49.2315,131.2211
336.7346,179.9652,49.3603,131.3661
334.8744,181.1058,49.9291,131.1832
332.5014,180.6781,50.0219,130.9117
329.8783,182.057,51.0464,131.4638
327.6496,182.7184,51.7456,131.3894
327.1718,182.9038,51.7794,132.1074
326.7371,183.2931,51.3729,131.5287
325.1945,184.43,51.1827,131.8422
323.0945,186.2405,51.1608,131.6634
321.3558,187.5607,51.3754,131.7041
319.6441,189.3579,51.1562,131.1588
317.458,188.1947,51.2966,131.0146
315.7068,189.1255,51.0317,130.7712
313.9579,189.0755,50.9982,131.1136
312.2564,190.2913,51.0046,131.741
309.2232,190.1808,51.015,130.6157
307.2622,189.0939,51.364,131.112
304.8228,192.6742,51.3414,130.5783
301.6702,191.9353,51.4682,130.3394
299.9989,191.8382,51.0813,131.2423
297.759,191.1118,50.7409,131.4517
294.8409,190.0716,50.492,130.5761
292.1947,191.7215,50.51,130.294
290.5989,191.1636,50.3978,130.493
287.4721,192.6966,50.3207,130.0018
284.5821,192.5592,50.1724,129.8614
281.6096,193.273,50.1731,130.0524
278.6172,193.9854,50.5952,129.5717
277.4371,191.9943,50.2551,129.5789
275.4079,193.1469,50.0005,129.9434
274.216,192.4359,49.7843,129.7944
271.7257,193.1071,49.4778,128.9124
269.147,195.2847,49.3732,128.0454
266.449,195.4713,49.1751,126.9299
264.0639,195.9773,48.7588,126.7021
262.5153,196.8594,48.3222,126.6392
258.8579,197.675,48.1818,126.1175
257.1423,199.1313,47.8799,124.8782
254.5949,200.344,47.8973,124.8847
251.3559,201.4996,48.0578,124.2313
248.6701,201.7229,48.7401,123.1857
245.515,203.3941,49.4824,122.7963
243.6507,203.8871,49.4316,122.1884
241.8346,204.753,49.4204,121.0219
239.0805,206.6463,49.4997,120.2023
237.2181,205.5989,49.2836,119.307
234.9209,207.1622,48.9563,118.8782
231.7739,206.9126,48.5938,118.6743
230.0282,207.1113,49.005,119.3222
228.0704,205.7679,49.4324,119.5643
