1
231.817,140.2848,54.5315,75.1558
230.2671,138.935,55.6823,77.8555
224.9486,135.0124,56.2742,79.6737
223.4684,133.5883,57.1882,80.4754
218.8634,127.7583,58.1042,79.6945
217.7237,127.8409,58.307,79.5293
216.5513,125.0444,58.5744,78.89
214.2889,121.0932,58.9553,78.5046
212.992,114.7917,59.4766,78.6737
208.5753,109.9079,59.9766,78.0246
206.2569,106.5184,60.4504,76.4777
204.1048,102.0322,60.624,75.1229
201.4241,97.7981,61.8907,73.3546
199.4455,95.2511,63.8075,72.3276
196.2293,92.5522,66.1301,71.5608
189.3686,92.467,67.3733,71.7313
188.1728,92.4203,67.6631,71.8246
189.1738,91.2367,65.661,72.0837
189.8344,89.4806,64.3399,71.4351
191.8773,88.5108,62.3034,71.3253
194.7876,89.1686,60.5134,72.0249
195.1915,90.9937,59.7055,72.3701
195.5857,95.9911,58.9172,72.3253
196.1168,96.8338,57.8551,72.6166
196.4933,101.0568,57.102,72.027
196.8747,106.01,56.3392,71.8348
199.1308,107.6526,55.6823,72.4048
200.9537,109.654,55.8878,72.2536
203.1646,110.2176,55.3195,73.0529
204.3012,109.8779,54.9761,73.7325
206.4423,104.9636,54.5631,73.888
207.6882,98.7975,54.0015,74.6387
209.7526,92.8907,53.7378,74.8569
212.0122,86.56,53.0817,75.929
212.9677,80.871,53.1079,75.6844
215.1526,77.1823,52.6057,75.3264
217.3105,73.7101,52.1302,74.5901
219.4954,73.3887,51.5628,75.2331
221.6066,73.3912,51.1435,75.2281
221.6387,74.2781,51.0793,75.3489
222.2938,75.2662,51.6645,75.268
223.8237,80.4263,52.4122,74.4668
223.4468,84.4866,53.1662,73.962
223.1327,90.2932,53.7943,73.8003
223.3092,95.0134,53.4413,73.9418
224.4753,101.0969,53.0219,73.2514
225.4573,106.9278,52.9533,72.962
227.7363,113.37,52.1751,73.3068
228.7374,119.6088,52.0552,74.0059
229.8983,122.934,53.5157,74.92
230.1308,123.7749,54.9795,75.1671
234.7594,122.496,55.5051,75.7682
235.1942,118.8155,56.6098,75.232
238.0546,115.0258,56.8414,76.8592
238.8541,107.4245,57.255,77.9724
240.3877,100.3311,56.2243,77.9039
241.853,92.9634,55.3123,76.4905
242.1933,86.0623,54.6317,74.4351
241.6098,83.9204,53.8591,72.8998
242.2535,85.9069,52.5717,72.7342
245.395,91.7958,51.9291,72.2374
245.6545,94.2984,53.2723,70.9564
244.9732,97.2517,54.6349,68.7788
245.041,103.3618,56.3524,67.6768
245.4785,103.1487,57.3409,68.1029
246.4112,103.0236,57.3615,68.3532
249.3791,103.0443,57.0964,68.3117
248.7194,103.1024,56.5306,68.1955
249.7813,103.2305,56.2812,67.9393
251.2384,104.2178,55.2335,67.8314
252.6074,107.9202,54.3435,67.8188
254.0543,112.0401,53.2833,68.7465
255.1688,115.1995,52.885,69.7507
255.415,115.7074,54.2324,70.5747
255.412,115.4233,56.1124,71.1428
254.77,114.101,57.3965,71.8742
254.902,109.5901,57.1325,73.115
256.0124,104.0206,56.8717,74.4535
257.6365,97.0977,55.6,74.4642
259.0541,87.7972,54.7207,73.506
260.4566,79.3901,53.8426,72.9773
261.7396,71.1272,53.1813,72.3615
262.8933,64.7459,52.7583,71.9332
263.7845,64.2163,52.847,71.1214
263.3259,62.9119,53.7643,70.01
263.8121,62.7464,54.6497,70.341
264.3973,62.4621,55.3567,70.9097
264.9701,63.3387,56.1084,71.054
265.3878,65.2564,57.185,71.0422
265.0156,68.1618,57.9293,71.0185
265.9107,70.3511,58.0797,70.5211
266.849,74.577,58.1385,69.8107
267.2869,77.6466,57.2626,69.4472
267.8566,80.7181,56.1232,69.0211
267.1448,87.0718,55.6661,69.4789
266.4843,91.8985,55.1067,71.1081
264.3266,97.5042,55.6292,73.1723
257.606,97.1334,57.4506,73.9138
251.6663,96.9659,59.4424,74.2488
245.4129,96.9168,61.875,74.347
243.109,95.4312,62.3721,75.2627
239.5762,87.31,63.205,76.9622
239.8044,75.8504,62.7485,78.7091
242.9975,66.8268,60.636,79.6617
245.5222,57.5302,59.8212,79.1991
248.5742,52.2134,60.0082,77.2507
251.4668,55.8546,60.4334,76.1788
251.7535,67.2523,61.9205,76.0491
254.0944,75.4436,63.4862,74.244
255.22,82.2611,65.3942,73.0866
255.6103,85.044,66.7056,71.7046
255.3934,89.3631,67.1393,71.4307
255.1792,91.6462,67.5676,71.0516
254.9619,92.4394,68.0022,71.5595
254.8403,91.5667,68.2456,73.305
252.9342,90.4178,67.7766,75.6029
251.947,84.2002,67.5821,77.1926
249.8285,83.6321,67.4375,78.3288
249.5473,88.9582,65.7936,78.7074
249.4311,89.8871,63.8404,79.0354
247.6478,94.6832,63.0881,80.2405
244.0857,94.9705,63.7145,79.6659
242.6081,95.5563,64.5025,78.4943
242.5962,95.4525,64.5264,78.7018
247.2458,87.2625,63.8886,79.9245
250.9752,80.8025,62.9515,81.9747
255.8128,72.8062,62.0377,82.6352
260.8642,67.352,60.6772,82.6156
262.7726,63.6198,59.0234,81.4276
268.1845,65.1737,58.7899,80.4377
268.2175,70.8775,60.8231,79.5258
266.9359,80.6226,63.3862,79.0998
266.8803,90.2618,65.6505,77.0466
267.0447,97.8735,67.4795,74.7695
266.4358,100.0227,68.6972,72.6223
266.941,101.9612,69.8237,70.8822
266.577,102.2449,70.5516,70.3147
266.9143,102.8386,69.8771,71.2571
268.1603,102.8214,67.3852,73.4252
263.9909,102.1766,65.08,74.7149
264.0084,101.5323,62.9326,76.0034
263.0667,101.9204,62.718,77.3254
259.0595,104.5765,62.2724,78.3582
251.0315,105.0749,63.4621,77.3614
244.0022,110.7913,64.7556,78.6937
238.1389,111.518,65.6377,79.4092
236.8576,110.0821,66.0062,80.0869
236.8511,102.9493,66.0191,81.0894
238.0135,94.6525,65.9206,82.0995
244.2084,86.4408,64.7317,82.8413
245.948,77.6915,63.485,82.4804
253.0458,69.5897,62.5298,81.0304
253.8755,65.5979,63.0393,80.3379
257.5772,68.2291,64.3023,79.4088
257.5998,78.9062,66.4298,77.6085
256.9837,87.4837,67.6619,75.7056
256.6947,94.8449,68.24,73.9964
256.404,101.8039,68.8214,72.9861
256.1529,105.6396,69.3235,71.7484
255.714,108.932,70.2013,71.5626
254.2119,108.8237,71.0618,71.7791
251.8361,105.5239,71.4919,71.8966
246.6234,101.4891,71.0706,73.4581
242.7449,97.2426,70.078,75.3887
242.4186,95.3846,68.5284,76.9027
240.0874,94.6857,66.5869,78.3004
239.7074,97.3174,65.1546,79.6135
232.4005,99.0331,66.6314,80.5611
229.4882,104.1887,68.0002,81.3894
225.8215,105.0875,68.5456,81.8545
226.0635,105.3623,68.0616,83.5834
227.3634,98.94,67.7594,84.9403
229.4732,91.9739,65.8534,87.3043
235.8708,82.9515,64.6534,86.7967
236.0025,74.2738,64.39,85.818
238.5036,66.6806,63.9328,85.0967
240.3331,65.7405,64.782,84.7229
240.3719,67.98,66.9665,82.506
241.7648,75.4167,68.7074,81.2125
242.3459,81.7789,69.8164,79.8444
241.9841,88.031,70.54,78.6785
242.8385,92.0486,71.0923,77.4263
242.6082,95.8337,71.5528,76.6067
242.3978,96.7488,71.9735,77.0209
242.2682,97.9568,72.2329,76.8626
242.2424,98.3672,70.025,76.042
241.8181,99.6314,68.6621,75.7252
241.6704,100.8098,66.7724,75.5534
242.5339,102.0108,65.0454,75.3036
241.2828,102.8628,63.3058,75.7206
240.2391,103.9179,63.2936,75.7101
233.711,105.0077,63.7542,75.6298
231.1685,105.4123,64.6284,74.8205
226.3803,103.7074,65.7775,74.0167
225.3109,101.693,65.8038,75.9331
225.5049,96.0736,65.4159,78.6004
225.9512,88.5237,64.5233,80.632
226.3705,78.2848,63.6847,81.354
226.6789,68.4695,63.0679,81.2509
225.879,59.7216,62.4866,81.2978
224.9625,52.1325,62.1471,81.2692
222.9295,51.0638,61.8802,81.2402
221.6409,50.1986,62.2958,80.809
221.5318,50.3518,62.5139,80.5026
221.5953,51.5684,62.387,80.2301
221.6577,52.8744,62.2622,79.7724
222.6488,57.5605,62.4252,78.9816
222.6135,61.0171,62.4959,78.4758
223.5029,64.5893,62.8462,77.7189
223.475,71.795,62.902,78.1696
222.3917,78.1903,62.9377,78.1649
222.4428,85.0501,62.8355,79.3658
223.0377,90.8885,61.6456,80.5792
225.2731,95.7959,61.4702,81.5032
226.4046,101.0798,61.3663,81.7306
226.2918,105.1982,61.5921,82.137
229.1524,107.2981,62.3829,82.2787
229.5004,107.7213,61.6869,81.4323
230.9052,107.0682,61.0389,80.5771
234.3711,99.8943,60.5206,79.9599
234.6226,92.5948,60.0176,79.7188
237.6872,86.0482,60.2128,80.1631
238.9381,79.0452,59.8292,79.3424
239.8056,71.8931,60.1934,78.9514
240.0527,65.6192,59.6993,78.9039
241.109,58.2906,59.6771,78.9276
242.3004,51.2264,59.385,78.4224
243.2753,42.9904,59.513,78.2704
247.7126,36.44,58.9496,78.9047
248.3372,31.6275,59.7786,78.138
248.9493,30.0095,60.6344,77.2139
250.5591,29.0729,61.5743,77.0073
253.3306,29.1507,62.3065,76.8518
254.9561,30.249,63.2576,76.7563
255.3837,30.3155,64.5173,76.6232
256.7815,32.7221,65.9876,76.0762
257.4025,34.9035,66.8937,76.0092
258.7669,43.8105,66.3262,79.8091
256.6279,45.8004,68.3929,80.2521
256.196,54.861,69.2567,82.3927
257.2213,63.196,69.5045,84.1093
253.3911,65.6118,70.1783,86.2644
246.7782,62.7297,71.539,87.2826
243.8732,55.0231,72.5278,88.2321
235.5751,48.8756,74.4769,88.3213
233.6408,40.3714,75.8716,88.013
227.7709,34.9084,77.6462,86.4824
220.9016,33.2521,78.906,87.2991
216.9622,31.5335,79.1993,88.2078
210.6999,31.1931,78.9872,88.8886
209.7114,33.0283,78.4094,87.7728
206.8192,37.3463,76.6098,89.2489
205.8075,37.9873,76.1109,87.967
200.3896,39.6863,74.4746,87.0634
198.6323,42.3056,73.0805,86.7332
194.9435,48.2878,70.7508,86.903
191.5337,49.8919,70.3942,86.0869
188.2231,52.431,69.8941,85.7563
183.4094,53.8961,70.0792,85.1867
183.6272,62.1681,69.6436,85.126
179.0074,62.7318,69.496,86.3454
173.8,65.0953,70.4576,86.3449
171.0799,68.8539,73.519,83.5852
164.1171,77.509,75.52,82.9695
163.4549,79.2913,76.8445,81.812
163.8882,79.5328,78.3877,81.329
169.388,74.8525,79.5212,80.9832
169.949,66.3986,80.8381,80.8182
175.0163,59.0969,80.5316,80.6796
182.5737,50.0004,80.1169,81.7226
185.3185,40.8981,79.5471,82.7073
190.1658,35.9668,79.7189,82.7036
192.9985,34.1516,78.9919,83.8648
196.1404,31.0418,77.6602,85.1322
200.3678,29.5622,76.6299,85.6166
203.4181,27.8193,75.4615,86.6363
210.414,25.5115,73.7865,86.3251
216.9817,23.1547,72.8102,86.1752
225.7181,23.3015,72.2346,85.8816
230.3822,23.6142,72.5066,85.2561
230.9725,25.1936,73.7209,84.4921
235.473,30.2299,74.3288,84.0285
236.6022,34.8126,74.4753,84.482
240.4253,42.4599,74.0713,86.0863
242.7485,49.0302,74.2903,87.5415
243.8655,59.8916,74.5149,90.4061
239.4399,66.3363,75.8461,92.5568
236.777,74.0141,76.0492,92.5692
231.943,77.584,78.023,93.1237
224.4871,77.3913,79.9097,93.5091
217.0172,66.7878,81.6434,93.5865
211.0386,55.0972,82.9201,92.9367
208.4698,41.6698,82.6972,92.9883
200.2389,27.2613,83.0936,92.3521
191.877,20.2402,83.7738,90.3508
188.2736,20.6384,83.0204,89.5544
184.9845,20.757,81.7114,89.3172
176.8923,21.9001,79.6639,89.6354
177.7861,23.4932,77.8764,89.0264
175.352,27.9136,77.6664,87.8027
175.5531,32.2755,77.2643,86.629
171.1303,37.7882,78.6339,85.5714
169.6766,41.5151,79.0442,85.6091
166.7272,42.9086,79.9346,85.3263
165.6598,44.3133,79.5554,85.0309
163.713,48.2736,78.4424,84.62
161.8475,54.3389,77.2151,84.8855
160.4819,57.1559,75.0184,84.1793
158.4332,65.3385,71.8617,84.7404
158.3091,73.5643,69.7335,84.9239
155.9686,78.1547,69.7241,85.1238
150.8521,78.7989,70.5648,83.8352
150.4273,79.5907,71.4143,82.2516
151.3222,75.3327,71.9551,81.4451
155.7696,67.2267,72.367,81.3705
160.3483,54.9621,72.538,82.579
166.353,43.7025,72.2967,83.9157
168.9161,32.7439,71.9117,84.4977
171.9042,26.4659,70.6824,85.1863
175.4267,23.763,68.3662,85.8632
180.9672,21.224,66.6357,86.2659
183.5355,19.2458,66.1309,85.5907
186.0933,19.3375,65.6098,85.4073
187.6012,19.1452,64.88,85.7919
191.4106,18.8857,64.1014,86.3109
193.8966,18.8129,63.6803,86.4565
193.7387,19.7031,63.9959,86.9469
194.9039,20.726,63.949,87.1844
195.3514,24.4057,65.3401,86.6835
195.6356,29.3764,67.073,85.9471
194.9962,36.4947,68.3517,85.6184
194.488,41.0853,69.3681,85.7718
193.8997,49.1808,70.5446,86.0474
193.4543,53.4666,71.4354,86.978
193.0918,58.2946,72.1606,86.939
192.8503,59.7183,72.6435,86.5067
191.4399,60.7268,73.048,86.906
191.3092,59.7226,73.3093,86.4855
189.9735,54.1458,73.5541,87.9324
189.8977,48.7014,73.7057,89.0092
188.5542,40.8107,73.9207,89.958
188.3631,36.5949,74.3029,90.919
187.9559,35.2026,75.1172,91.1924
187.705,33.4458,75.6191,92.1774
187.4808,33.0677,76.0674,92.9337
187.2335,33.7466,76.5621,94.1466
185.4994,33.4916,77.4329,94.6566
185.2739,33.4577,77.8839,94.7244
183.7624,33.5428,78.2793,94.5542
183.8983,33.4901,78.0075,94.6595
182.6623,33.8678,77.8509,93.9041
181.5342,34.1557,77.4928,93.3284
177.6565,36.0448,77.4491,92.1498
175.2181,40.6125,77.1646,90.7568
171.8419,47.2138,76.253,90.3272
169.5283,52.44,75.8135,90.0081
167.292,61.198,75.2434,90.1417
161.1574,71.4045,74.9412,89.843
160.2961,80.9138,74.1589,88.3581
153.9559,90.0804,74.4929,87.3101
152.7777,94.6568,74.3909,85.5324
148.1769,101.8365,73.876,85.7478
146.2954,104.2507,72.7904,85.768
142.6994,106.75,72.7608,85.5839
