1
760.1777,243.1181,156.7349,99.6486
757.7944,245.5995,161.4923,100.3221
759.634,246.8482,165.061,100.9473
757.5855,247.7882,166.0962,102.0924
761.1251,248.106,165.8359,102.4118
764.5087,248.5885,166.8357,102.5237
764.6571,248.732,170.1938,102.9623
766.2653,247.524,171.4715,102.6064
766.8637,246.3108,172.9121,102.9508
768.5391,246.2828,172.5938,103.9132
773.4118,243.6847,173.1961,102.4701
772.6587,245.2611,174.7414,101.9536
773.2487,243.4177,173.8743,102.5481
777.0808,243.2199,172.4176,103.0314
777.599,242.2982,170.5606,103.1325
777.0422,240.4338,170.1495,103.2542
777.4017,239.883,168.4641,103.6498
779.6627,238.6646,167.6095,104.6281
780.0999,235.8808,169.1012,105.843
782.3192,232.6772,169.0779,107.5617
784.6528,229.3244,171.7383,108.3569
784.7952,225.1977,173.4385,109.5383
786.5385,224.2577,173.591,109.2199
792.5512,222.2128,172.1056,108.5924
794.6849,221.8442,169.3197,109.346
799.1601,221.3894,166.4765,108.8698
801.5413,219.4715,164.5145,108.0657
802.7104,220.0223,163.3161,108.6178
808.7908,220.4104,160.2043,111.6974
811.6886,219.6193,156.8052,113.1853
819.6035,218.2004,153.9551,114.7007
820.9057,219.1902,151.9848,115.4305
822.5642,221.6964,149.7638,115.7498
828.6369,225.6646,143.3246,120.3661
831.3383,224.7889,138.7868,122.2135
835.5023,221.6528,134.6912,122.4875
836.8762,220.3843,132.8249,121.8435
839.5034,219.4887,131.1952,120.1641
841.5964,219.2856,129.3416,118.9389
842.8302,218.8849,127.6082,117.856
846.0367,217.5121,125.23,117.0357
847.2249,218.3748,123.0378,116.0091
850.5643,218.0251,120.1294,116.0051
851.6397,217.8829,118.1896,114.7839
851.8503,217.7259,116.4348,113.1683
855.1535,215.3709,113.45,114.2969
859.1132,214.0383,109.1651,115.4661
860.2106,211.8674,106.1943,116.397
862.298,211.6839,104.1621,116.7453
864.4281,209.9416,102.2036,117.1369
867.9677,204.8378,99.0998,117.5032
873.3773,207.1626,95.2802,117.8863
876.8839,205.8681,92.1248,116.7585
879.2328,204.7769,89.3147,116.6652
881.2484,204.3563,87.0515,117.3211
882.0229,203.2497,85.7313,116.895
885.2492,203.1573,83.9159,115.5918
888.4826,205.1114,80.8864,117.5017
890.392,205.8235,76.4682,119.1268
892.4666,204.9576,73.5021,122.4925
894.1283,204.8762,71.8317,123.5862
895.5664,203.9704,69.9029,126.7923
895.9673,203.4158,69.3176,128.2696
896.3793,204.5697,68.605,129.8838
898.1237,205.7516,67.2339,132.2199
898.7758,204.6377,65.9182,132.9908
900.5545,205.0226,64.7572,132.9377
900.7155,205.4626,63.7411,131.1888
901.4262,206.749,63.3052,129.5799
902.2832,205.3596,63.1742,127.2109
903.5882,208.5129,61.8177,126.2387
905.2623,208.0533,60.2159,126.5462
905.5676,209.9036,59.3969,125.889
904.7975,211.4596,59.0804,124.484
904.8511,214.4105,58.9413,123.3489
903.5444,214.1327,59.7095,122.4822
903.615,213.0633,60.0691,122.4333
902.6949,213.1983,60.5698,121.4273
903.105,214.1265,60.8703,120.24
902.8209,215.369,61.1183,119.337
899.3739,210.9083,62.5947,120.1108
896.7655,210.2352,64.4521,120.5104
895.2873,209.8463,66.2199,120.2816
894.4254,211.271,67.8183,120.2984
893.2369,212.011,68.7049,120.7307
893.023,213.3302,69.7425,120.7871
895.0327,211.5392,69.2026,124.5336
894.4987,210.4724,68.7526,126.8328
894.7745,212.8703,68.6117,125.5504
895.6756,211.8048,68.3154,126.0034
895.1171,212.5578,68.7388,126.8276
894.5697,211.3524,69.0935,126.8788
893.892,212.7632,69.5624,126.4934
894.6821,213.1026,69.2854,125.7986
895.0105,213.3965,69.2173,123.8361
894.569,212.7462,69.3126,123.1987
894.0368,212.494,69.4115,121.8759
894.0968,212.4469,69.5053,121.653
895.1159,211.361,69.1623,121.551
894.8103,211.5941,68.8201,122.0271
893.5657,211.1548,69.0916,121.6265
893.6695,208.4876,69.5989,119.7733
893.824,208.2629,69.61,118.6492
893.9258,210.6629,69.5449,117.2149
893.8521,211.1993,69.7125,116.7157
893.9962,211.6996,69.6073,116.79
894.2166,212.1416,69.5387,117.5621
894.543,211.3716,69.6829,117.518
894.7281,213.002,69.6549,117.7597
894.8781,212.3006,70.0673,117.037
893.7371,211.0068,70.2533,116.6224
893.9399,212.9089,70.9252,115.453
893.3778,214.0138,71.3169,114.6348
892.9071,214.2519,71.9657,113.6698
893.0194,214.9768,72.2085,112.97
893.142,216.6002,72.5576,112.2548
892.2681,218.5051,73.0927,111.5883
888.7276,217.1808,75.65,108.6653
888.561,218.2609,76.8158,107.3292
888.64,219.1163,77.5701,106.2729
887.1713,218.4747,78.3141,104.8966
887.7279,218.4646,78.1394,104.4355
887.5594,218.7671,78.2682,104.2503
887.7388,219.9366,77.9965,104.8353
887.2113,221.4447,78.477,104.8715
883.73,221.1106,80.1898,105.6315
877.4183,213.4447,85.2051,104.5474
880.3201,214.5752,86.712,106.4901
868.3949,209.0285,92.9147,105.0679
859.6481,211.0928,99.7999,105.2401
852.3934,210.8878,106.4594,105.2321
848.0453,210.0728,111.2322,103.7804
845.0176,210.2444,114.4921,103.484
842.1384,209.9218,117.3981,102.6572
842.4696,210.5775,119.0568,102.4171
841.7379,210.7773,120.1236,102.1338
836.8554,203.9001,123.3111,97.8133
840.559,207.3496,122.6187,97.8853
840.2267,208.971,121.9188,97.9213
840.5427,209.9196,121.6743,98.1345
845.3725,213.1491,121.1283,101.4722
840.3874,206.7232,121.3129,100.7664
840.8903,209.3652,120.8957,100.8052
840.8276,210.4899,120.4295,100.5394
838.1973,204.3708,123.1042,96.7127
839.7327,208.1235,122.532,96.4055
844.4285,209.0948,120.9829,97.4139
847.9246,209.2481,118.7497,100.2538
847.0536,207.7228,117.2221,103.4076
849.5766,208.2806,116.7578,107.2595
840.9666,198.7597,119.2886,108.3231
842.8349,201.5155,120.5254,110.6817
836.2673,193.1171,121.2477,110.0937
840.2648,196.9705,122.5289,111.8099
841.0413,199.3917,123.6649,114.4644
841.154,200.9116,124.813,116.6602
834.2298,191.9257,125.2259,117.6483
835.2499,194.7991,126.5127,118.5797
828.6868,188.5033,126.4116,116.6629
832.9219,193.0537,127.1719,117.7874
834.6737,195.6969,128.1654,119.2808
834.0194,196.4136,130.0101,120.2554
829.2769,188.6595,130.1732,118.6631
829.6467,191.0828,132.8311,117.9169
830.861,193.0828,133.4758,117.4687
832.0928,194.6331,133.5038,118.3324
832.2022,195.8302,134.3637,118.6599
837.5532,197.76,132.2278,118.0016
837.5177,203.4715,130.4726,115.5773
837.9342,207.6051,130.1295,112.3447
835.8415,212.2661,130.3597,110.7071
834.4384,214.2415,130.8492,107.8106
834.6103,215.924,131.0314,105.7523
833.5098,215.8943,131.695,103.9779
832.7225,216.7346,131.683,102.4681
833.0498,217.2108,131.6759,101.3311
831.4177,216.9576,133.7644,98.9284
831.2882,216.7985,135.3485,97.4665
830.0748,217.8175,135.9207,96.8424
829.7936,219.5371,136.3043,96.4089
827.5969,218.7625,136.8271,95.5447
819.7489,218.8352,140.289,94.2695
814.6345,219.6742,142.4772,93.5455
808.0197,220.3005,146.3392,93.4047
802.4666,221.9633,149.7203,93.2467
799.8427,222.5351,153.8476,93.3951
800.548,223.6246,155.951,94.0638
801.3007,223.3774,157.4238,95.9828
800.4613,223.7057,158.5241,97.9601
800.486,223.3577,159.1152,99.3331
798.8044,224.1186,160.6742,100.3796
790.1995,224.6663,165.6747,101.058
781.6914,225.7043,172.5881,101.5707
775.265,226.8989,178.3741,102.1583
768.9882,225.7353,183.6739,102.7059
766.5831,227.3532,187.6537,103.1532
764.2385,226.6783,192.0345,103.712
761.1227,227.1633,199.0538,102.4407
760.1753,227.345,201.5587,103.8243
757.9777,226.3792,204.3714,104.6129
757.0388,226.8609,208.0572,103.9702
757.5832,225.2754,208.2859,104.897
761.4627,224.524,208.8744,104.2022
764.7276,226.1368,207.9886,103.5803
766.646,225.7227,206.4919,102.626
768.0381,225.0065,205.1143,102.2525
767.0538,225.7274,203.7246,101.9894
770.5827,226.4198,201.6719,101.463
769.5559,226.7925,200.3476,101.0439
770.0321,226.3412,199.4193,100.6342
770.027,226.1784,198.9544,100.1372
770.4577,226.668,199.2528,99.824
769.2465,226.8327,199.663,99.6668
769.5283,226.315,199.6345,100.0479
767.0842,225.2027,200.8175,100.0635
768.4136,224.6787,200.6952,100.0121
760.86,227.0216,203.8976,100.2467
756.9675,228.0487,206.1816,100.5094
756.409,228.6899,207.3865,100.3757
758.0794,228.2733,208.3988,100.6202
754.4712,230.9017,209.364,100.1424
752.9212,234.1205,209.7679,99.0013
752.8083,236.1324,210.6493,97.5146
751.3884,236.155,211.581,96.9442
754.4804,235.7365,210.5915,96.7362
755.5368,235.9818,209.6332,96.4499
756.763,235.6652,209.583,97.2585
755.2636,234.8311,209.7151,97.3426
756.8781,235.6538,210.563,97.5149
754.354,235.5547,212.451,96.949
752.3936,236.2306,214.1538,96.066
746.3416,235.4677,215.0712,95.285
744.7843,236.5128,216.3932,95.5022
741.4692,237.588,217.3929,95.0857
737.8263,238.0596,218.5815,94.2801
731.1659,237.5704,219.2649,93.3092
722.9592,237.8317,219.8001,92.7823
724.015,238.1992,221.7152,91.7714
721.9288,239.4044,222.3994,91.1794
713.4073,238.6131,221.9227,89.2317
710.3104,237.7209,218.5681,88.4048
709.0675,239.7568,218.201,88.2207
765.445,260.5303,215.7989,87.8125
767.1514,263.8397,212.3011,87.454
763.7313,265.4415,211.2198,87.1524
2
0
0
0
0
1
427.8607,199.1511,209.0862,126.6332
422.7095,198.1329,209.2145,129.8166
424.306,195.7852,209.4751,129.7296
424.0513,195.0346,210.2822,129.0711
422.2366,194.1872,210.7237,128.5831
425.0238,194.5518,210.3355,126.9451
421.8888,190.3159,207.6825,127.8622
421.5809,191.2973,205.5406,127.1831
420.7191,189.4209,204.6146,127.3893
421.5427,191.5452,203.8374,127.2176
420.1502,191.1674,203.1088,128.1649
420.7476,193.1323,203.5872,127.9201
421.1843,194.6907,203.4812,126.6721
420.6195,195.7244,202.3834,126.1679
420.5278,197.3949,203.3457,125.2539
419.4978,197.9948,203.8598,125.5762
414.4651,197.6257,205.6305,126.5863
412.5781,198.1979,208.5747,127.1796
411.0497,196.8153,211.334,129.1508
408.99,195.7321,214.3643,129.8145
406.9873,192.6477,208.5114,139.0632
404.8328,184.5387,205.4147,142.6387
403.2365,188.0187,204.5104,142.9273
404.2937,188.4421,203.4669,142.9675
402.9435,185.9216,203.4104,143.8352
400.3157,187.2841,203.2621,143.3614
397.9207,181.2733,204.2073,146.1245
402.9666,181.3364,205.0088,148.9842
398.1716,183.737,207.0014,148.5641
394.8413,184.0398,207.5685,147.7121
392.9339,186.8034,206.0137,146.5966
392.4772,190.7916,201.0628,145.2933
405.3536,191.6492,197.877,147.3075
400.8615,194.0237,193.3592,148.4133
406.4682,197.2904,191.9961,148.9217
401.4952,194.3839,187.7714,148.9255
400.0243,198.063,185.5634,149.6688
399.7013,201.0204,182.8,149.3167
401.1811,196.618,180.7657,150.7941
398.9525,202.2503,178.1172,150.2031
399.3169,201.1802,175.9731,149.3012
393.4425,205.7854,169.4166,148.216
393.6598,208.2613,165.788,147.0377
394.8794,209.3086,163.5921,145.4779
392.8986,212.03,158.8457,143.7635
393.5307,213.7709,154.8191,141.5482
393.9659,216.2985,150.1633,140.4093
391.4815,217.942,146.4282,139.4631
391.0273,217.3231,142.3474,140.457
389.0909,216.5823,139.9638,138.9237
388.5693,217.142,137.2412,138.6516
385.4197,213.1969,134.9857,138.2313
386.8242,216.1941,133.7895,135.0217
385.6488,217.3794,134.2244,131.7742
386.3926,220.6978,133.9702,129.3571
385.6726,221.9204,133.262,127.3326
385.3994,221.8927,131.3704,126.2951
385.2764,223.2885,130.9606,124.3584
384.7769,223.628,131.4191,122.7883
384.3667,223.5824,131.4774,120.84
383.113,225.0967,132.401,119.4976
380.868,224.8509,132.4769,118.3673
380.8913,225.2607,132.0084,117.4758
380.6853,224.9089,131.3659,116.876
380.2895,225.5758,130.8232,117.2494
378.9129,227.4273,130.0682,118.4448
378.8787,226.5648,129.9709,119.2307
378.9665,223.811,130.2935,120.4139
377.5581,223.3929,129.8461,122.116
376.6051,224.068,129.1538,122.9468
376.303,223.8899,128.9098,123.9244
375.9553,220.3128,129.3397,126.7669
378.9032,220.9448,128.851,128.1952
378.1594,221.2584,130.9485,128.5658
377.5939,220.3321,131.3611,128.6315
377.9956,218.2292,132.0445,127.1094
368.2081,219.2344,139.6043,122.5776
366.6864,221.2914,144.3941,119.6096
365.0177,221.7968,147.7281,117.6569
364.5104,223.5373,149.8575,117.0989
357.3728,223.8567,152.1511,116.1607
356.6918,223.1658,152.9407,117.4421
356.3892,221.5337,153.0986,119.0438
357.9428,221.0939,152.2407,119.7233
357.1021,220.9771,153.281,119.7626
355.1705,218.2986,155.4565,120.9619
357.2431,221.7351,154.3673,120.2622
354.5192,225.2894,153.7517,119.8484
358.1821,222.2768,153.1736,118.9499
360.4637,221.819,152.903,118.0665
354.5761,222.266,154.2453,118.0406
341.4693,221.9137,158.2812,116.8104
345.621,220.9716,159.2868,116.9872
349.2456,217.8407,158.4488,116.8357
347.6836,219.5377,158.7921,117.3076
349.8535,218.0985,158.705,117.5893
342.0832,219.7943,160.4987,117.1678
340.3392,221.7654,161.4556,117.9857
340.3033,219.0902,161.6264,118.4617
326.7771,217.7664,169.1664,115.8465
328.5437,218.6471,172.611,113.8351
335.1039,220.2804,171.1738,115.4263
332.6645,217.0373,170.4203,117.6114
261.3723,241.6556,164.4731,120.0237
259.7428,246.7371,160.0484,120.7236
259.9353,249.9014,156.2168,121.5566
258.5215,241.4661,150.4261,123.83
260.1163,246.0578,146.8169,123.9122
260.9216,241.1466,142.8303,124.4806
263.0329,245.4837,140.8706,123.9993
263.0209,249.5116,139.5992,122.7814
261.8483,244.5199,137.0834,123.0135
262.3541,241.3919,134.5189,122.7726
258.3408,245.8907,134.2703,121.4446
234.5072,254.2248,129.988,121.4611
235.3064,254.1333,129.3616,121.3254
231.6539,252.5818,129.613,120.8999
222.8051,256.1566,127.008,120.1299
229.0644,255.1665,124.7615,119.558
226.3905,255.2512,123.8357,119.5421
226.0157,253.8569,122.6875,119.2721
222.4796,255.3886,122.6772,118.4851
213.3955,255.5407,124.3194,118.2626
205.0142,254.8232,128.2556,117.4012
196.359,255.631,132.9188,115.8021
180.0067,249.1174,134.3353,115.0359
176.4819,246.9823,138.174,113.911
172.7552,244.9184,142.2929,112.253
173.3916,242.7994,146.552,110.016
171.5075,243.7867,150.3233,108.941
168.8322,245.6383,153.0774,108.9111
166.8299,244.4063,153.5007,110.1602
168.1794,242.8997,154.773,109.8443
168.0807,241.1875,154.8902,109.5021
162.1399,241.3356,153.579,106.9955
166.5183,248.9193,151.2383,108.9872
166.4725,246.3985,152.5243,108.9727
165.4492,244.5119,153.4848,109.4521
161.0733,243.6329,153.4649,107.7826
164.5696,242.1531,153.9894,106.6124
156.9484,242.7554,153.5206,105.466
159.006,242.9254,154.6807,105.8686
149.9374,245.2426,162.9155,100.4348
152.4798,248.0975,169.6713,98.8778
145.9516,249.0625,173.1429,97.9157
141.4013,250.6678,175.2176,96.6553
139.5177,252.3049,176.9088,95.6613
173.6174,251.4439,169.4495,104.9736
172.4276,251.7273,165.0217,112.461
182.9951,252.4262,163.5408,118.2445
159.88,247.5574,162.6528,121.4204
175.111,247.6474,162.8292,124.7026
193.3955,247.0842,161.1403,127.9547
193.4658,246.1443,160.3866,130.4307
191.7758,245.4609,160.2039,132.3398
193.8745,245.1322,159.8768,133.2477
194.0158,244.8706,160.2125,134.114
193.2124,244.5979,161.1581,135.034
192.7776,245.1041,160.6394,135.7766
195.3042,245.8985,159.385,135.4314
165.2448,237.7016,166.4763,135.6031
151.5091,238.145,173.7159,136.0906
141.3,235.8901,179.1653,136.441
150.3947,238.4668,183.4183,136.7953
145.0328,237.189,186.2504,136.62
137.8871,235.5173,190.6378,136.1834
143.4005,237.1284,193.9053,138.5446
130.9535,228.5857,206.2369,133.0111
120.4646,231.8031,215.0199,131.0132
107.6796,233.0635,222.3342,130.2251
112.0875,234.883,225.0468,131.98
102.9593,232.6868,230.7959,131.4672
117.0331,235.6763,228.6127,131.8837
99.813,233.9538,233.56,131.9049
92.7887,233.4912,238.6382,129.6564
73.341,234.1217,250.4506,126.803
86.7427,233.1756,252.4071,127.7945
82.1697,233.3358,256.2619,127.9462
87.1367,234.1052,260.0536,129.0533
86.1515,234.3108,261.0638,129.1987
89.7372,231.6053,260.072,130.1209
76.1837,230.658,266.7263,129.7175
66.7878,233.6888,272.5143,129.3785
67.4017,235.9001,274.7504,130.3048
66.8472,235.8975,276.3015,130.9184
69.1604,236.6515,276.391,131.2707
72.1605,235.9026,275.1453,131.5885
72.0518,236.736,274.8492,132.9813
60.3276,237.9312,280.8556,133.0674
52.7815,237.5889,285.9276,132.8393
49.4755,237.5535,289.0067,132.8947
46.9729,238.1292,291.3672,133.5535
37.6952,239.3861,294.1379,134.755
34.9846,239.1093,294.8492,135.6343
34.1083,239.2734,293.9841,135.6432
32.9262,239.521,294.2123,135.6837
34.0184,239.7454,294.3626,135.3013
33.6991,240.6791,293.9767,134.3709
35.7126,241.5994,290.9283,133.2791
45.8428,243.3682,287.1392,131.9616
57.6059,242.953,280.119,131.0199
62.3871,242.603,275.3202,130.3618
73.8322,243.3355,268.4223,130.6223
71.1543,243.3899,265.6086,130.5141
78.1349,243.1093,259.6369,130.8496
78.2749,242.6159,256.8863,131.2628
81.1641,242.0659,252.1944,131.2752
85.7442,241.4193,246.3884,132.7721
87.808,241.2741,243.8317,133.4641
86.5225,240.4204,240.507,134.2852
91.9519,241.2734,238.9851,135.6566
85.267,239.7523,236.0032,135.8962
82.6498,239.6442,235.3147,134.5934
82.2061,239.4494,233.1242,133.6708
86.8823,241.0547,233.3416,134.4226
82.1579,242.0561,232.0051,133.7849
86.2499,241.8936,232.6594,134.0576
85.7642,242.2102,234.0622,133.8113
85.4978,243.2952,235.562,134.2184
87.8753,243.0425,235.782,134.0875
88.8983,243.3999,238.2784,133.719
63.6905,240.2031,236.6283,132.5887
27.1954,237.1323,243.9418,130.6431
19.6441,235.6068,250.1144,127.7895
17.6837,236.9176,254.0755,125.3193
16.4705,235.8879,257.2367,123.802
14.4351,236.1611,258.7189,122.3333
13.9813,235.4967,259.0771,121.5592
17.2473,235.891,258.5473,121.3069
15.2594,236.2663,258.6376,121.2669
13.6615,235.471,260.0316,120.7325
13.9059,234.7162,258.4325,120.786
12.8204,233.7055,259.4744,120.0943
13.5735,232.0039,259.2241,120.2148
11.311,231.7346,260.5089,119.8833
10.1195,232.8477,259.9111,119.2246
10.7037,232.7901,257.4819,118.1673
10.2139,228.954,254.5618,119.3872
11.4433,226.3764,251.5898,119.5094
7.3129,224.9161,248.9722,120.9676
3.6195,222.7497,247.0978,122.1157
4.9663,221.849,244.0363,122.7773
4.2325,223.0726,240.7819,122.9303
4.1195,222.799,236.9287,123.8221
8.1943,223.1823,232.8883,123.9618
5.9423,223.0737,231.4027,123.6045
6.671,221.9224,228.9315,123.6594
9.1364,223.4507,226.4813,123.4715
7.4812,223.3183,224.6768,122.873
9.0086,222.3984,223.3765,122.741
7.4596,220.0108,223.1044,123.7422
10.1337,218.2128,221.8759,124.8136
6.1598,213.9964,224.0867,127.1774
4.5164,214.6521,225.007,127.645
5.6573,215.6852,227.4509,127.3522
3.6144,218.9521,230.8023,126.0188
5.2708,221.6437,231.779,124.6828
3.5538,222.5279,233.5651,123.6041
1.1872,222.6402,235.1064,123.1542
3.3392,223.0249,234.6736,122.6122
1.8999,224.0465,234.68,122.1037
-0.2999,223.6811,235.4727,121.7407
2.884,221.7197,234.1128,122.4715
0.6973,218.1046,232.2374,125.2615
2.5184,210.4368,229.733,129.457
3.8163,204.2309,228.3288,133.3669
4.7942,201.5539,225.7995,136.2838
1.9602,199.507,224.8338,138.4476
2.4113,198.8605,226.0033,139.9027
2.3193,198.6415,225.5672,140.9104
3.5478,198.103,225.2786,141.498
3.6082,197.4635,225.2132,142.4185
2.8321,198.0489,226.1931,142.0521
3.8451,199.8096,227.9553,141.801
1.6975,197.1876,228.0554,143.0354
1.9824,197.8771,229.4064,142.82
2.5386,198.6378,229.9535,142.6296
1.1381,197.3521,229.1432,143.0681
2.031,195.5405,229.348,143.4083
1.1843,197.1369,229.6524,143.3815
0.6602,195.2355,230.0305,144.2443
0.7768,195.217,229.37,144.082
2.043,196.8085,228.2165,144.0936
1.6846,196.9118,228.4717,143.6582
1.5442,197.3383,228.1055,143.5477
3.0271,196.9771,228.3042,143.4174
5.2575,196.6873,226.5895,143.0739
10.8008,191.4001,219.0116,147.8389
12.1438,190.2634,214.5117,150.4824
13.4273,188.4257,211.2717,152.5068
14.5069,186.3998,208.813,153.9005
16.0811,185.08,206.6765,155.0981
13.2353,185.3523,205.3156,155.4872
12.5978,185.401,204.8225,156.1452
12.7798,184.477,205.0468,157.1267
12.2581,183.0445,204.9471,157.5823
11.6971,184.662,205.4586,157.3344
12.0262,183.4857,205.1924,157.3465
10.1749,183.1734,204.4832,156.9013
12.3186,184.5154,203.9011,156.0616
12.1322,185.0216,203.7506,155.9162
12.1945,184.3499,203.0775,156.207
12.6255,183.7843,202.5889,156.5127
12.6244,183.0289,202.3679,156.8781
11.8878,183.0606,202.9331,156.768
13.0779,183.4399,202.4521,156.8389
21.5157,186.2104,199.5649,156.0295
36.0002,203.7657,194.5364,152.3764
38.1186,210.1353,192.5398,142.8322
46.3642,222.9092,189.304,138.6878
51.643,221.2678,185.4497,134.0497
49.3191,223.9605,178.78,130.7121
55.2251,223.2666,174.5691,126.8329
57.3686,223.369,169.9855,123.9216
57.8813,224.4407,165.9405,121.2129
60.6269,227.0521,163.3267,118.5701
62.5903,226.8294,160.2325,117.135
57.3166,230.9478,155.3745,117.2578
61.4082,228.9005,151.7856,116.0706
60.5854,229.0561,147.7821,114.1513
60.5919,229.6731,143.5387,112.952
60.5329,229.0435,139.2861,111.6234
62.6195,230.8626,136.321,110.7965
65.2638,228.0585,133.1108,109.8335
66.2719,230.6503,130.0899,109.7119
69.0382,228.7965,126.8639,108.829
68.165,229.8813,125.3862,109.0843
72.282,227.0999,123.2653,108.2386
70.9479,229.2548,120.7338,108.3129
73.8226,228.5546,119.9423,108.5198
73.5603,229.3712,119.8565,109.2382
76.8571,228.5802,123.6413,109.949
78.3491,228.5388,129.8645,109.3223
79.0423,231.2169,136.2234,109.5246
75.8037,230.9886,141.0911,109.5066
74.3762,229.71,145.2695,108.3063
72.7953,229.4762,147.8877,107.6888
73.8348,229.0796,149.7891,107.0858
73.1059,229.5773,150.618,107.5791
72.4843,229.476,152.3382,108.2747
68.3404,232.1822,155.3378,109.3615
63.4739,230.45,159.2742,109.9379
63.4901,230.2434,160.894,110.6254
59.651,233.7306,163.3599,112.4583
59.29,232.2517,164.7112,113.5067
56.3687,235.4562,166.5531,115.2029
54.7188,233.2926,168.5201,116.7875
57.5981,234.5909,170.1186,118.5661
60.8656,235.7186,173.2012,120.7199
59.862,235.633,178.0546,122.2575
58.8959,236.9119,182.9211,123.8869
56.4759,237.3095,186.3004,125.7584
58.0139,236.1502,188.5369,127.5406
55.5522,236.3868,190.7772,129.0906
56.7524,236.3453,191.8621,130.2721
56.1532,236.1273,193.1829,130.9691
57.1896,235.7997,193.0083,131.3337
56.5931,234.9859,193.2275,131.4801
58.771,236.1397,192.767,131.0917
59.4008,235.1815,192.1958,131.2157
58.4546,235.8184,192.7593,130.7882
57.0965,235.5526,193.0547,130.2889
57.0706,235.4019,193.7652,130.3562
57.7222,236.0449,193.657,130.4214
57.4431,235.8319,193.2666,130.6211
58.6526,234.7937,192.7093,130.7044
59.4553,236.0441,191.8896,130.5214
56.4154,235.2147,193.1611,130.457
58.3422,235.0208,193.5648,130.2388
57.0423,234.9875,193.6213,130.0741
59.5842,235.8908,193.4119,129.4426
55.8619,236.6361,193.1784,129.7991
61.0499,236.1558,192.3128,130.9513
57.9391,236.9916,193.2759,131.9026
63.5118,235.781,191.9034,132.9465
60.0407,236.1515,191.7415,133.5314
59.3465,234.9657,191.9129,133.349
60.713,234.3837,190.9792,133.6214
62.3369,234.3615,189.7416,133.4369
64.1605,235.1367,188.6703,133.808
66.3945,235.4845,191.5183,133.6191
68.6279,235.9408,194.5336,133.8806
72.4246,235.4516,198.845,133.556
71.296,235.3397,202.8147,134.2908
69.2357,234.9101,205.936,134.8995
68.0607,230.3143,210.1457,136.747
69.3228,230.3382,213.9451,138.5975
70.7661,232.305,223.3195,134.8521
63.5412,232.031,233.0281,131.9637
58.3903,234.9626,239.1098,132.2048
55.1161,234.1499,242.4846,132.3453
50.2196,233.9101,245.546,131.8334
46.875,233.0507,248.729,131.5021
50.7769,231.5469,251.1492,131.0237
44.8794,232.1802,254.4066,131.3505
41.5736,235.9462,255.1655,132.3397
36.9944,236.0609,258.869,131.8608
33.0476,236.37,262.7237,131.6814
42.0316,239.7249,266.199,129.5109
41.8587,242.8033,272.3216,128.0933
48.4656,244.7566,276.2887,126.9405
45.6766,245.6501,281.2482,126.8348
42.75,247.3189,283.7397,127.5608
42.4689,248.8938,288.0218,127.4072
38.6845,249.6641,290.3169,127.67
44.9353,248.5131,289.9547,128.5121
37.732,248.7605,290.939,129.3005
37.663,248.3212,291.4873,129.986
36.5585,248.7534,294.4953,129.7756
36.3042,248.7537,295.7341,130.2002
36.3969,249.3448,295.9644,130.6506
43.2257,249.1487,294.8283,131.4161
38.5583,247.3224,294.837,132.5068
42.5388,247.8839,291.4483,133.1106
39.7876,246.3654,291.6245,133.5567
40.5286,245.4384,290.8425,133.2259
40.0097,244.8742,290.7289,133.1555
40.6848,244.3907,291.9869,132.4293
42.7568,243.6859,293.3984,131.6001
50.1883,243.2392,290.6014,132.0903
51.9713,240.0022,290.1693,132.3183
54.9165,238.8529,288.3108,132.8414
52.8416,237.9142,288.5523,131.8187
52.4771,237.1043,287.3607,131.4759
55.617,236.8042,285.8228,131.5101
52.3417,234.0779,286.7716,131.9397
51.3457,235.6835,286.9319,131.3398
49.7045,236.6272,287.3345,132.0291
54.8462,234.5077,284.4999,132.84
48.8791,231.4978,287.3999,132.5671
60.38,230.3156,285.2592,133.4827
61.1349,231.2291,286.7982,132.7132
60.3052,231.2474,287.018,132.7774
60.5781,230.8474,287.3514,133.1354
61.5291,229.4971,288.5275,132.7233
64.1231,229.2022,292.7924,132.0575
63.3544,227.6087,294.4924,132.2326
64.6369,228.5412,295.599,131.662
65.243,232.2656,295.5145,131.4886
78.825,231.4457,290.313,131.2339
95.5406,232.7079,280.28,132.6251
104.6014,231.8512,274.9959,132.4534
112.2068,231.2891,269.8246,132.9715
122.2942,230.8697,266.4949,133.3785
127.6847,230.8175,265.8603,133.0446
131.6551,231.9099,267.2813,132.8345
126.5889,232.9847,267.8835,132.602
130.1695,231.4876,264.7616,133.3689
136.2744,231.6421,263.132,133.41
135.6204,231.9008,263.5963,133.259
137.3694,231.922,263.2098,133.5343
140.249,229.9333,261.3296,133.6348
137.6559,231.5085,262.2274,132.0044
145.9369,230.6387,265.9283,130.2029
145.723,230.754,270.7936,128.0738
145.3824,230.4449,275.7724,127.5027
149.3936,229.4257,276.7221,127.8886
149.3888,229.8169,276.8517,128.5968
149.2111,229.0692,278.2242,129.0123
151.6144,228.8599,279.1093,129.237
154.8922,229.3871,280.0854,130.148
154.8381,228.1333,281.2957,130.7435
155.0918,226.9308,282.1691,131.4798
159.5006,226.9541,281.4707,132.0893
162.7299,226.5126,281.2938,132.0892
164.1193,227.3893,280.1458,132.6964
167.6454,225.9397,278.7215,132.8691
165.2202,225.7678,281.1183,131.8546
167.8598,225.6709,278.2225,132.503
169.737,225.6361,277.4221,133.2407
172.9771,225.5777,273.968,135.9016
182.1213,223.0296,269.5799,138.4459
182.3672,220.6732,270.3032,138.7837
179.5472,220.1828,273.0272,139.7326
183.3905,219.6292,273.6746,138.957
191.7501,219.0857,272.2995,140.2775
194.0,218.7101,271.3821,140.3161
196.3737,218.1509,268.3605,140.7114
203.2799,216.941,264.0442,139.9902
199.8223,216.7205,264.7409,138.4686
195.0459,217.012,267.1636,137.2047
194.8319,217.9837,267.7605,135.5009
196.5565,217.6058,268.1561,135.2525
204.4033,216.1179,268.8027,135.1173
208.5556,215.8752,269.1844,134.2453
209.6333,216.4007,269.9444,133.7803
211.3532,215.7891,269.1001,133.1872
210.6938,215.5099,270.2876,132.1776
214.0238,214.8118,270.6019,131.6802
216.0269,214.4969,271.0208,131.2006
212.1082,215.1372,272.8015,131.0869
212.8078,214.2619,271.9157,130.5582
210.344,214.939,271.7228,130.7904
215.4196,213.9939,269.4288,131.0216
214.9296,214.6063,269.1174,130.5544
218.8668,214.2156,267.6839,130.4058
216.7237,214.9571,268.0455,130.5323
217.819,215.697,268.8564,129.9911
218.789,214.473,268.1204,130.0555
219.1896,215.1236,267.3826,129.9287
217.1953,215.9607,267.6666,130.4498
222.3896,214.877,264.3875,132.8649
221.3672,214.4458,262.984,133.619
222.1027,214.9189,261.6414,135.0748
222.7024,213.3859,258.5891,136.2746
224.1256,211.653,258.9207,137.0949
224.4443,212.1865,259.8263,137.0537
220.4221,211.747,261.5509,137.3518
223.0423,210.5465,260.9981,137.3719
219.5277,210.7146,264.1138,137.1085
222.8488,210.0379,263.5062,136.6923
221.7447,210.1601,264.0204,138.0123
223.0221,210.7683,264.5714,137.9714
221.1554,210.5528,265.6484,138.4938
221.7637,210.3046,266.5254,138.576
220.1112,211.6098,267.4887,139.1814
221.9875,208.0534,266.7675,139.1516
218.2773,208.6482,268.2621,138.4879
218.6517,207.7166,270.1625,137.4253
215.5572,208.4381,271.1885,137.2723
219.36,208.7054,270.5896,137.3058
219.1294,208.4891,269.6815,138.0563
220.1572,208.2217,267.2853,138.9444
221.166,207.6705,265.8617,139.7368
222.553,206.7865,265.6321,140.4278
220.6135,206.3087,265.3209,141.0326
222.521,205.2601,264.7876,141.5068
218.1404,205.0843,266.3696,142.1617
218.9389,203.5286,267.7122,141.4452
215.5895,203.8586,269.6004,140.8394
217.7973,204.6798,270.0789,140.8848
213.8535,205.5155,271.9879,142.0699
216.9791,204.3763,273.1553,141.2313
213.1984,205.9316,274.4807,141.3963
217.2307,205.3047,274.3128,141.8529
216.539,204.3081,272.9873,142.7287
216.9775,204.5938,272.1171,143.3125
218.3092,204.9308,271.6704,143.6624
215.8886,202.8099,271.6962,143.6817
216.2051,203.565,271.9161,144.7445
215.5532,203.4702,271.7657,145.5574
217.2116,202.8649,270.7394,145.3386
217.7829,203.9757,270.9215,145.5608
216.6834,204.2391,272.9927,145.5606
219.0431,202.5128,274.0491,144.8293
224.1548,199.3661,271.9112,145.9507
229.8058,200.4103,272.3624,147.6386
222.9846,197.5116,276.1343,148.0647
228.3018,196.9235,280.0243,146.685
229.1449,196.3795,279.7231,149.3555
227.1077,196.6078,282.8931,148.2555
223.074,195.4396,279.3677,147.0334
217.0118,197.8915,281.3816,145.644
224.0288,199.18,280.4634,145.1212
223.6516,201.1431,283.4611,144.3213
226.3833,198.8297,284.6816,145.4591
224.9853,198.1236,289.0875,146.9966
218.7245,195.0651,289.3733,145.1491
220.1126,196.9028,288.789,145.8058
211.717,190.7858,282.2212,148.0681
216.6929,188.5513,274.394,152.1214
214.5012,187.0524,270.6172,155.9072
216.6446,184.1399,267.3719,156.8189
215.6755,182.6197,266.156,157.0205
217.7518,182.1254,265.2776,155.2132
215.3445,182.6136,265.5846,155.7956
218.3566,183.3434,262.9043,156.0648
223.2549,180.8845,261.0751,155.8369
222.4566,181.7787,261.4439,156.4005
225.9855,182.4543,251.2984,161.9515
227.7843,180.8323,244.4298,164.7648
229.6245,179.904,239.3457,165.9549
232.0551,179.4103,236.1021,167.0165
232.9692,178.1236,234.3865,166.9969
228.7436,178.3596,235.1107,167.5702
233.3434,178.1241,234.048,166.4863
232.1185,179.4685,233.0819,167.0122
229.2445,179.1886,239.6907,160.8458
230.9265,179.0949,237.966,162.712
229.5618,181.7108,237.1458,165.3485
231.1291,178.4736,237.0093,165.701
233.712,179.1137,235.7553,166.8701
235.9038,177.7898,236.5404,167.2117
230.3392,178.3681,237.5596,167.8393
232.2088,178.819,238.5214,168.3982
229.8924,179.0093,238.5821,169.3647
231.2167,179.687,238.4584,169.206
230.439,181.4174,237.6514,169.9733
232.6974,179.7757,237.6622,169.1946
232.0677,180.9182,237.8111,170.3402
231.1068,179.0738,238.6698,169.8439
232.255,178.7733,237.9938,169.1803
231.1078,180.8705,237.5195,171.204
232.4542,179.0512,237.8306,170.6188
234.2201,180.1139,237.2915,171.1052
230.8919,180.3004,236.9282,172.4314
232.7787,177.8552,236.3837,171.4347
228.8264,179.9445,236.6943,170.6601
228.5266,179.7792,237.3275,169.8389
231.8913,179.4978,236.8862,168.5579
231.7902,180.149,236.3398,169.1847
231.0319,181.0969,235.1407,170.5577
231.5478,179.9495,234.8672,169.7784
233.7484,179.5638,233.8026,168.8974
232.9207,181.5787,232.4631,169.4668
232.2997,182.0468,232.7915,169.5573
232.959,181.5708,232.785,168.7423
232.7403,181.1158,234.3171,167.7549
232.7676,181.7373,234.4875,166.8289
232.4036,182.3586,234.6456,167.7416
228.9836,182.4408,234.6762,169.8779
231.1093,181.4811,233.551,168.624
232.4904,182.2574,233.3079,169.0129
231.8439,182.0474,232.8466,169.301
231.9403,182.5506,232.4352,169.8341
236.3158,184.839,232.4994,169.6715
236.231,184.0006,231.4561,171.1841
236.1698,183.3046,232.2133,171.3801
234.9826,181.8775,232.4974,171.8783
234.3408,180.5074,232.6626,172.643
232.4165,180.3498,233.9112,172.3009
231.4073,180.2684,233.9386,171.8281
232.2597,181.1454,234.517,172.1635
232.9647,180.6211,234.8508,171.3932
232.3702,180.2534,235.5187,172.0333
232.7681,180.6126,236.1549,172.318
234.4265,180.5064,234.5954,172.2044
231.2745,182.085,234.6943,172.6525
236.9508,180.9101,233.8038,171.254
234.6565,181.2567,232.9996,171.6406
233.6759,180.3363,233.8782,171.2934
233.819,180.4076,234.3417,170.9768
233.8296,181.3498,233.9614,171.6563
232.2813,182.0537,233.9427,172.6241
235.8072,182.2442,234.9499,171.2851
234.3044,183.7062,234.213,172.932
238.7474,179.8997,234.5759,171.3153
240.6506,182.1727,234.3248,170.8792
245.9773,182.346,232.3246,172.0323
241.0082,186.7753,232.8804,171.1704
241.311,189.0638,240.3327,163.0568
240.8121,191.9999,246.2156,158.4714
237.75,194.6403,252.6408,154.149
234.6838,196.3046,256.9215,151.8036
234.746,197.0882,258.6176,150.4107
236.1664,196.4593,258.3627,150.1528
238.072,196.7223,257.7892,150.0209
239.2794,196.3289,257.8409,150.32
242.3499,195.4758,257.5253,149.6777
244.5782,196.4116,258.6253,149.2331
246.0165,199.0284,257.8442,148.8148
244.7194,197.3334,258.6671,148.0449
251.0166,199.7251,257.634,148.2415
251.8888,202.08,261.372,146.9579
259.1109,208.3339,265.3398,143.9846
255.9871,207.0011,264.3615,142.2201
257.4643,207.7686,269.7817,139.2028
255.4217,209.5532,273.5775,139.2072
259.2402,207.3472,275.4982,138.9094
262.8632,208.2225,275.4899,139.2305
262.8487,207.4348,271.6365,138.9395
265.6343,206.6578,273.44,138.7487
267.8094,207.0783,274.3383,137.1651
265.957,207.7145,272.9736,137.2557
271.7422,197.6698,263.1508,143.0393
291.2522,199.2401,256.3477,142.9693
281.677,207.3643,256.1405,139.8745
283.1011,211.1718,255.7378,138.8441
288.2721,212.4251,253.9215,138.7562
285.1597,212.374,250.1494,138.2648
299.3847,212.486,247.8696,136.8181
303.0715,212.1633,248.3791,134.8319
307.9836,213.0629,249.0033,133.6205
314.4367,212.4718,250.7478,132.066
313.8561,211.1063,250.7658,131.5744
315.1828,208.6519,250.0439,131.3796
327.1837,205.9385,252.3429,131.2034
323.6495,207.0166,253.5841,131.0761
328.4845,206.6708,256.1943,131.901
336.3047,205.9418,258.0369,132.409
342.0784,202.549,259.4454,132.5227
341.3579,203.073,261.838,133.1783
336.8458,202.0918,259.2459,132.0508
343.4108,202.4035,259.3022,131.4183
348.666,200.4726,260.2721,130.9099
362.7903,200.9516,263.6952,133.5297
363.1286,202.4463,265.7613,134.4946
363.0149,202.2126,269.1844,135.1306
363.1957,201.2791,271.3638,136.7462
365.9491,200.262,271.4289,137.8884
376.0524,194.5263,260.3059,148.673
384.2466,191.8628,252.2806,156.0363
383.7557,192.1727,246.1987,159.1437
387.9358,198.7768,242.3717,159.2941
401.0879,193.5887,235.9179,162.8235
418.9588,194.398,229.5616,164.8506
430.3446,194.166,223.4969,167.7704
437.1295,199.247,219.0042,165.8578
444.2831,199.9455,213.3193,164.5822
452.6393,186.9663,205.7357,163.8476
458.3942,185.8539,197.8025,163.5038
458.3038,187.5803,190.5589,161.9189
459.1138,187.3036,185.05,158.9704
457.9174,187.8941,180.0659,155.2964
469.6612,173.1851,180.1094,155.1462
472.2914,175.9417,178.4583,154.6709
471.4518,174.8068,176.6542,154.5285
470.6612,175.3725,174.2836,153.6943
473.1413,173.7474,171.7891,153.3357
474.9002,172.3322,170.2442,152.3899
2
0
0
0
0
1
719.5875,236.4081,147.5058,72.1519
718.7404,235.2746,151.3829,73.5723
719.8986,235.7162,153.2147,74.2869
719.3729,234.1327,155.4681,75.1253
719.5307,233.103,158.1953,76.9123
721.2953,232.6552,160.936,78.5157
718.2579,233.042,162.992,79.6246
719.7579,233.7417,162.8429,80.3941
717.4195,233.7549,163.3745,80.6562
714.6701,233.1006,161.2784,80.228
715.0093,231.9246,158.2373,79.5169
714.5786,230.9126,156.8697,78.5965
719.4971,229.8383,156.4205,79.3383
724.1968,229.6112,157.2586,80.0337
724.1426,230.4777,158.4478,80.9006
723.7476,230.0816,161.5286,80.8767
721.0711,230.0422,164.2565,81.4064
721.4633,229.347,166.5072,81.1102
723.5176,228.6678,168.0348,81.9609
726.8212,227.8333,170.1248,83.1724
727.5842,227.2759,174.8937,83.7402
730.271,227.6114,177.0088,84.3518
732.2636,226.7534,181.1107,85.8075
735.3802,226.3016,184.7849,86.7863
732.2895,225.7979,190.298,87.3738
733.0861,225.0768,193.2969,87.6978
737.302,224.1712,195.4324,87.9999
741.8966,224.2714,196.5995,88.9889
743.5826,225.0981,196.7549,90.1373
748.5496,224.7514,196.0252,90.803
749.4992,225.4724,196.2957,92.7129
