1
593.6054,492.0135,75.2261,90.1705
591.78,491.4529,75.2237,91.1427
592.2373,488.6969,74.9145,92.8686
593.608,488.3666,74.0788,94.5472
593.75,490.4946,73.4207,94.1136
597.066,489.9883,71.9486,96.0206
600.5125,491.3854,70.7745,96.6002
601.8721,493.2811,68.6217,96.1331
605.4222,498.2754,66.735,95.4397
606.9773,501.9636,64.8913,95.994
607.1727,503.4529,63.6998,95.7655
608.6171,502.6698,62.788,96.096
606.8955,504.2931,63.0673,95.5842
607.3331,505.4692,63.0112,95.5735
603.8784,507.5232,63.136,95.1543
603.4603,507.4962,63.3338,94.8504
602.515,508.6475,63.0937,94.5877
603.0111,506.9131,62.7655,95.2064
601.2906,507.9086,62.7883,95.4631
602.2858,507.9588,63.0274,95.4923
602.4162,507.8308,63.4291,95.398
603.2142,507.9829,64.7667,95.2267
601.6673,506.6474,65.7584,95.6532
601.5745,507.5418,66.0271,96.2484
600.5826,508.5725,66.5401,96.3155
598.8778,511.6112,66.0651,96.092
597.8249,512.8119,66.0259,95.7486
598.6332,513.2977,65.4832,95.4424
598.9625,513.3945,65.0423,95.8076
600.0595,512.9438,65.0425,95.861
601.4954,511.1562,65.0537,95.5212
602.3751,510.7711,65.3458,94.6638
603.2774,510.7275,65.2151,94.1466
603.6557,509.239,65.2529,93.5838
605.0483,508.9901,66.0859,93.7815
606.787,507.9945,67.0185,94.3456
608.4479,507.3541,67.4605,94.6563
609.9118,505.9573,68.2624,94.9776
612.3677,505.0665,70.3317,95.2388
614.3816,503.5644,72.6168,96.1509
617.7955,505.0746,73.866,96.6627
619.0025,505.2931,74.5788,97.609
622.6944,508.7669,74.2259,98.5566
621.7803,511.9059,73.8671,99.3649
621.229,514.3521,73.4309,99.0522
619.5877,518.7933,74.4909,97.6252
615.818,523.3037,76.1039,93.9063
611.1931,526.6984,78.4241,90.4831
605.4946,530.5334,80.2541,87.0136
603.9214,529.9209,81.3911,85.4643
606.6662,529.5323,81.6577,83.6704
608.7589,527.368,81.3946,83.8949
606.6184,529.3675,81.9593,82.0974
596.3965,532.6467,81.6849,80.8288
592.5878,531.3772,81.8765,80.1533
593.6644,545.8864,88.4304,73.3296
593.106,557.7382,91.8225,68.8721
579.3159,561.1299,92.6653,65.883
574.229,554.3538,93.7948,63.3589
593.8049,544.2851,95.7569,61.9446
590.1914,553.5701,97.8141,59.5667
601.1407,551.0793,98.5889,59.4655
597.2653,538.413,95.0401,62.6798
609.3469,546.5992,96.7896,61.8502
599.236,555.2509,101.1064,58.6898
599.3336,553.1701,102.391,57.5827
624.2091,552.3763,96.5302,62.5651
612.1927,552.1207,97.8024,61.3775
660.5139,541.2576,97.2608,60.3153
664.5422,548.7191,90.5722,65.0976
672.6442,544.8236,85.1862,68.7656
675.425,535.2213,82.877,68.5552
685.5761,537.4751,79.8821,69.0054
686.5423,529.4456,77.9017,69.5187
682.5083,538.1158,77.0233,70.431
684.6549,537.9475,77.2877,70.5647
686.0607,541.2535,76.8257,71.0454
691.7633,560.0734,75.4306,72.7717
684.941,567.3974,73.4518,75.8739
693.2196,558.5004,72.5967,78.2263
701.9446,559.9409,72.2413,80.9511
703.3059,565.4404,71.4153,82.2803
713.5108,557.7717,70.6558,84.4473
716.0473,559.215,70.5383,85.22
728.509,575.8722,71.0378,84.5059
732.6896,572.0767,71.3241,84.1178
742.692,543.2486,69.2406,86.8212
749.9852,550.1503,69.2691,86.2391
753.1419,549.0204,69.925,84.9113
763.1023,538.7231,69.7244,85.9835
764.7459,537.827,69.4036,87.5212
769.7485,536.5067,69.6396,88.3952
774.8538,534.4376,69.8987,89.2775
779.0881,532.1566,69.6583,90.1442
785.226,529.4408,69.4831,90.3855
789.6868,525.6727,69.7909,91.3567
798.6128,524.9644,72.1212,91.8684
802.514,525.7452,75.6355,92.8769
806.7696,524.5839,78.1608,95.1052
810.4431,522.7225,82.1876,96.4205
815.2663,520.7241,83.7707,99.2266
818.9472,521.9876,85.5221,102.785
825.3204,523.5441,86.2933,105.127
829.8559,525.3127,88.1404,106.876
832.5227,525.92,90.3293,107.4387
835.6385,523.0812,89.5699,109.3468
834.6337,524.7372,89.1459,108.8798
835.7145,524.7142,88.4361,109.3519
835.1151,529.8239,88.5092,106.9882
833.8325,530.45,88.1102,106.9363
833.5164,531.6593,88.3562,107.2403
833.8608,532.6873,88.1918,109.5455
833.411,534.47,88.0391,110.6963
831.2845,534.3492,88.0297,111.2701
829.1362,531.5093,88.3051,112.148
824.0518,529.5665,89.2061,113.6222
819.255,526.4993,90.1476,115.5839
812.6481,523.3753,92.8887,117.0211
810.1377,523.114,93.2691,117.4694
798.8654,528.8452,93.9969,118.5805
791.9386,523.7651,95.9482,118.2504
784.8435,517.4304,98.8395,118.3953
780.1398,521.5574,99.0197,119.4564
772.2292,513.3392,101.3948,119.3937
768.854,511.2711,102.9088,119.8097
762.3048,514.7536,102.7865,121.7983
765.4729,506.9978,100.7505,127.4458
758.2923,493.1755,99.9416,130.0323
759.2013,484.9041,100.4991,131.6465
759.4838,480.7175,98.9523,136.3852
752.9002,473.8317,99.6696,138.1551
752.5293,467.1689,102.1462,138.8767
751.9432,460.9016,104.2001,139.3566
748.7722,454.3174,107.5083,136.9198
735.7775,444.2957,111.1764,136.9021
735.0881,435.5632,112.7031,141.2039
723.6252,424.6826,115.0465,143.1466
