1
152.4305,70.4506,45.5622,61.6389
151.8209,70.0814,45.524,61.9278
152.1324,69.9631,45.4895,62.2478
150.9788,70.3789,45.2747,62.1062
151.229,70.2191,45.1657,62.5421
150.0681,69.322,45.3421,62.6046
151.4418,67.8589,45.5415,62.5461
150.1412,68.0735,45.6831,62.3969
152.0332,65.8851,45.9318,62.335
153.5001,64.6202,45.7841,62.1327
155.7142,63.1904,45.7366,61.4209
159.6767,60.7756,45.4831,61.8001
161.8461,56.8363,45.1483,62.337
163.9607,54.2216,44.7975,62.6841
166.9368,52.2907,44.1005,63.1303
169.7826,51.5448,43.1317,63.7151
172.8817,51.224,42.2202,63.8606
179.2249,53.2225,42.3962,63.6466
184.3192,56.8158,43.2105,62.831
187.9751,59.7681,45.2558,61.1055
191.4989,64.6479,47.1507,60.5516
200.1251,67.808,44.8756,63.9283
206.0982,68.0819,43.5046,66.0753
211.5032,66.368,41.6626,69.1766
218.0617,66.4115,40.4857,71.0954
219.9743,66.6881,40.3819,72.0494
222.3246,66.6896,40.2497,73.7937
223.4591,64.6525,39.691,73.6014
224.7499,64.9976,39.3384,74.6077
225.4838,68.6113,44.366,69.7664
225.9296,71.3242,47.3896,66.7004
225.6104,81.6969,50.8796,63.207
224.4244,100.9688,52.7876,60.6793
220.4394,104.4142,53.6658,58.613
215.203,105.3128,55.1674,57.1344
203.5684,106.005,57.8434,56.1055
194.0513,91.4556,58.2663,57.174
186.362,87.6784,58.5955,58.0813
177.7786,82.3805,58.6648,59.5478
172.0842,74.9178,59.1567,58.9673
167.8166,75.5156,58.7899,59.2508
156.4698,68.5731,58.9752,60.0703
151.9897,65.1535,58.3637,61.2116
147.7708,60.7713,57.2279,60.9859
133.4867,58.469,56.4502,59.7264
126.3709,55.4776,56.0989,59.1539
119.9726,50.3944,54.4327,59.7303
114.3886,48.725,49.4783,64.5558
103.8201,46.1525,45.1662,69.8107
98.223,43.5771,41.9578,73.8358
92.4896,40.251,39.6781,76.9656
87.1981,39.3074,37.9717,79.0257
81.3824,37.8116,37.2232,77.6529
79.3321,40.1393,36.0522,78.5359
73.2552,40.0662,35.3451,80.4935
71.3559,39.1799,34.6419,82.1671
64.6012,37.194,34.6049,82.2709
63.5515,38.249,34.5291,80.7083
55.4876,38.0413,35.3338,79.211
49.836,35.6735,35.4071,78.6383
56.5052,40.8098,35.7291,78.7945
55.1984,42.5059,40.5466,73.991
63.9964,48.2623,39.1031,74.9783
73.6998,50.8458,38.0216,75.1825
96.8505,60.8805,36.8328,74.932
119.4069,66.9536,36.4587,76.4843
146.6567,69.2421,42.1282,71.4009
149.9129,64.7029,45.8624,67.7881
160.2545,65.6904,46.478,66.7882
164.9471,69.1702,49.4239,64.2859
175.3412,76.61,51.2935,63.2836
180.7461,81.4274,51.9044,63.9756
200.4262,74.4306,48.3104,68.8705
208.3383,71.612,43.6271,75.085
215.1706,68.7766,40.1928,79.5931
215.5575,67.7951,37.9309,81.9182
214.5496,66.9616,36.9585,82.7932
212.1648,64.7606,37.145,83.1524
198.5504,65.6001,43.43,77.399
195.4687,67.4401,48.542,72.9721
193.061,72.3433,51.7966,71.137
207.6192,66.8438,47.4197,74.4802
193.7825,65.6801,46.1862,75.9511
169.7774,65.7735,50.264,72.7051
160.738,61.6589,52.5197,70.8279
149.0249,58.0273,53.6452,69.4289
143.6286,54.7964,54.0906,68.4803
131.9113,50.6734,53.9907,68.353
123.7148,43.6761,52.7792,67.9728
115.1468,42.6807,52.0634,67.5363
107.7739,41.7973,51.5032,67.2061
105.809,41.073,50.417,67.499
106.2945,40.3908,49.6023,67.5578
108.5628,40.1359,48.9264,67.3223
114.1355,41.5978,48.3691,66.9522
126.5545,47.808,47.9914,66.1225
137.6656,56.0518,49.3154,64.5736
147.7787,58.4989,49.1775,63.8142
159.0967,64.4131,48.3194,63.807
169.1027,66.1971,49.3345,64.0107
184.2663,68.4509,50.6536,62.5814
183.5649,80.1733,51.8649,62.3906
207.9512,72.0286,46.6701,69.2524
216.945,67.7118,43.082,72.5945
219.7276,66.7013,40.8495,74.9292
221.6638,64.1556,39.6814,75.6731
223.6219,63.4267,39.3204,75.5928
219.4178,63.081,39.3162,75.6074
221.6252,63.6228,39.2855,76.042
223.4967,63.8802,39.4216,76.4269
231.944,83.3468,37.8965,76.7095
239.7849,97.99,36.1344,76.9219
239.5144,104.5345,35.3804,76.8004
245.3304,116.9585,35.0044,76.4957
244.2268,114.6197,33.816,76.8087
243.3694,112.9831,32.7379,76.9939
242.6256,110.4432,32.084,76.754
243.7319,114.6885,29.9781,78.4772
247.8844,107.8255,39.4431,68.7934
244.121,112.2506,48.7695,59.8323
239.644,114.6711,55.9598,53.3734
205.1308,87.1396,56.0371,55.1858
196.3472,85.8824,56.7489,56.1813
170.8537,85.4631,57.7798,57.9222
163.177,80.6818,59.4078,59.0648
149.8022,70.0289,60.1658,61.122
142.6368,66.0606,59.8619,62.0869
143.1428,63.1132,59.1984,62.9521
139.8268,62.2936,58.0083,63.6484
134.4699,57.7517,56.1124,64.5983
127.673,56.5588,54.5925,64.7883
116.9803,55.5247,52.5157,64.8736
108.1284,56.5291,50.6855,64.1361
99.5741,57.7983,48.7033,63.251
95.6243,60.2376,47.5408,62.1939
93.8788,62.5426,46.7772,61.2423
96.8207,64.0304,45.3894,60.748
101.2274,65.6265,40.1568,64.7822
113.3052,68.7242,37.3693,68.4395
120.6592,70.0043,35.2419,72.1312
131.9104,76.2813,39.5036,69.0978
144.1911,70.1722,44.4701,65.5041
146.7022,64.8116,46.0586,62.9223
186.8684,94.5057,47.6624,63.5501
192.5853,86.02,48.2936,63.9009
205.5446,91.7167,46.1679,66.6342
213.9129,98.5083,47.1348,65.9652
225.3572,106.8695,47.4083,65.4168
215.6115,109.2887,49.0867,63.7852
210.1037,110.2379,50.339,62.6553
210.9222,111.567,51.8454,61.293
236.14,114.1177,54.3276,58.7412
239.3515,116.414,56.6586,56.2624
236.4084,120.2144,60.9669,51.5856
235.5337,122.7892,63.4625,49.0262
234.7307,124.1962,64.3589,48.1397
233.2849,126.3381,66.5555,46.0174
232.5075,121.7071,68.2887,44.4971
222.7683,123.8321,72.2231,41.5129
191.93,117.4118,74.2021,41.5314
183.3821,110.6415,69.1226,48.1012
206.1061,76.7694,62.8257,53.982
199.0476,76.8029,58.7632,58.2322
208.0896,73.3324,51.9321,64.2266
176.394,64.5204,47.9195,67.6065
163.6968,60.4162,48.789,65.931
167.0176,56.4211,45.4592,68.7814
169.0685,51.5108,43.5892,70.5304
174.9848,46.3256,42.2734,71.5368
176.8202,46.1848,41.7259,72.5657
149.4562,64.6571,43.5118,71.682
152.4098,68.9723,44.116,71.284
2
0
0
0
0
1
249.5819,75.5993,34.6507,35.4564
250.2567,76.4109,35.5481,34.385
248.3252,75.8149,35.575,33.9649
245.3351,72.5673,34.5005,34.31
241.6934,70.8426,33.5883,34.508
236.0789,67.0588,33.8076,35.0328
232.805,64.4492,33.4803,35.234
225.9844,61.9981,33.5667,34.7882
220.1631,59.3384,34.3152,34.3297
214.1419,57.3553,34.379,34.3477
202.2933,53.6871,35.6716,34.0823
191.2541,52.2169,36.7267,34.088
181.3153,50.6502,36.5526,34.4166
169.0321,51.3221,37.3355,34.6509
156.4175,50.9888,38.0415,35.8409
145.0618,49.9841,38.5448,36.5826
131.576,49.2877,38.2823,37.5039
125.2532,47.1756,37.9031,37.4915
115.8425,44.7884,37.3651,37.2784
105.8985,44.4849,36.8111,36.9586
95.607,45.2903,36.1351,37.1206
85.4491,44.9599,35.3076,37.5528
78.2279,44.7209,34.4452,38.0109
72.316,44.7053,33.5415,38.5928
67.4078,46.7173,32.8793,38.8977
64.5032,48.0579,32.3565,39.1821
61.9355,52.6397,32.1835,39.4873
63.1584,60.6114,32.3102,39.5785
67.7054,65.7749,32.1712,39.6399
76.0297,73.8371,31.3057,40.2675
80.8176,83.0451,31.0478,40.2279
88.9502,93.9212,30.97,39.9903
80.8157,98.1363,31.8086,39.8573
81.8773,97.8728,32.9614,39.2175
106.2795,116.0415,31.6675,39.5319
112.8877,119.3722,27.6872,44.5778
111.1087,106.9604,27.9203,43.8838
109.9477,105.9508,28.1361,43.3121
107.3216,117.7805,27.1687,44.155
103.5733,123.0221,28.739,42.0372
103.4979,121.419,30.0264,41.2324
105.761,117.0955,30.0079,40.7918
106.8685,115.8536,30.1938,39.6008
111.0653,114.8464,29.4244,39.1909
113.0758,116.8886,26.7845,41.8045
115.1436,115.4757,25.0482,43.0891
117.1288,115.3598,24.0209,43.5513
118.3797,116.3672,23.0903,43.6624
120.3036,120.5984,22.4643,43.8336
121.4549,116.9363,21.7085,43.7835
117.8872,113.247,21.2353,43.5161
126.0478,110.2069,24.5456,40.3601
119.6707,108.803,25.6625,38.9375
131.3105,107.8601,27.4898,37.2961
128.728,103.1671,27.3784,36.5195
147.5436,102.9547,24.9108,39.612
150.781,99.7406,23.6073,41.1067
154.997,99.8011,23.0017,41.7596
159.1548,99.5325,22.3443,42.162
162.643,97.5792,22.2036,42.183
163.53,94.2946,22.0822,42.3389
165.22,91.1982,22.0766,42.3504
162.7853,89.332,22.2084,42.2613
165.8291,84.8007,22.3844,42.0785
166.319,69.821,21.1532,44.8186
170.1143,68.4939,19.8888,47.1502
170.2263,66.2864,18.9577,49.232
169.6668,64.8203,18.4895,50.6542
169.3504,63.7617,18.4293,51.1285
169.1021,65.1873,19.2653,50.9632
163.5037,67.0136,22.9343,47.2247
152.5554,68.0663,25.9171,43.6595
136.7784,69.4182,29.018,40.119
129.8973,71.1879,30.172,37.931
121.816,71.4661,31.1018,36.5458
130.4357,77.7498,29.686,37.9046
131.2803,96.1384,26.6619,40.8166
128.4546,95.3955,25.2365,41.905
128.6502,95.6508,23.9693,42.8189
128.6732,95.6472,22.963,43.4289
131.65,96.5256,22.0395,43.7804
134.5392,96.9458,21.3356,43.8011
134.3902,95.9356,21.1039,43.7573
137.3161,97.1579,20.9597,43.4112
137.2456,96.9334,20.8966,43.2038
137.0895,96.917,21.1731,42.7082
140.0865,98.2534,21.2194,42.2117
140.187,97.7994,21.357,41.7648
