1
292.9486,148.2817,46.0664,155.9771
292.1289,146.8435,47.7058,158.8536
293.189,145.8493,48.6343,160.8418
292.8623,145.2795,49.2878,161.9815
294.1602,144.8818,49.8143,162.7768
293.9488,144.5782,50.2372,163.3841
293.7856,144.5131,50.5636,163.5142
293.7308,144.081,50.6732,164.3785
293.5926,143.7631,50.9496,165.0142
293.5082,143.5009,51.1183,165.5386
293.5491,143.3999,51.0365,165.7408
293.6108,143.1134,50.9131,166.3137
290.5786,142.7429,50.5499,167.0546
287.7803,142.718,49.7114,167.1045
286.3034,142.8145,49.4624,166.9114
284.7279,143.0564,49.418,166.4277
281.5929,143.4021,49.3125,165.7363
280.1458,143.7155,49.0308,165.1094
276.9051,143.7451,49.1884,165.0503
274.9611,145.5956,49.9124,164.5134
272.7254,146.0237,51.2139,163.6571
270.648,146.5146,52.1871,162.6753
270.4174,148.7665,52.6482,161.3571
270.2657,149.319,52.9516,160.2522
270.135,151.2597,53.213,159.5361
269.9521,153.2536,53.5788,158.708
268.1779,153.1327,53.9725,158.9498
268.3003,154.8558,53.7278,158.669
268.4808,154.7885,53.3667,158.8036
267.3515,156.4355,52.4733,158.6616
267.9195,156.5314,51.3372,158.4699
265.1082,158.4455,50.7391,157.752
265.0591,160.1577,50.8374,157.4167
263.3695,159.8906,51.1305,157.9509
262.9455,159.9451,51.9784,157.842
261.3135,159.458,52.1293,158.8161
259.7846,159.2939,52.0574,159.1443
258.0648,159.4073,52.3639,158.9176
256.4052,159.3271,52.5476,159.0779
253.151,160.7548,52.7739,159.3636
252.9483,160.5308,53.1791,159.8116
251.388,160.3761,53.1367,160.1211
249.5314,160.3735,53.6832,160.1262
249.4329,160.3396,53.8801,160.1939
248.7617,160.4618,55.2224,159.9497
248.3107,160.5738,56.1244,159.7255
249.8273,160.3816,56.3068,160.11
251.8861,160.3321,55.4136,160.209
252.3456,158.2669,54.4946,161.1299
252.3111,156.3752,54.5635,161.7073
251.731,156.6073,55.7237,161.2432
249.7153,156.3437,56.5253,161.7704
243.4594,158.5341,59.281,160.6415
240.4453,156.3667,62.0236,161.6907
237.8655,152.5443,63.8331,162.6353
237.5666,151.8985,64.4308,163.927
228.4042,147.867,65.6294,165.1394
229.6878,145.3683,66.5263,166.6727
232.3376,144.7938,68.2311,167.8217
233.6767,142.8152,69.1019,168.2299
235.3907,142.7876,69.2444,168.285
237.0796,141.4926,69.4405,167.3013
237.0962,141.8485,69.4072,166.5895
238.4791,142.1649,70.1936,165.9566
242.7955,142.7966,72.2317,164.6932
240.7644,141.5521,72.7192,163.6077
240.4538,142.196,73.3406,162.3199
240.3308,143.1306,73.5865,160.4507
238.9391,141.8507,72.8332,159.4737
235.5528,142.0615,72.5871,159.0522
236.2475,142.3795,71.1977,158.4161
236.609,142.5961,70.4748,157.9829
237.1783,143.2862,69.3362,156.6027
237.4844,145.424,68.724,155.7334
237.6922,143.8021,68.3082,155.5944
238.2165,143.544,67.2597,156.1106
239.9337,143.2284,67.1879,156.7417
239.7138,143.1701,67.6277,156.8584
239.6508,142.9937,67.7537,157.2111
239.6551,142.8251,67.7452,157.5484
238.4394,142.6231,66.7845,157.9524
236.9561,140.9329,66.3702,157.9519
235.2315,140.5641,66.4459,158.6894
235.0496,140.1702,66.8097,159.4773
234.4803,140.0034,67.9484,159.8109
233.6866,139.9529,69.5357,159.9119
232.9943,139.9634,70.9202,159.8909
232.7603,139.9465,71.3883,159.9246
232.3523,139.8362,72.2043,160.1454
232.2177,137.843,72.4735,160.6235
232.1913,137.7232,72.5263,160.8632
232.1404,135.7822,72.6281,161.2209
232.1167,135.8687,72.6754,161.048
234.1987,135.8676,72.0409,161.0502
234.5928,135.7697,71.2528,161.2461
236.9598,135.6694,70.0261,161.4467
239.2165,135.4185,69.0013,161.9484
241.5425,135.2036,67.8273,162.3782
244.0691,134.8928,66.2375,162.9998
246.562,134.6349,64.6958,163.5157
256.5111,134.7733,61.918,163.2388
259.5242,135.1721,59.2621,162.4412
264.4357,135.1388,56.0615,162.5078
270.7358,137.2526,53.2235,161.5343
274.8025,136.3217,51.4669,160.2077
284.3996,138.0011,51.0969,156.8488
253.9853,144.7183,56.4345,149.5802
257.7433,149.3783,61.222,143.336
264.5412,155.465,66.0528,137.3048
268.0112,158.5069,68.3164,134.2891
270.0277,159.5735,70.4092,132.1558
270.5079,160.1079,72.5163,131.087
262.9953,161.8286,72.104,130.7331
273.274,163.9483,73.0732,129.5689
271.9994,165.2716,75.6225,126.9223
273.3351,164.3801,76.0293,125.6272
253.4469,160.1443,69.8197,131.033
257.3232,155.2368,65.1079,134.7665
260.8191,154.9373,61.1304,138.38
265.2225,153.534,58.319,141.1866
265.5982,154.2577,57.5676,142.7278
267.6095,152.1811,56.5425,143.8834
269.582,151.5171,55.5936,145.2114
269.7564,149.8264,55.2447,145.5947
272.8841,149.1049,54.9838,147.0378
272.526,148.4489,55.7,148.3499
272.1605,148.9753,56.4311,150.342
272.0276,148.4218,56.6968,151.449
272.0728,148.8049,56.6065,153.7903
272.5344,147.6665,55.6833,156.0671
272.7466,148.3656,55.2589,157.824
273.2517,149.0054,54.2488,159.717
272.0403,149.6808,53.4902,161.5477
272.1515,149.0319,53.2678,162.8454
271.0319,149.9954,52.2991,164.1263
269.8689,149.3346,51.4167,165.4479
270.1853,148.426,50.784,167.2651
269.9591,147.8694,51.2364,168.3783
269.5977,147.4987,51.9592,169.1197
269.2642,147.219,52.6261,169.6792
269.0629,146.878,53.0287,170.361
269.1462,146.6065,52.8622,170.9041
269.3987,146.5825,52.3571,170.952
269.4472,146.5403,52.2601,171.0366
269.5731,144.6855,52.0084,171.4405
269.4424,144.6146,52.2697,171.5823
269.2016,144.4904,52.7514,171.8307
268.9145,144.6159,53.3256,171.5796
268.7898,144.5294,53.5749,171.7526
268.7928,144.3381,53.569,172.1354
270.2714,144.3551,53.957,172.1013
269.8247,146.3588,54.8506,171.446
271.1557,148.2798,55.5477,170.9632
272.5825,148.0179,56.0592,171.487
273.6996,148.2079,57.207,171.1069
274.6495,148.1104,58.7048,171.3019
274.0696,148.0896,59.8647,171.3436
273.7632,147.8616,60.4775,171.7995
273.3213,147.6823,61.3612,172.1581
272.4874,149.4026,63.029,172.2056
271.6517,149.2305,64.7003,172.5499
270.6869,148.9721,66.6301,173.0667
270.2466,150.5664,67.5105,173.4742
271.2405,150.8556,69.1404,172.8956
272.1996,153.0294,70.8606,172.1866
270.7958,155.2158,73.6682,171.4724
269.3402,157.4887,76.5795,170.6248
269.5686,159.7637,79.8596,169.8119
268.8097,160.0792,81.3775,169.181
269.6668,160.3991,83.4632,168.5411
270.582,160.5492,85.4593,168.241
269.8121,160.6251,86.9989,168.0892
269.5114,160.4161,87.6003,168.5071
269.4152,160.281,87.7927,168.7773
269.5999,160.0993,87.4233,169.1408
269.8271,159.8876,86.9689,169.5642
270.1283,159.6142,86.3666,170.1108
270.0879,161.0775,86.4473,171.0839
269.6584,160.5422,87.3065,172.1546
267.4282,160.0989,87.8209,173.0412
267.8138,159.7576,87.0499,173.7238
268.0121,161.502,86.6531,174.1994
268.2848,156.4329,86.1078,176.4086
273.9255,155.7093,82.8012,177.8558
276.4869,155.6873,81.6295,177.8996
277.5762,155.3091,79.4509,178.6562
280.4852,155.0426,77.537,179.1892
283.2431,154.8668,75.8994,179.5408
284.3813,154.6853,73.623,179.9037
284.8526,154.9363,72.6803,179.4016
285.4955,156.9136,71.3946,179.2423
285.9188,157.1702,70.5479,178.7292
286.2979,157.3539,69.7898,178.3618
288.1567,159.9463,69.8009,176.9057
287.7125,162.4749,70.6893,175.5565
287.5263,163.1677,71.0617,174.1707
285.9973,163.8882,70.4287,172.7298
283.7002,164.4996,71.3639,171.5071
283.3739,165.0234,72.0164,170.4595
283.4909,163.8594,71.7825,169.1331
281.5146,164.5536,72.1041,167.7447
281.4965,162.4686,72.1403,168.2981
282.1157,160.0603,74.5271,169.4896
284.2668,159.1094,77.5939,171.3913
290.6736,157.5124,79.8444,174.5853
293.075,157.8703,82.7451,177.7213
294.2558,153.087,84.3317,183.3397
293.5872,148.9579,85.6688,187.5402
295.8569,142.8712,85.2716,191.4294
298.2206,141.7053,84.736,193.7611
300.7118,138.8741,83.9697,195.2075
299.604,151.3076,86.1854,191.4585
296.3088,149.6286,88.5675,190.6083
292.9117,150.1026,91.1243,189.6603
291.4214,154.4146,94.1049,185.3044
284.1034,147.757,95.9731,185.8518
282.4373,154.526,99.3052,180.9061
280.9463,163.3585,102.2872,176.0819
280.1193,165.5069,103.9413,171.7851
279.3135,168.8808,105.5529,169.2607
278.9184,172.6333,106.3431,165.9683
280.8007,176.9377,106.7549,161.536
290.1467,175.2286,104.5299,160.8374
289.7737,172.968,101.2066,161.2893
289.4522,173.0941,97.829,161.0372
289.8708,169.9483,93.0315,163.3684
292.3459,168.692,88.0814,165.8811
294.4028,165.5783,83.9675,168.2415
295.8253,164.8492,81.1224,169.6997
296.7382,163.9428,79.2967,171.5126
299.4749,163.4306,77.6209,172.537
301.7928,163.101,76.7682,173.1961
304.177,162.8008,75.7774,173.7966
310.0706,164.8255,75.2973,173.5162
309.9064,164.778,75.6257,173.6111
311.8566,166.6478,75.4889,173.6352
313.8435,166.4373,75.2767,174.0563
315.712,166.3174,75.3037,174.296
317.8869,165.8233,74.7216,175.2842
317.8794,165.7984,74.7366,175.3341
319.7402,165.5603,74.7881,175.8103
323.6974,167.6361,74.4351,175.4394
325.7853,167.4725,74.0284,175.7665
327.6851,167.0951,73.9953,176.5214
327.7896,166.7107,73.7864,177.2903
329.5077,166.6349,74.1345,177.4419
331.3447,168.4353,74.2534,177.6338
333.1295,168.4021,74.4814,177.7001
333.1067,166.3855,74.5269,177.9306
335.3544,166.024,73.8384,178.6536
337.1221,166.0435,74.1081,178.6148
338.6571,166.0847,74.8473,178.5322
340.5623,163.9896,74.8579,178.9014
341.9279,163.7973,75.9533,179.286
343.414,163.4582,76.8327,179.9641
344.8408,165.047,77.8562,180.6636
346.5224,164.8481,78.3981,181.0613
348.1702,164.9189,79.0229,180.9196
357.8691,165.0236,79.2723,180.7104
357.97,164.9185,79.0704,180.9205
360.1317,164.5203,78.6772,181.7169
364.3838,164.5511,78.0428,181.6553
366.8163,164.2919,77.1006,182.1737
368.9339,164.0323,76.7792,182.6929
370.6903,163.9489,77.1818,182.8598
372.185,164.2202,78.1173,182.317
374.2622,166.3688,77.8967,181.9537
376.2994,166.4895,77.7468,181.7122
378.5573,166.6473,77.1495,181.3966
384.1636,169.3218,77.6468,179.9509
383.4257,169.8663,79.1224,178.8618
384.2328,170.709,81.4096,177.1765
385.1439,171.5482,83.5043,175.4981
387.8637,172.492,85.9225,173.6106
388.1904,175.172,89.2125,172.1939
386.3538,175.8714,92.8856,170.7951
386.5137,176.1621,96.5872,170.2135
386.9678,176.3402,99.7548,169.8575
387.8438,176.3373,102.1269,169.8631
391.1846,175.9783,103.7736,170.5811
393.4596,175.3003,103.4262,171.9372
400.9773,174.34,101.0415,173.8578
404.81,171.242,97.5815,175.8485
408.7556,170.0123,93.8665,178.3079
414.3293,166.6994,91.0171,180.7847
417.3488,166.1673,89.1144,181.8489
417.7962,165.2796,88.2196,183.6243
418.3261,164.8129,87.1598,184.5577
418.9585,164.4352,85.8951,185.3131
419.5026,164.0221,84.8068,186.1393
420.1342,163.6754,83.5436,186.8326
419.1261,163.3423,81.4652,187.4989
419.8841,162.8953,79.9491,188.3929
418.5797,162.4659,78.5039,189.2517
418.8708,162.0269,77.9218,190.1296
414.9577,161.9663,77.6617,190.2509
412.9856,161.7399,77.5656,190.7037
411.1239,161.7677,77.244,190.648
409.275,162.0965,76.903,189.9905
405.2929,162.2754,76.8213,189.6327
401.4653,162.2749,76.4436,189.6337
399.6993,162.2618,75.9659,189.6598
397.6727,162.1984,76.0176,189.7867
393.9835,162.0076,75.3873,190.1683
392.0735,160.0581,75.2086,190.0687
390.0073,159.7026,75.3471,190.7796
388.1853,159.4025,74.9844,191.3798
388.037,159.3369,75.281,191.5111
388.0064,159.4787,75.3422,191.2275
388.0968,157.4254,75.1615,191.321
388.109,157.0822,75.1369,192.0074
387.9756,156.843,75.4039,192.4859
387.8277,156.6792,75.6997,192.8135
387.9972,156.266,75.3605,193.6398
388.2327,154.0143,74.8896,194.0952
388.475,153.8393,74.4051,194.4452
388.7622,153.5699,73.8307,194.984
388.9011,153.393,73.5527,195.3378
388.7959,152.9235,73.7632,196.2768
388.929,152.5901,73.497,196.9435
388.9352,152.256,73.4845,197.6117
389.2426,151.7615,72.8698,198.6007
389.3216,151.2867,72.7118,199.5503
389.2089,151.0082,72.9372,200.1074
388.9027,151.291,73.5496,199.5418
388.8972,149.1869,73.5606,199.6497
388.9477,149.0753,73.4595,199.873
388.8035,146.9681,73.7481,199.9841
388.7558,142.7545,73.8433,200.1908
388.501,142.8613,74.353,199.9772
388.1937,142.833,74.9676,200.034
388.2316,142.9975,74.8917,199.705
388.8085,143.0442,73.738,199.6115
389.8051,142.9816,71.7448,199.7368
392.2556,142.8677,70.9143,199.9644
392.5203,140.6234,70.3848,200.3945
392.7103,140.1217,70.0049,201.3978
391.8424,140.1574,71.7406,201.3265
393.5415,139.9971,72.4356,201.647
392.7795,139.8495,73.9595,201.9422
394.406,139.8769,74.8486,201.8874
398.573,139.5073,74.8291,202.6266
400.4834,136.9378,75.1758,203.5981
400.8381,136.7325,74.4663,204.0088
400.8487,136.3743,74.4452,204.7252
400.979,134.1097,74.1845,205.0638
401.2504,134.119,73.6417,205.0451
401.3149,134.1396,73.5128,205.004
400.85,134.2002,74.4425,204.8827
396.0442,134.1251,75.6684,205.0329
388.9794,134.2595,77.1467,204.7642
389.3279,132.5134,76.4498,204.0165
386.7212,132.8,77.4465,203.4432
375.8832,130.6029,77.9912,203.6112
376.7076,130.4894,76.3424,203.8382
376.9509,130.5903,75.8558,203.6365
374.7302,130.9218,76.0967,202.9734
372.7489,129.1555,75.8641,202.3108
371.0031,129.2302,75.1739,202.1614
368.9339,129.4921,75.1453,201.6375
366.6798,127.6222,75.4944,201.2183
364.527,127.7441,75.6409,200.9746
362.2446,127.827,76.0472,200.8088
359.8188,125.8164,76.7354,200.6665
359.6229,125.8038,77.1273,200.6917
357.4227,125.6756,77.3467,200.9481
357.6293,123.5626,76.9334,200.9854
357.8226,123.6729,76.5468,200.7649
358.1331,121.7028,75.9257,200.5335
356.3379,119.7273,75.359,200.3272
356.7411,119.8593,74.5526,200.0632
354.9821,117.9862,73.9449,199.6836
355.1886,118.197,73.5317,199.262
355.056,118.4788,73.797,198.6985
352.84,118.6842,74.1364,198.2876
351.0186,119.0488,73.6864,197.5584
351.413,119.4324,72.8976,196.7912
349.4433,119.7525,72.7879,196.1509
349.5808,120.0337,72.5128,195.5886
349.4411,120.1238,72.7922,195.4085
349.1166,120.1231,73.4413,195.4099
346.6725,120.1595,74.2904,195.3371
346.5834,120.0978,74.4686,195.4604
344.4336,119.8682,74.71,195.9197
342.3469,119.7143,74.8143,196.2274
340.4694,119.8033,74.4937,196.0494
338.9527,119.8308,73.4601,195.9943
339.3907,119.8508,72.5841,195.9543
338.5939,120.0748,70.1463,195.5064
337.9222,121.9575,67.5087,195.7221
338.6926,121.7472,65.968,196.1425
337.533,123.1086,64.3729,197.334
336.1223,122.2339,63.2923,199.0833
334.4919,121.5597,62.6462,200.4317
330.5155,120.4357,62.7708,202.6797
330.5134,119.8651,62.7748,203.8208
321.1061,119.0108,61.7665,205.5296
321.328,116.2353,61.3226,207.1104
321.5145,113.7808,60.9497,208.0352
313.6787,113.7713,60.6597,208.0541
313.642,115.6708,60.733,208.2405
309.6409,117.5861,60.7567,208.3992
309.2097,119.8237,61.6191,207.9159
301.0401,122.1241,61.9534,207.3163
300.3743,122.1749,63.2851,207.2146
293.6963,122.5887,64.5747,206.3872
292.8309,123.3415,66.3056,204.8815
283.7632,124.2847,68.2622,202.9951
283.0756,125.2967,69.6374,200.9711
278.6157,125.7095,70.4576,200.1455
277.967,127.0219,71.7549,197.5206
277.1837,126.4539,73.3216,194.6179
276.5731,126.6311,74.5427,194.2633
275.3015,127.1553,77.086,193.215
273.9324,127.2181,79.8241,193.0894
272.6531,129.0061,82.3827,193.6331
269.7646,129.1471,83.9869,193.351
269.2178,130.8379,85.0806,194.1664
270.9754,130.8305,85.7934,194.1812
270.4586,131.5742,86.8271,192.6938
270.2623,132.1109,87.2195,191.6204
271.8638,132.5393,88.2454,190.7637
271.6564,132.7407,88.6601,190.3608
271.4734,132.775,89.0261,190.2922
271.6257,132.9296,88.7216,189.9831
270.3142,135.0036,87.1135,190.0662
268.3284,135.1411,86.8808,189.791
266.3829,135.2512,86.5756,189.5708
264.1469,137.4794,86.8602,189.302
263.879,137.5912,87.3958,189.0786
261.2466,138.0506,88.466,188.1598
258.3973,138.4139,89.9645,187.4331
253.6047,138.806,91.1187,186.649
251.3373,138.9777,91.4295,186.3055
251.2087,141.2028,91.6867,186.0796
251.3707,143.2361,91.3627,186.2388
249.8312,143.1957,90.2193,186.3194
248.3968,143.4474,88.8846,185.816
248.9193,145.4213,87.8395,186.0414
249.8811,145.3381,85.916,186.2077
248.5022,147.169,84.5466,186.6731
249.3913,146.9578,82.7684,187.0955
250.0713,148.6747,81.4085,187.7466
250.5591,148.393,80.4329,188.3099
253.1109,150.1277,79.3905,188.9019
255.9458,149.8979,77.7722,189.3615
258.9574,149.4822,75.7784,190.1929
261.7906,148.5445,74.1179,192.0684
262.6745,147.1402,72.3503,194.877
265.0789,146.161,71.5532,196.8353
267.1597,144.2604,71.4171,196.6111
266.8595,143.3255,72.0174,194.461
265.1666,143.0971,75.4033,190.918
262.6197,142.3159,80.497,188.4708
260.2366,140.9571,85.2633,187.1235
258.2848,143.6777,89.1668,185.8113
257.6566,145.5128,90.4232,186.3192
256.3279,145.9562,93.0806,185.4324
255.5879,147.4804,94.5605,186.6241
255.0241,146.8595,95.6883,187.8659
254.6302,146.064,96.4759,189.457
252.1873,144.7947,97.0041,191.9954
251.9961,144.0018,97.3865,193.5813
251.7951,142.3243,97.7885,196.9363
249.2564,141.068,98.3758,199.4489
249.2218,140.4671,98.445,200.6508
247.1224,140.0488,98.088,201.4874
244.8772,140.799,98.0165,199.987
245.0774,142.108,97.6162,197.369
245.0111,143.1504,97.7487,195.2841
242.9598,143.5097,97.386,194.5656
243.3362,145.8986,96.6333,194.2362
243.448,148.2705,96.4096,193.9229
241.6407,147.6767,95.6022,195.1104
241.8209,147.0699,95.2419,196.3241
242.026,148.8295,94.8315,197.2419
241.9628,148.884,94.958,197.1329
241.8388,147.9224,95.2061,199.056
241.7644,147.4128,95.3547,200.0753
241.431,146.7838,96.0216,201.3333
240.5575,146.6011,97.7685,201.6988
239.8772,149.3155,99.1293,200.8293
237.5,149.4311,99.3133,200.5981
237.7558,149.5566,98.8018,200.3471
235.4513,149.7165,98.8531,200.0272
235.8896,150.0974,97.9766,199.2655
236.4553,147.0451,96.8451,200.8427
237.2367,143.7038,95.2824,202.9944
235.0578,143.6493,95.105,203.1033
232.5359,142.2231,95.6152,201.4221
229.6959,139.612,96.7772,197.6083
227.0176,139.4856,97.6514,193.3788
224.5374,142.0174,98.1764,188.3152
224.3633,141.6493,98.5246,184.6812
224.5583,141.1522,98.1344,181.3527
225.1448,142.3532,96.9615,178.9508
225.9586,140.9829,95.3339,177.4798
227.3353,141.11,92.5805,177.2258
228.6912,139.3857,89.8687,176.5632
232.0039,137.2491,87.2979,176.7818
232.523,137.5133,86.2598,176.2534
232.6338,136.2389,86.0382,174.8144
235.3461,135.949,84.5766,175.3942
235.8633,135.8862,83.542,175.5199
236.4386,136.0187,82.3915,175.2547
237.2685,135.5543,80.7317,176.1837
239.8636,135.0142,79.432,177.2638
242.1036,134.5627,78.8357,178.1668
242.8036,129.2911,77.4355,180.9377
243.8571,125.4312,75.3286,184.7558
245.0428,119.2046,72.9572,189.3698
247.5547,116.6651,71.877,190.5051
248.0088,114.8115,70.9689,190.2719
248.6442,112.9953,69.6981,189.9833
249.2267,110.3336,68.5329,191.413
251.5939,108.4054,67.6918,191.3761
251.8894,104.8607,67.101,190.7104
252.0449,105.6443,66.7898,189.1432
252.2538,103.9465,66.3722,188.7095
254.5449,102.1859,65.6054,188.4153
254.3102,102.7826,66.0747,187.2219
252.4498,102.6835,66.0067,187.4201
252.6543,100.4723,65.5977,188.052
252.5637,100.7489,65.779,187.499
250.9568,100.4974,65.2053,188.0019
251.2781,99.6058,64.5628,189.7851
251.5082,101.0203,64.1026,190.754
249.5114,101.3343,64.2928,190.126
249.4602,101.5547,64.3952,189.6852
247.8026,101.4516,63.917,189.8915
247.7299,98.8366,64.0623,191.3337
246.0616,94.0097,63.5882,193.3659
245.8905,91.0777,63.9303,195.3987
245.913,88.1691,63.8853,197.3496
245.5449,83.4979,64.6216,198.9057
244.7672,80.4326,66.177,197.1786
244.1155,82.5698,67.4804,192.9041
243.3556,85.083,69.0001,187.8779
242.7586,88.1774,70.1941,181.6891
240.9032,91.0398,70.1211,175.9643
239.2738,84.9582,69.6799,173.327
238.201,86.3377,68.1713,170.568
236.9188,85.1068,67.148,169.4422
235.7765,83.7918,65.8794,168.519
234.639,83.9368,64.6371,168.2289
235.0543,83.5977,63.8065,168.9071
233.8662,82.9973,62.6971,170.1079
233.9959,82.1583,62.4377,171.7859
234.4141,80.8411,61.6014,174.4204
234.4951,79.8297,61.4394,176.4432
232.8054,74.3648,61.2679,180.2714
232.6507,68.8323,61.5775,184.1319
232.1612,67.758,62.5564,186.2807
231.9005,64.7474,63.0777,188.5905
231.593,57.9345,63.6927,190.9549
228.7914,55.723,65.4972,191.5792
227.819,53.1597,67.4421,189.0247
227.098,48.0472,68.8841,187.7316
226.4907,47.2112,70.0986,185.5567
226.2679,46.699,70.5444,182.7435
226.4903,45.5514,70.0994,181.2335
226.8123,43.5127,69.4556,181.5353
226.8042,43.914,69.4718,180.7328
225.1351,41.9388,69.0528,180.926
223.2028,42.2404,69.165,180.3229
223.2482,42.8623,69.0743,179.0791
223.1172,42.7344,69.3363,179.3349
221.1894,42.6294,69.4573,179.5448
220.9921,42.7298,69.8519,179.3441
218.7802,44.4665,70.5316,179.6145
220.5026,44.5093,70.8469,179.5289
218.6977,44.897,70.6923,178.7535
218.6864,43.1064,70.715,178.5843
216.6496,42.8434,71.04,179.1104
216.1761,41.0318,71.987,178.9718
213.8283,41.1871,72.906,178.6611
212.2119,40.8477,72.3503,179.34
212.4464,37.0742,71.8812,179.31
214.9924,35.4951,70.5689,178.6884
218.6774,30.8681,70.6936,176.7006
212.0286,29.5725,69.1074,175.5708
219.7526,29.9806,68.3649,174.7545
214.9614,28.167,66.9932,174.7305
216.6698,28.0919,67.203,174.8807
214.5421,27.8033,67.8259,175.4578
214.3,25.1798,68.3102,177.053
214.2017,24.7462,68.5067,177.9203
215.6859,26.52,69.2377,178.072
213.523,26.1738,69.8489,178.7644
213.6655,26.308,69.5639,178.4961
214.0126,26.3142,68.8695,178.4836
214.402,26.83,68.0908,177.4519
214.7705,28.9335,67.3539,176.9302
214.8213,31.1357,67.2522,176.1903
214.7828,31.2538,67.3293,175.9541
214.2779,31.2657,68.3391,175.9304
215.8825,33.1048,68.7977,175.92
215.4488,32.9379,69.665,176.2538
215.4011,31.2218,69.7605,175.9899
213.4156,31.6316,70.0373,175.1702
213.5311,30.5027,69.8065,173.7407
213.5749,30.4634,69.7188,173.8195
213.1713,28.9513,70.5259,173.1816
213.5931,26.7062,69.6825,174.0046
213.1707,25.7646,70.5272,172.2237
214.5235,28.0018,71.4751,171.4027
214.5782,29.8777,71.3657,171.3093
214.3014,29.764,71.9191,171.5367
214.351,34.8255,71.8201,172.4181
212.8495,34.3693,71.1438,173.3306
212.9572,40.9863,70.9285,174.818
213.2966,42.1664,70.2496,176.1557
215.2729,45.9519,70.0022,175.9951
215.5068,49.5855,69.5344,176.1247
216.9778,53.776,70.2844,175.1276
216.9333,55.5818,70.3734,175.2071
218.3017,57.92,71.3302,174.2244
219.8843,58.2895,71.8617,173.4854
223.1701,59.0289,72.6807,172.0065
225.0233,57.4453,72.6627,171.4852
230.3533,52.7506,73.0445,169.8328
231.572,52.24,74.2704,167.1907
232.9228,51.8939,75.2155,164.2363
236.4704,51.0074,75.3609,162.389
239.6783,51.4345,76.1368,161.5347
240.7843,52.5068,77.5219,159.3902
242.8696,52.3815,76.941,159.6409
245.3201,55.1391,75.6232,161.2923
246.2146,58.0411,73.8343,162.6572
248.2815,57.9371,73.2735,162.8651
255.3828,57.6503,73.3364,163.4389
286.9027,60.6968,78.2364,157.3458
298.2767,62.7464,80.4936,153.2467
297.8115,64.213,81.424,150.3133
248.9853,60.9207,76.8964,160.4215
250.7146,55.2527,73.4379,171.7574
250.0372,43.7921,71.0944,183.584
248.2968,13.4826,70.7481,190.623
249.5331,34.5864,72.1974,195.4789
245.9638,26.0368,75.3184,196.5075
246.777,16.6617,77.7804,198.9035
249.0713,13.9517,81.526,200.1566
258.1409,11.0873,84.6461,201.6335
259.0602,11.2622,87.1361,201.2837
259.836,9.3533,89.952,200.7341
261.4043,7.4796,91.2244,200.0725
277.1616,7.8458,90.6617,199.3401
278.1064,8.4127,88.772,198.2063
280.3897,8.7516,88.5571,197.5285
282.7701,6.6918,88.1343,197.3101
285.0278,7.0112,87.9462,196.6713
287.0681,7.2451,88.1804,196.2035
291.1712,7.3091,88.5984,196.0755
295.2845,7.26,89.007,196.1737
294.8053,7.0203,89.9654,196.6531
297.2953,4.7177,89.3354,196.9083
299.8266,4.3712,88.6153,197.6012
302.4303,4.6125,87.748,197.1186
307.2877,4.6546,86.6689,197.0345
309.729,4.8786,86.0839,196.5866
309.3296,5.0269,86.8827,196.2899
311.57,4.7806,86.6926,196.7825
314.1876,4.5175,85.7518,197.3087
315.8371,4.5002,86.7382,197.3433
318.4048,4.3945,85.9063,197.5547
320.76,4.3393,85.4876,197.6652
323.4143,6.5495,84.4649,197.5306
324.0978,6.7059,83.098,197.2178
324.9959,6.9026,81.3018,196.8246
327.7334,7.2308,80.0266,196.1682
326.1167,7.4708,79.0923,195.6881
326.1294,7.9135,79.0669,194.8027
325.5045,6.414,80.3166,193.6709
322.5175,6.9412,82.1539,192.6164
321.924,7.2868,83.341,191.9252
319.3102,7.6337,84.4035,191.2315
319.0819,7.516,84.8602,191.4668
318.3975,7.4993,86.2288,191.5002
316.2478,5.5402,86.3187,191.2088
314.1766,6.9469,86.2543,192.6023
311.6813,8.8375,87.0188,193.0472
311.854,8.708,86.6735,193.3061
311.4429,10.9979,87.4956,192.9699
313.3995,10.6044,87.8356,193.7569
312.782,16.0009,89.0706,191.5051
311.0685,15.7845,88.2382,191.9378
309.6527,15.666,86.8187,192.1748
310.6901,15.6512,84.7438,192.2044
311.5297,15.4734,83.0648,192.56
312.384,15.3349,81.3561,192.8369
313.0022,15.0604,80.1198,193.3861
313.3309,14.8048,79.4623,193.8973
313.4294,17.0061,79.2654,193.6195
315.6856,18.8625,78.8704,194.0241
317.7668,18.6902,78.8241,194.3688
320.2035,18.5783,78.071,194.5924
321.2353,18.3215,76.0074,195.1062
323.8838,19.1661,74.7912,193.4168
325.9635,19.8975,74.6664,191.954
326.3184,20.1547,73.9566,191.4397
326.0539,23.5147,74.4855,188.7111
325.8722,24.4783,74.8489,186.7838
325.8179,25.2862,74.9576,185.168
326.017,25.9582,74.5594,183.824
325.9962,27.2595,74.6011,181.2214
326.2756,30.271,74.0423,179.0541
326.6683,28.2105,73.2568,179.3606
327.0076,30.0833,72.5783,179.4198
326.9848,31.0147,72.6237,177.557
327.2193,25.8835,72.1547,180.2842
327.7215,20.4142,71.1503,183.6257
327.3848,21.9697,71.8238,184.3433
329.3474,16.974,71.7497,186.6327
328.5145,14.1226,73.4155,188.4528
327.6024,13.5914,75.2397,189.5151
326.461,14.0638,77.5226,188.5704
327.445,15.3661,79.5681,185.9656
327.0026,16.7626,80.4529,183.1728
326.9327,16.2062,80.5928,180.2983
326.9793,15.4623,80.4995,177.838
327.6815,14.1044,79.095,176.6433
328.0523,15.1749,78.3535,174.5023
330.6801,14.0749,76.9223,172.8778
331.0379,12.9873,76.2069,171.2771
331.6842,13.715,74.9141,169.8218
332.1224,12.4635,74.0379,168.6285
334.6815,13.0707,72.583,167.4143
335.3226,13.6321,71.3009,166.2915
335.7089,12.091,70.5283,165.7923
338.1927,12.4081,69.1212,165.1581
338.5222,12.684,68.4622,164.6063
340.6148,14.475,67.7837,164.531
340.648,14.7542,67.7172,163.9726
340.5882,15.0262,67.8369,163.4287
340.5265,15.237,67.9603,163.0071
340.8399,17.039,67.3334,162.8778
342.8535,17.2407,66.7681,162.4745
343.1473,18.7229,66.1806,162.956
343.2742,18.785,65.9266,162.8319
343.3224,20.6607,65.8304,162.5165
343.4777,22.219,65.5198,162.8297
343.8255,22.2123,64.8241,162.8433
343.5861,22.7822,65.3029,161.7035
343.5511,24.6604,65.3728,161.3558
344.0758,23.5269,64.3235,163.6227
346.0259,24.7993,63.8423,164.4969
347.3927,22.3335,64.5315,166.0057
346.9339,20.258,65.4491,166.6997
346.4957,20.2659,66.3256,166.6839
346.2406,20.2292,66.8357,166.7572
347.5032,20.0814,67.8195,167.0529
346.7752,20.4705,69.2755,166.2746
346.0109,20.8244,70.8041,165.5669
345.5892,22.5539,71.6476,165.6699
346.4271,22.5579,73.5501,165.662
347.8333,23.3626,74.3496,164.0527
350.0469,23.2037,73.5249,164.3703
350.4667,22.2768,72.6853,166.2242
350.4767,21.6951,72.6652,167.3877
352.0833,19.4753,73.0734,168.2059
353.8701,19.2113,73.1402,168.7339
354.2779,18.2345,72.3246,170.6874
354.2485,17.6742,72.3834,171.8081
355.8504,16.9751,72.8598,173.2063
355.8665,14.7987,72.8276,173.8502
357.4372,12.6559,73.404,174.418
356.8038,12.9828,74.6708,173.7643
358.5124,10.8212,75.0025,174.3385
358.1698,12.6598,75.6878,174.4245
357.9178,13.1929,76.1918,173.3582
361.5361,13.1494,76.495,173.4452
361.6589,13.5264,76.2495,172.6912
362.1864,13.8173,75.1945,172.1095
362.7317,13.704,74.1038,172.3361
364.873,13.8378,73.5396,172.0683
367.0898,11.8908,72.8105,172.2578
369.19,12.1207,72.3044,171.7981
369.1385,14.3504,72.4075,171.0175
376.6552,12.477,72.0512,171.0949
376.8207,12.4167,71.7203,171.2156
376.5426,10.6699,72.2764,171.0492
376.096,8.8204,73.1697,171.0806
377.7322,6.921,73.581,171.1958
379.5699,5.2753,73.5982,170.7945
2
0
0
0
0
1
336.7879,38.5818,29.9607,134.0884
333.4797,39.0998,31.8454,133.0523
331.272,38.2569,33.8735,132.3507
329.3499,38.4217,35.3016,132.021
327.4559,38.621,36.6511,131.6226
325.6891,38.5831,37.7265,131.6984
323.9328,38.4251,38.7599,132.0143
322.3327,38.1987,39.4569,132.467
321.0589,38.0144,39.4822,132.8357
317.1026,38.1187,39.8108,132.627
316.8075,38.2938,40.4008,132.2769
315.548,38.5308,40.3827,131.8028
314.3478,38.6388,40.253,131.587
313.162,37.2604,40.0999,131.8191
311.6894,37.1307,40.52,132.0785
310.2596,37.0605,40.8431,132.2189
307.4645,37.0651,41.3444,132.2096
306.0148,37.1528,41.69,132.0343
304.383,37.2447,42.3962,131.8504
302.9828,36.9629,42.6287,132.414
301.6544,36.5823,42.7054,133.1753
300.5211,36.3252,42.3796,133.6894
296.7883,36.1133,42.0643,134.1132
296.7959,37.0355,42.0492,134.8628
288.5822,37.8322,42.851,135.8736
287.8563,38.9959,44.3029,136.1796
285.9511,39.0445,45.4488,136.0823
284.1915,40.3257,46.284,136.2038
282.2594,39.9032,47.4473,137.0489
279.9566,41.1822,49.3188,137.225
279.4421,42.3306,50.3478,137.6989
278.9118,42.2065,51.4083,137.947
278.4411,42.0138,52.3497,138.3325
278.0219,43.5751,53.1883,138.051
278.003,44.6135,53.226,138.8262
278.3535,44.7166,52.5249,138.6199
277.9319,44.7762,53.3683,138.5008
277.5755,46.3756,54.081,138.1639
277.4296,46.0388,54.3727,138.8374
277.0607,47.585,55.1106,138.6296
276.7051,47.2928,55.8217,139.214
277.2635,47.6836,57.6207,138.4323
277.9736,47.564,59.1372,138.6716
277.447,47.3514,60.1903,139.0968
280.1543,50.1151,60.7588,139.5524
284.4874,48.0857,61.1169,140.603
281.2815,49.9624,61.4693,139.8793
286.9638,46.2681,62.2063,141.2171
283.4422,48.9552,63.134,141.9585
289.262,43.904,63.8335,142.8066
287.6809,43.3482,63.8863,143.9181
297.5773,39.6936,62.8523,144.9743
296.5122,39.3962,61.8588,145.5691
295.3635,39.3777,61.0416,145.6061
273.498,44.2238,58.261,145.2163
274.7206,46.2319,55.8159,144.2459
275.8942,46.5341,53.4687,143.6414
275.0928,47.0627,52.1342,142.5843
275.4792,48.0081,51.3613,140.6934
275.7709,49.3181,50.7779,138.0734
275.9963,50.3467,50.3271,136.0162
277.7005,51.6107,49.6901,133.4882
279.4525,52.6658,48.91,131.3781
282.1626,53.6278,48.8488,129.4541
285.0941,54.4563,48.2873,127.797
286.6752,56.0734,47.7421,127.1797
293.9086,56.5368,46.2664,126.253
294.6272,55.0495,44.8292,126.6692
296.4085,55.1467,43.8051,126.4746
299.3531,55.2028,42.9498,126.3625
302.1658,53.9166,42.3243,126.4352
302.4386,53.6544,41.7788,126.9594
303.8545,53.4132,41.4338,127.4419
306.5629,54.7849,40.992,127.186
309.1899,55.0144,40.6897,126.727
314.2483,56.5679,40.4277,126.0838
315.3152,56.7937,40.7437,125.6321
316.1686,56.882,41.4861,125.4555
317.0485,55.9869,42.1864,124.7856
320.4925,56.0233,42.6889,124.7127
322.5061,55.814,43.6049,125.1314
325.4619,54.9442,45.1759,126.8708
326.095,54.8147,46.4573,127.13
325.5237,53.9531,47.5998,128.8531
325.1164,53.7201,48.4144,129.3191
326.0494,51.7316,49.1896,130.6551
327.3208,51.3359,49.3209,131.4464
327.4933,52.4365,48.9759,131.933
328.8653,50.4197,48.9204,133.2781
328.9243,49.8664,48.8025,134.3847
328.8815,50.8822,48.8879,135.0737
328.8327,50.5289,48.9857,135.7804
328.7323,50.725,49.1866,135.3881
328.7043,51.1859,49.2425,134.4662
328.7115,49.9432,49.2281,134.222
327.4651,50.0208,48.9949,134.0668
328.68,51.9345,49.2846,132.959
319.2385,50.2456,49.2054,133.6278
320.8816,47.8113,48.6362,135.7794
340.3923,57.3388,50.6785,133.1498
319.105,45.065,49.4663,135.804
319.5114,43.7066,48.6535,138.5209
341.1242,49.9401,49.8611,137.1621
316.1953,40.4845,49.6879,139.3964
316.1833,40.0038,49.712,140.3577
316.1216,39.863,49.8353,140.6393
316.0249,39.6403,50.0287,141.0847
356.9119,58.3394,53.4139,134.9117
357.1985,60.2077,55.6517,131.1751
2
0
0
0
0
1
384.7676,70.0501,30.5584,108.1853
387.2216,68.7046,29.6776,108.8627
388.4273,68.6336,29.2729,109.0048
390.6257,69.007,28.8782,108.2579
394.9265,68.6682,28.2088,108.9356
395.4393,68.3435,29.1634,109.5849
396.2412,67.1821,29.5666,109.9006
397.9606,66.666,30.1661,110.9328
399.2714,66.4933,31.6345,111.2781
399.3926,66.4739,33.4695,111.3171
398.7759,66.2411,34.7028,111.7826
397.8705,67.1468,36.5136,112.1127
398.3251,67.1096,37.7836,112.187
397.8287,66.9329,38.7767,112.5404
397.6286,69.042,39.1767,112.7757
396.5585,68.5084,39.0795,113.8429
395.5877,69.3624,38.7704,114.3857
394.5238,70.5208,38.6451,114.3219
392.1225,71.7736,38.9482,114.0659
391.9571,73.0351,39.279,113.7946
391.4267,72.9592,38.0861,113.9465
391.764,73.0466,37.4115,113.7716
389.5518,74.2693,37.397,113.5457
389.6054,76.8384,37.2899,112.8393
389.5469,76.8336,37.4068,112.8489
388.4614,79.3176,37.3717,112.2931
388.5132,81.6213,37.2681,112.0811
388.3985,83.3774,37.4975,110.7615
388.7585,85.5204,36.7774,110.8316
389.0826,86.4128,36.1293,111.2129
389.4792,89.1695,35.3361,112.178
389.6163,89.9623,35.0618,112.751
389.5422,90.8247,35.2101,113.188
388.3212,91.8299,35.4815,113.3482
387.9508,92.8708,36.2222,113.4445
386.6411,94.6933,36.6486,114.1854
386.2818,93.6044,37.3672,116.363
385.6004,95.0272,38.7301,115.773
385.2145,96.4602,39.5019,115.1789
384.8253,97.857,40.2804,114.6629
384.4033,97.3995,41.1243,115.5779
384.1699,98.1904,41.5911,116.3089
383.9839,99.333,41.9631,116.3552
383.778,101.9092,42.3748,115.881
382.6577,101.9824,42.2758,115.7346
382.5665,102.3798,42.4584,114.9397
382.2901,103.7147,43.0111,114.5975
381.9164,105.6436,43.7584,113.0724
381.754,105.5591,44.0833,113.2415
381.7585,105.1825,44.0743,113.9947
381.8336,105.8207,43.924,115.0613
382.9983,106.5614,43.9503,115.9357
382.9602,105.8029,44.0267,117.4527
384.1618,104.7638,44.0153,119.531
384.0624,104.5883,44.2142,119.8819
384.043,103.6584,44.2529,121.7418
382.9906,100.4435,43.9003,125.7141
381.3074,102.7778,44.7587,126.0613
379.5196,103.6793,45.8059,126.7867
376.4394,98.7058,46.8508,129.0604
373.0738,92.8097,48.3637,133.0251
366.8834,90.9348,49.9716,136.7749
363.1024,90.9626,51.9818,139.4952
360.6971,91.5371,53.9411,141.1974
358.4627,94.0441,55.4992,142.005
356.5066,95.0524,56.4611,142.9387
356.3243,97.4737,56.8258,144.0578
354.5882,98.3623,57.2945,145.2841
353.949,97.9541,58.5728,146.1006
351.772,99.2506,59.8627,146.5716
349.7934,100.5154,60.7261,147.1359
346.3002,100.2773,61.478,147.6119
345.9294,100.5911,62.2197,146.9843
341.3624,102.1001,61.929,147.108
341.4795,102.0552,61.6949,147.1978
340.1769,102.0733,61.1646,147.1615
337.5951,102.0862,60.0775,147.1358
337.5123,102.2402,60.243,146.8278
335.8856,104.0672,60.3922,146.2779
335.5698,103.9679,61.0238,146.4765
335.1318,103.419,61.8997,147.5743
334.7887,101.2214,62.586,148.8252
334.2469,100.935,63.6696,149.398
333.9413,100.7691,64.2808,149.7297
333.5946,100.8585,64.9741,149.5509
333.3786,100.9262,65.4061,149.4156
334.6901,102.3798,66.0161,149.7414
334.2796,101.1636,66.8371,148.9254
333.4178,101.8289,68.5606,147.5947
333.0426,102.3729,69.311,146.5068
334.711,102.3375,69.2332,146.5776
335.0876,103.3663,68.48,147.7786
342.2066,101.0018,67.2939,149.2446
341.8275,103.9629,68.0521,149.8495
342.3891,99.6633,66.929,151.8775
342.266,104.1863,67.1752,152.7177
342.2926,96.8241,67.122,154.1943
343.994,106.0102,67.0516,155.8167
344.1201,98.3172,66.7994,157.7838
344.1335,105.0605,66.7726,157.8122
344.1201,99.1962,66.7994,159.4048
343.9766,101.6907,67.0865,161.2202
351.4273,105.9144,65.9189,163.0731
349.8707,101.4379,65.5925,165.1472
349.5827,104.3383,66.1687,166.2735
351.6037,103.3411,65.6167,168.2679
351.527,104.2733,65.77,169.9124
353.0059,101.7763,66.3477,171.3712
352.676,101.0528,67.0073,172.8181
354.138,102.3243,67.6826,173.8744
354.0177,99.5073,67.9232,175.8819
353.9655,98.4965,68.0275,177.9036
353.8904,97.7799,68.1777,179.3366
353.4574,93.1639,69.0438,181.141
353.1696,91.7626,69.6195,183.9435
352.6495,84.9374,70.6597,186.1764
348.6835,83.2916,70.8785,189.468
349.8078,82.229,72.5375,191.5933
350.9461,80.9896,74.229,194.072
350.2668,79.6119,75.5876,196.8274
349.9354,76.5236,76.2504,198.9061
349.8113,75.2734,76.4986,201.4064
349.5943,72.1215,76.9327,203.5302
349.1398,71.2519,77.8417,205.2694
348.5044,70.2695,79.1124,207.2342
348.0534,67.2275,80.0145,209.0077
347.5162,66.2479,81.0888,210.9668
346.8767,65.2296,82.3678,213.0035
346.1025,64.1323,83.9162,215.198
345.4769,65.0583,85.1674,217.8572
344.6467,64.0163,86.8278,219.9411
343.7026,60.5694,88.7161,222.2036
342.8269,59.5407,90.4675,224.2609
342.0408,58.3112,92.0397,226.7201
341.6489,56.9049,92.8234,229.5325
341.4274,53.2465,93.2665,231.9728
343.4279,52.1546,94.1849,234.1567
343.2099,51.2237,94.621,236.0184
345.4142,52.9208,95.2142,237.6263
345.1592,52.1065,95.7243,239.2548
344.9227,51.4772,96.1974,240.5135
347.2529,53.4847,96.6317,241.5932
347.3489,50.1243,96.4397,243.196
347.2212,51.7901,96.695,245.002
347.206,40.4071,96.7254,247.095
346.888,39.5021,97.3614,248.9049
346.4852,38.8189,98.1669,250.2714
348.5221,41.1263,99.3636,250.9269
347.9778,40.0771,100.4521,253.0254
347.6014,39.6494,101.205,253.8808
349.9141,39.2238,101.9561,254.732
349.9758,35.7265,101.8328,256.3243
349.9853,35.1448,101.8139,257.4878
349.7841,31.7588,102.2162,258.8205
349.4859,31.9808,102.8126,258.3763
349.0417,34.9964,103.701,257.8152
351.7487,37.8769,103.7647,257.532
351.723,42.9902,103.8162,258.2549
351.3639,45.4106,104.5344,258.9003
351.0853,48.5284,105.0915,258.1728
354.2095,48.1467,104.3507,258.9362
356.8952,45.2475,104.4849,259.2293
356.6889,42.5829,104.8976,259.0463
359.423,42.2034,104.9461,259.8054
362.4159,41.9989,104.4889,260.2143
365.5285,44.6036,103.7901,260.5314
368.4869,44.9131,103.3917,259.9124
371.5023,45.3559,102.8634,259.0266
374.0972,48.1259,103.1538,258.967
374.3441,47.8474,102.66,259.5239
377.7256,45.1959,101.3809,259.3432
380.7059,42.8695,100.8785,258.5377
380.8884,40.4378,100.5134,257.9632
383.6395,37.7196,100.4343,257.9768
386.4757,35.0029,100.1835,257.9883
386.9293,34.7257,99.2764,258.5427
387.0827,31.5903,98.9695,259.4045
389.5817,30.9973,99.3876,260.5904
392.468,33.4662,99.0555,261.0931
392.6471,35.9327,98.6973,261.602
392.7413,38.4968,98.509,261.9165
392.7522,40.6746,98.4871,263.0046
395.2113,43.0822,99.0278,263.6483
394.9735,45.5064,99.5035,264.2779
394.8892,45.4532,99.6721,264.3843
394.5584,45.5235,100.3338,264.2436
394.4634,45.5934,100.5237,264.1038
396.8436,45.5126,101.2746,264.2656
397.0563,48.2547,100.8494,264.3084
399.7305,48.3136,101.021,264.1906
399.7536,48.3839,100.9748,264.05
402.2322,48.5526,101.5364,263.7126
404.7564,48.5909,102.0118,263.636
404.7561,48.4851,102.0124,263.8476
407.6535,48.4346,101.7519,263.9487
410.4978,48.3011,101.5947,264.2157
413.4996,48.2502,101.1232,264.3175
416.2597,48.0743,101.1282,264.6694
416.3107,47.7403,101.0262,265.3372
419.2842,44.8074,100.6172,265.6649
422.3358,47.8016,100.0495,265.2121
425.1398,45.022,99.9601,265.2526
425.4001,45.0536,99.4396,265.1893
425.1814,45.2186,99.877,264.8594
427.757,48.0321,100.2363,264.7428
427.7532,47.8201,100.2439,265.1668
428.0383,50.3239,99.6737,265.6809
428.0198,50.3024,99.7107,265.7238
428.0047,53.325,99.741,265.1986
430.5746,50.9758,100.1141,264.3841
430.7908,50.8357,99.6817,264.6642
430.9299,50.6682,99.4035,264.9992
430.9747,50.6024,99.3139,265.1309
434.0085,50.4573,98.7507,265.4211
434.1756,48.2272,98.4166,264.3828
437.0942,48.6064,98.0567,263.6245
437.4952,48.7095,97.2548,263.4182
437.6063,49.1015,97.0327,262.6342
437.8278,49.4733,96.5896,261.8907
440.397,46.9671,96.86,261.4942
440.6064,47.8256,96.4413,259.7773
440.9174,48.3205,95.8193,258.7874
441.4423,45.68,94.7695,258.718
442.0316,42.9771,93.5909,258.7931
439.8722,37.4557,92.5992,259.2153
439.9723,37.5527,92.3991,259.0213
439.4957,40.1755,93.3522,259.0676
439.5389,34.473,93.2659,259.8528
439.6098,28.877,93.1241,260.4056
439.5188,31.8273,93.306,259.8299
439.7941,28.8459,92.7556,260.4728
437.4148,23.0366,92.1948,261.4528
434.998,22.7409,91.7054,262.0442
434.9664,20.454,91.7685,261.2953
434.7834,20.5152,92.1346,261.1729
434.7088,14.9268,92.2838,261.7138
434.8558,15.034,91.9897,261.4994
434.9147,18.0059,91.8719,260.8755
437.896,6.8064,91.2184,262.0387
437.3462,10.1143,92.318,260.7365
436.5783,8.1133,93.8538,259.4235
436.108,8.5916,94.7944,258.4668
435.9324,8.4266,95.1455,258.797
435.7488,8.5288,95.5127,258.5926
435.3027,8.5276,96.405,258.595
435.188,8.4137,96.6344,258.8228
434.9842,8.3462,97.0419,258.9578
435.1076,8.1243,96.7951,259.4014
435.517,5.213,95.9765,259.8473
435.3965,5.4134,96.2173,259.4464
435.6189,5.719,95.7726,258.8353
435.8523,3.2818,95.3057,258.3593
438.4689,6.6614,95.4076,256.9352
438.909,4.0943,94.5273,256.753
439.0519,7.5574,94.2416,255.1248
441.9407,7.7803,93.7336,254.679
441.9915,5.063,93.632,254.8595
441.9147,5.4721,93.7855,254.0413
444.4704,5.5184,93.9201,253.9488
444.2906,5.5625,94.2796,253.8605
444.3277,5.8502,94.2055,253.2851
444.3042,8.6854,94.2525,252.8573
444.6419,8.768,93.577,252.692
447.5904,8.6636,92.9028,252.9008
447.4215,8.5083,93.2406,253.2114
447.4214,8.2032,93.2408,253.8216
447.3913,10.5681,93.3011,254.3247
447.093,10.398,93.8976,254.665
447.0015,12.7201,94.0805,255.2776
446.8898,15.427,94.304,255.1326
446.9171,17.8957,94.2494,255.4659
450.1368,17.485,93.0845,256.2873
449.9676,17.1846,93.4229,256.8882
449.2789,17.1004,94.8003,257.0566
448.9136,19.8277,95.5311,256.9094
448.8352,22.3787,95.6877,257.1257
448.6548,22.3375,96.0486,257.208
448.7454,24.8472,95.8674,257.5207
448.9317,27.1955,95.4949,258.1572
448.6426,29.8506,96.073,258.1827
447.9993,29.8317,97.3596,258.2206
447.9089,35.0138,97.5404,258.5965
447.5712,34.8166,98.2158,258.991
447.6421,37.2678,98.074,259.4851
447.6097,36.9399,98.1387,260.1408
447.5314,39.2492,98.2953,260.9339
444.7424,41.7353,98.4476,261.3876
444.5726,47.1457,98.7871,261.4369
442.3093,46.8105,97.8718,262.1073
442.149,49.9589,98.1925,261.2455
439.1136,52.5377,98.8349,261.5164
438.6926,52.8068,99.6769,260.9781
438.6384,52.8185,99.7853,260.9548
438.5835,52.6982,99.8949,261.1953
438.352,52.6258,100.3579,261.3402
438.0636,52.5252,100.9348,261.5415
438.2085,49.6595,100.645,261.7909
438.3243,49.6384,100.4134,261.833
438.591,49.8289,99.88,261.4521
441.6304,49.7426,99.263,261.6246
441.7608,49.7291,99.0021,261.6516
441.9934,49.5259,98.537,262.058
442.3834,49.5788,97.7569,261.9523
442.4128,49.5709,97.6982,261.968
442.8862,49.7107,96.7513,261.6883
443.0966,49.9265,96.3305,261.2568
443.0649,50.4876,96.394,260.1347
442.8625,50.6434,96.7988,259.823
442.8375,47.9451,96.8488,259.8366
443.3041,48.0004,95.9156,259.726
446.4436,48.3871,95.0022,258.9527
447.047,48.205,93.7953,259.3169
447.3542,48.1122,93.181,259.5024
447.0542,48.2978,93.781,259.1312
447.3182,48.2633,93.253,259.2002
447.3552,45.8132,93.179,258.7904
450.2834,48.7631,92.6254,258.1934
453.6178,51.5824,91.2411,257.8392
454.2181,54.7613,90.0404,256.7354
454.8777,50.074,88.7213,255.6769
455.2102,50.067,88.0563,255.6909
456.0677,55.045,86.3411,256.0662
456.0157,58.1101,86.4453,255.0757
450.4647,58.4263,87.2922,254.4433
447.2341,56.197,88.6195,253.768
443.5401,56.7902,90.8591,252.5816
440.1217,54.4114,92.5237,252.167
436.679,52.2269,94.2129,251.3398
432.7584,55.5232,96.8392,249.9621
431.8957,58.7593,98.5647,248.732
428.2524,61.9058,100.5961,247.6943
427.7448,61.947,101.6113,247.612
427.5538,62.2064,101.9931,247.0932
427.419,61.9949,102.2629,247.5162
424.7688,64.8195,102.2596,247.1706
424.6531,67.5007,102.491,247.1067
421.6982,67.6431,103.099,246.822
419.0208,67.9306,103.1453,246.2469
413.551,71.5479,103.4831,244.3134
410.1684,72.3497,104.9692,242.7098
407.6177,72.6915,104.7886,242.0261
405.3006,75.6159,104.154,241.4464
403.3133,75.8384,102.8792,241.0013
403.9755,76.2205,101.5548,240.237
396.7207,76.1949,100.5066,240.2882
399.8365,76.1304,99.443,240.4173
397.9892,75.9512,97.9865,240.7756
398.4663,75.6479,97.0324,241.3823
398.7344,75.2315,96.4962,242.2152
396.5355,77.1543,95.7693,243.494
396.6467,76.8702,95.5469,244.0624
396.4581,76.8747,95.9241,244.0533
396.4681,76.6716,95.9043,244.4595
396.4402,76.3783,95.96,245.0461
394.1848,76.1457,95.3151,245.5112
394.3873,75.9702,94.91,245.8622
394.3497,75.5923,94.9853,246.6181
391.6073,78.0015,95.3091,246.9607
391.0023,78.2126,96.5192,246.5385
387.9023,78.6419,97.5319,245.6797
384.9707,81.905,98.2022,244.3465
384.2728,83.1448,99.598,241.867
381.0385,84.7799,100.8918,238.5968
377.6557,86.1572,102.5069,235.8421
374.5787,89.7909,103.5218,233.7139
372.2114,92.7955,103.1303,232.8308
370.4551,93.5127,101.5364,231.3963
368.2957,94.0244,100.7977,230.3731
368.9428,95.0582,99.5034,228.3055
364.4799,92.7026,98.4753,228.0396
354.999,92.4747,97.6172,228.4953
360.6379,92.3979,96.2322,228.649
350.8821,87.2207,96.0471,229.1551
361.3815,87.1537,94.7611,229.2891
378.3506,93.2802,95.1745,226.8508
380.331,99.4688,96.093,224.2324
384.5182,103.6559,97.4344,220.7161
408.2281,110.7012,103.1501,211.456
401.507,114.1312,107.0015,204.5959
384.842,116.1894,107.0031,200.4796
387.6436,118.3038,106.1005,196.2509
388.7764,120.422,103.835,192.0145
388.9693,121.5363,98.9274,189.7858
391.1185,122.8053,94.6291,187.2479
392.4888,121.8089,91.8885,184.9471
390.3292,122.4384,87.7828,183.6882
387.8283,120.2184,84.5389,184.0052
389.336,120.387,81.5235,183.668
388.7684,120.5903,78.6453,183.2614
389.8784,118.7453,76.4254,182.9948
388.8327,116.7924,74.6032,182.9869
387.6385,116.9914,73.1105,182.5889
388.0624,115.4328,72.2626,181.8572
388.3037,113.733,71.7801,181.4338
386.469,113.8869,71.641,181.1259
382.3857,113.9794,72.2045,180.9409
380.2044,114.1907,72.7581,180.5183
374.58,114.297,72.5688,180.3058
374.3747,114.5468,72.9794,179.8061
372.3788,114.5135,73.1647,179.8727
370.4158,114.3924,73.2801,180.1149
368.1723,114.6715,73.951,179.5568
364.459,114.6273,73.7375,179.6451
361.2254,116.8972,72.5696,178.9228
359.9968,116.6693,71.2404,179.3787
358.4478,114.4374,70.5692,180.0733
354.8889,112.1233,70.1525,180.9342
355.0329,110.0693,69.8646,181.2699
353.5354,109.2866,69.0875,182.8354
353.3757,109.5689,69.407,182.2707
353.062,111.6814,70.0345,181.8238
352.3362,117.7752,71.4861,180.9849
354.2148,118.3751,71.5256,179.7849
356.588,120.6996,70.5593,178.9162
358.9634,122.969,69.559,178.1278
361.1279,125.102,68.9511,177.583
363.3581,125.4368,68.1933,176.9134
365.7273,127.4128,67.1343,176.6408
367.7782,129.3782,66.6889,176.3664
369.7308,129.3707,66.4281,176.3813
369.5103,132.7481,66.8691,176.9065
369.5245,136.4486,66.8408,176.8165
369.3497,136.7557,67.1903,176.2022
369.4878,138.5752,66.9141,176.2143
369.3757,140.4593,67.1385,176.0925
368.5461,142.5559,68.7976,175.5479
369.9966,144.6306,69.5671,175.0691
369.4185,146.5815,70.7233,174.8447
369.4933,148.5566,70.5736,174.5891
369.7118,149.0433,70.1366,173.6157
370.0291,149.1934,69.5021,173.3155
372.4152,149.1751,68.3807,173.352
374.3973,150.9494,68.048,173.4348
376.0652,151.3838,68.3389,172.5661
378.0446,153.4224,67.9995,172.1083
377.8506,155.8967,68.3876,170.7665
377.9711,158.5859,68.1466,168.9824
379.45,161.5204,68.753,166.6777
381.2705,164.5644,68.6539,164.1315
384.145,169.2609,69.9114,161.7453
385.4061,172.6114,70.8804,158.5353
387.2613,175.8087,70.6313,155.602
387.229,177.025,70.6961,153.1695
387.5065,177.6477,70.1411,151.9242
387.7778,178.1292,69.5984,150.9612
388.0772,176.3502,68.9996,151.1903
388.3009,176.1344,68.5521,151.6218
388.5074,175.7302,68.1392,152.4303
388.6152,175.3511,67.9237,153.1885
389.0387,176.6126,67.0766,153.9974
389.1643,176.4316,66.8254,154.3594
387.3269,176.6103,67.1706,154.002
385.4909,176.597,67.5121,154.0286
385.4705,176.6632,67.553,153.8962
382.1215,176.7288,67.5796,153.7651
381.6612,176.8723,68.5001,153.478
379.0263,176.9999,70.4238,153.2228
376.7122,177.201,71.6757,152.8206
374.3572,175.8218,72.9936,152.1868
372.3531,174.3728,73.5958,151.6788
370.4875,172.853,73.9182,151.3096
369.409,171.2641,72.6661,151.0783
368.215,169.6123,71.67,150.9979
368.6476,168.0594,70.805,150.7382
367.6693,163.1975,69.4148,150.4222
368.1134,161.7907,68.5267,149.918
368.7844,158.5027,67.1847,149.9039
367.6676,158.6115,66.1469,149.6863
368.306,156.7551,64.8701,150.1493
369.0871,150.1424,63.3081,150.4381
370.1116,148.1973,61.2591,151.1177
371.1086,146.3086,59.265,151.7108
371.6821,141.6312,58.1181,151.594
371.9293,140.1653,57.6235,151.3909
370.1063,137.2245,58.1464,151.026
369.8167,135.9772,58.7256,150.3933
369.4981,136.5454,59.3629,149.2568
370.7547,137.4035,59.9731,147.5408
371.3374,139.0991,61.9177,144.1495
372.1497,140.6956,63.388,140.9566
371.8457,141.7489,63.9961,138.8499
360.5652,143.0701,68.2291,136.2076
337.5175,151.6126,77.2505,131.4806
335.3962,149.6036,81.4931,129.1515
333.4357,154.8722,85.4141,125.0342
329.3265,151.5982,87.2064,125.156
332.3544,149.9558,87.6394,125.1964
335.3565,144.4912,88.1396,126.3693
361.8545,134.3533,84.3155,130.2543
360.4497,133.3543,83.8517,132.2524
359.3309,131.9929,79.4979,134.9752
359.9785,125.4855,74.9391,138.1998
359.593,122.8033,72.4762,140.3302
358.8034,121.7648,70.8324,142.4072
358.9559,121.4911,70.5272,142.9546
359.2211,121.2383,69.9968,143.4603
358.6576,123.0569,71.1239,143.0494
357.0143,125.1016,71.1707,142.1997
355.2096,127.1628,71.5521,141.3055
351.6527,127.3945,72.2226,140.8421
349.846,127.3863,72.6096,140.8584
348.2156,127.072,72.6373,141.487
348.4321,126.7424,72.2043,142.1462
348.8763,126.5826,71.3159,142.4659
349.2155,126.2278,70.6374,143.1755
349.7541,127.5013,69.5603,143.8616
350.0668,127.2506,68.9349,144.3631
350.5665,126.9947,67.9354,144.8748
349.3294,126.6503,67.1986,145.5636
349.7032,128.0316,66.4509,146.0094
350.1879,129.4861,65.4816,146.3021
350.7093,132.5042,64.4386,146.6442
350.9498,133.8785,63.9576,147.0712
351.2404,133.6607,63.3765,147.5068
351.4827,135.2099,62.892,147.5779
351.5357,136.8431,62.786,147.4735
351.5327,138.6143,62.792,147.0898
348.2063,140.6027,63.1383,146.2661
348.1107,140.6993,63.3296,146.073
347.791,144.0918,63.9691,145.5838
347.7685,144.1001,64.014,145.5672
346.1561,147.2179,64.0861,145.6368
346.1597,148.8956,64.0789,145.4364
346.3836,150.7555,63.6311,144.8684
346.5283,152.611,63.3418,144.2932
346.7467,152.7763,62.9049,143.9626
345.1638,156.1414,62.9609,143.4521
345.0037,156.3984,63.2811,142.938
345.1078,157.9272,63.073,142.9821
345.1117,158.202,63.0651,142.4323
343.5274,160.2853,63.1432,141.3562
343.699,160.226,62.8001,141.4749
343.9437,162.055,62.3106,140.8887
344.2544,163.7914,61.6892,140.4708
343.0062,165.4076,61.1478,140.2762
343.3079,165.5258,60.5444,140.0396
343.4686,165.446,60.2232,140.1993
342.2704,165.4946,59.6114,140.1021
341.2063,165.487,58.7438,140.1173
341.6118,165.5247,57.9327,140.0419
341.8372,165.9147,57.482,139.2619
340.491,167.3898,57.2282,139.2577
338.8974,168.9825,57.4739,139.014
336.0698,169.1863,57.2446,138.6062
333.1357,170.9314,57.2481,138.0484
332.6499,172.7509,58.2197,137.3338
328.0543,173.0995,58.6174,136.6365
327.8309,173.2225,59.064,136.3905
326.0691,174.9491,59.6552,135.8698
323.2339,175.0563,59.4551,135.6555
323.3879,175.1115,59.147,135.5449
323.6465,176.6827,58.6299,135.3241
322.4896,178.4905,58.0343,134.618
319.6655,180.0691,57.9054,134.3494
318.4654,181.6434,57.4231,134.0833
315.7233,181.7351,57.1671,133.8999
314.5196,182.0821,56.7116,133.2058
313.3136,182.1831,56.2788,133.0039
311.8364,183.6526,56.3989,132.8991
307.5316,183.6053,56.5038,132.9937
306.0795,185.0182,56.57,133.0061
304.6903,186.4124,56.509,133.057
297.3804,186.3718,56.9333,133.1382
297.3604,186.2029,56.9732,133.476
295.9259,186.2814,56.989,133.3191
293.1,186.3207,56.938,133.2404
290.328,186.1653,56.7833,133.5513
287.4783,186.0461,56.7805,133.7896
284.6413,185.853,56.7455,134.1758
283.2463,187.1427,56.6762,134.4558
275.9952,187.1126,56.8668,134.5161
275.8835,187.1097,57.0903,134.5218
274.5402,187.1013,56.9063,134.5387
268.8362,187.3545,56.844,134.0323
268.6195,187.6955,57.2775,133.3502
265.437,188.1006,57.9287,132.5401
264.2066,188.3762,57.5328,131.9889
260.0263,188.7367,57.3684,131.2678
258.7534,189.0131,57.0859,130.715
257.3686,190.5716,57.04,130.4134
250.2422,190.8727,57.2422,129.8113
250.2023,192.6838,57.3219,128.994
248.8745,192.9012,57.183,128.5593
243.4905,194.3902,56.808,128.3669
243.1871,196.0534,57.4149,127.8169
240.5962,196.3197,57.0387,127.2842
239.3978,196.648,56.6707,126.6278
237.808,197.0214,57.1017,125.8808
235.2015,198.6194,56.8239,125.4302
233.9282,199.0952,56.6366,124.4787
231.1325,199.3423,56.7943,123.9845
228.3487,199.5407,56.9369,123.5877
225.5148,199.8023,57.1865,123.0644
224.1102,199.9139,57.2898,122.8413
