1
281.4699,137.919,105.1243,105.9536
273.0795,125.4913,100.3034,110.2701
286.1717,109.8436,94.6093,114.9797
293.4737,86.4347,90.8816,118.7304
301.9975,70.1849,85.5594,124.8073
297.47,72.0266,79.9125,129.7902
296.4642,69.6883,75.2852,132.2435
304.1101,70.7634,71.494,133.5131
312.5878,78.2709,69.1817,134.2101
321.0306,78.9972,67.5915,133.8064
322.4679,88.5553,67.3315,133.9447
313.6908,103.0617,67.3106,134.1055
302.0832,118.6817,68.1393,132.0362
298.8584,121.384,68.8218,130.5081
298.1707,121.661,69.3115,129.3562
296.5454,117.538,69.5184,128.4253
287.1031,118.4518,68.636,128.1552
278.6776,120.9831,68.5835,126.7849
265.508,114.9355,71.3783,122.9365
253.3661,107.6368,73.1417,120.0064
244.4136,101.1346,74.6219,116.9274
238.6065,103.7225,76.1627,114.15
227.8665,115.0555,77.4392,110.1145
215.724,121.9959,79.2757,106.7932
214.6726,127.6796,80.3473,104.6716
214.9613,135.9865,79.713,102.7612
213.4398,146.5365,81.3651,99.9659
212.4938,157.9093,82.3268,97.2947
206.3463,172.5827,83.4118,93.4487
200.5269,183.2171,83.3437,90.6649
208.8475,191.6998,81.9308,88.5308
213.765,197.9774,80.9026,85.8235
209.4764,206.0933,80.4336,84.0374
209.4045,212.0586,79.4249,82.4653
216.178,211.5711,78.0775,80.6601
219.6906,200.2392,76.2227,79.6829
219.7017,187.2446,74.4827,78.5056
223.9351,182.6031,72.5564,77.943
228.46,179.3849,71.0792,77.2653
229.9156,172.6048,69.938,76.9476
232.832,163.3962,68.7503,76.4156
241.5084,161.2605,67.6477,75.5116
247.9003,161.7657,66.0615,74.356
248.9375,163.3391,63.8281,73.4896
254.8606,157.2922,61.6337,73.4147
260.9763,150.7354,59.536,73.683
261.9578,144.8313,57.2088,74.3887
252.1301,144.4405,55.4017,73.7674
252.8788,124.9901,54.4962,74.357
245.9717,108.8085,53.8332,74.7376
238.2677,105.0953,52.8721,74.0351
236.3558,99.8165,52.2751,72.8366
241.2211,78.731,52.0043,71.2859
247.8854,73.1912,51.6371,69.6638
244.4509,77.9333,50.9578,67.9613
239.0204,79.6726,50.3514,66.8096
246.2719,78.9431,50.3448,65.4607
248.3762,87.0732,50.0159,64.2734
244.6373,105.2203,50.4724,62.7622
241.6486,116.677,50.8501,61.3222
238.6041,127.1642,50.7967,60.576
236.8432,138.4552,50.6367,59.5052
236.9626,138.8663,49.4087,60.2874
221.331,139.7461,49.0367,59.8954
208.9406,133.3296,49.727,59.8551
202.0692,109.8393,50.5359,59.7037
193.1235,97.0736,51.6497,59.7883
178.557,101.9289,53.3104,59.217
163.5158,109.5489,55.307,58.3389
147.0152,106.2496,57.1791,59.4553
144.1488,96.722,59.0376,61.3363
146.3208,89.5076,59.9266,64.3113
146.0312,84.8723,60.8674,66.7966
147.2025,85.8564,62.0947,68.7848
145.8523,94.3073,63.2975,70.2083
149.0146,97.8752,64.7776,71.3744
156.1703,101.004,65.3339,72.3737
160.9214,102.2243,65.0345,72.5396
159.4935,95.617,64.678,72.9571
157.4415,104.3314,64.3732,73.0023
153.4902,115.5515,63.9731,72.5879
147.2069,114.2183,62.2664,72.3577
149.7783,103.5644,61.3669,72.4684
154.7696,100.2693,60.0632,72.7184
157.6858,102.8214,59.434,72.6153
160.6954,102.9209,59.042,72.1291
164.2822,105.4269,59.6716,71.4758
170.508,109.0209,61.1935,70.3582
176.5938,113.3335,63.0223,69.5354
178.8554,120.1726,64.7967,69.029
184.666,128.0126,66.0559,68.5778
189.7169,132.8463,67.1909,68.3072
198.1277,137.5775,67.8059,67.9286
206.3164,140.218,69.1232,67.3016
201.9818,151.0818,69.8294,66.6816
197.7965,160.7505,70.5588,65.8413
199.5783,156.9687,70.1133,66.0413
200.39,146.7808,70.3135,65.1371
194.3025,140.4683,70.9574,64.9496
185.0584,137.3325,71.9014,64.9696
182.5991,133.0285,72.0854,65.2155
183.0516,132.6047,71.5891,65.4614
181.7397,135.6323,71.2434,65.5624
179.8815,137.2805,70.7838,66.1712
177.1956,140.9652,70.6089,66.9177
173.8857,147.5727,70.5351,67.5883
173.944,147.1905,71.1268,69.074
181.7643,138.5477,71.8518,70.244
196.695,128.9053,72.6574,71.7666
190.7212,121.1819,73.0719,73.3701
179.7824,113.2594,73.484,75.408
175.8165,99.4952,74.6402,77.0083
169.9104,84.6214,75.7148,78.3424
151.2984,71.8369,76.844,79.4348
135.5844,65.1674,76.9432,81.0191
126.3228,54.4068,79.2643,81.6025
131.0729,47.3054,81.5974,82.8202
134.8961,55.6595,83.0971,83.2034
122.521,62.6033,84.9009,83.04
109.1629,69.5095,86.5151,83.5413
109.1882,82.5755,88.0395,84.6869
119.6769,93.7345,89.5484,85.5622
124.8971,100.2515,92.3868,87.2477
124.4111,103.967,95.4304,88.4566
121.7209,100.4834,97.8936,90.5735
123.1709,97.4218,100.3129,92.5706
133.8586,93.9228,103.6671,94.3953
140.9279,87.1095,106.4725,96.5949
141.2708,84.7002,107.722,98.4979
136.2216,86.9025,109.3004,99.717
135.4649,85.6772,110.8451,100.751
137.4258,82.7669,112.773,101.9993
136.8835,79.4969,114.0717,103.1382
132.719,77.5836,114.1973,105.09
127.7883,73.7227,114.8141,106.8928
131.9283,72.0995,116.841,107.8792
134.2734,75.7806,117.6528,108.8321
131.2741,79.1669,119.4377,109.7708
131.3167,86.0318,120.798,110.7071
138.6527,90.5265,122.6914,111.9866
142.5838,90.0795,124.4065,113.4833
137.1606,78.3706,125.5678,115.5824
144.011,73.3251,126.7294,117.0609
159.3468,64.1214,129.2475,118.0238
162.0579,63.1483,130.3111,119.3288
150.2169,65.6286,131.1467,120.1388
141.6553,68.0091,132.4026,120.8943
149.656,67.4993,133.6098,122.2804
156.5597,72.6564,135.5911,123.0508
154.3102,80.7353,136.0173,124.2734
147.5281,89.6167,137.2395,125.3855
145.9196,94.5165,137.8578,126.2488
152.273,98.7808,139.104,127.1457
159.9384,104.9187,140.8866,128.771
168.0154,108.0236,142.7325,129.5014
159.4871,108.9795,143.212,130.3572
145.0616,116.5798,144.5405,130.7432
150.1128,118.6736,146.2914,131.744
163.3285,109.0865,147.1323,134.2651
168.0757,98.0046,147.0293,136.6322
159.3933,89.3444,148.37,138.0829
147.5866,92.0881,149.2914,137.3735
148.1625,96.0283,150.5215,137.2758
160.5763,96.8051,151.4953,137.7101
166.9024,93.7806,151.6591,139.0578
168.3783,91.5627,152.0817,140.0195
166.031,91.4313,153.0869,140.3607
163.9389,95.5864,154.1636,140.2888
155.7567,95.6059,154.9524,140.8185
148.5533,102.4367,155.9105,141.1717
144.2268,104.7705,156.8717,141.6766
138.6384,104.5132,157.4011,142.3872
136.3829,108.4677,157.7369,142.8934
139.1755,112.3894,157.3688,143.6389
140.4916,111.4971,156.6842,144.5186
134.6375,110.3727,157.6213,145.0674
131.8192,108.6746,157.7753,145.4068
138.173,106.0171,157.0827,146.3511
145.4932,102.8627,157.0621,147.0111
148.3974,102.5673,157.3549,147.115
145.0477,104.0872,157.9969,146.5437
146.4237,101.7578,157.466,147.0782
147.783,98.9563,157.6589,147.5953
144.7121,100.211,158.0533,147.0417
140.3864,99.8651,158.2829,147.1557
141.1441,97.1788,157.3723,147.5364
142.1218,96.417,157.4409,147.6549
141.6869,97.8589,157.8832,147.5903
140.2243,100.6281,158.1293,147.6382
138.5461,105.3951,158.4474,147.3288
135.5697,110.2048,159.0313,147.166
138.4778,111.2606,158.8052,147.2708
139.9448,111.2662,158.2816,147.3393
139.5695,112.4028,158.0217,147.3098
140.7235,111.3893,158.0289,147.7239
