1
661.8284,131.1324,33.9657,70.2783
660.5867,130.4603,34.9174,70.091
658.0493,136.6759,35.3569,70.0209
657.1698,142.958,35.5642,69.8702
656.252,147.383,35.847,68.7852
656.1915,145.4547,35.9679,68.0161
656.1164,142.7557,36.118,67.2836
655.4685,143.0499,35.8896,66.6952
652.6084,148.6427,35.5627,66.092
651.996,152.5433,35.2901,65.7772
651.3374,153.4342,35.1194,65.4832
651.4672,149.2059,34.8599,65.0557
650.9292,144.2132,34.4658,64.7512
646.0304,139.0414,34.0521,64.8834
640.4144,138.3636,33.655,64.7853
634.7157,143.4535,33.489,64.7235
629.9118,153.7385,33.0051,64.3369
629.2816,159.59,32.8377,64.0553
628.5803,165.5285,32.8198,63.5438
627.9166,165.0715,32.7343,63.0449
628.003,161.2178,32.5615,62.3282
631.4878,160.6119,32.5444,62.1496
633.7001,159.7764,32.2824,62.433
635.2938,158.4636,31.8694,62.2839
636.119,156.5778,31.5971,61.9217
636.7907,153.3954,31.6218,61.4466
637.5321,145.339,31.5004,61.2224
637.7124,138.517,31.1397,61.306
637.668,138.4829,31.2284,61.3743
637.5855,143.7733,31.3936,61.6223
639.057,152.185,31.1707,61.12
639.1144,147.6171,31.0559,60.8137
639.2417,153.0032,30.8013,60.7806
642.1804,167.0504,30.2741,60.7746
642.2443,171.6904,30.1463,60.7935
642.4406,160.687,29.7536,60.25
642.5272,150.9497,29.5804,60.0487
642.4577,145.2252,29.7196,59.7456
642.4675,139.4848,29.6998,59.4927
642.503,138.1737,29.6289,59.5155
642.4409,138.1502,29.7529,59.5625
638.6679,132.6457,29.4895,60.1585
638.5126,127.8771,29.7999,60.5548
639.2055,132.3752,29.7313,60.7777
639.2832,134.7973,29.5757,61.2099
639.197,139.4429,29.7481,61.1778
639.1088,140.3566,29.9246,60.6758
640.5703,139.8554,29.6435,60.3572
641.3451,138.0627,29.4052,60.0084
641.8904,137.6742,29.6168,59.4831
643.2293,142.1901,29.5351,59.5382
646.0261,145.9066,29.1317,59.8902
645.8475,146.236,29.489,59.2316
645.8455,145.1412,29.4929,58.8367
645.872,144.5351,29.4399,58.7624
645.9482,147.0779,29.2875,58.8147
645.9373,152.9488,29.3093,58.6166
646.0745,155.5873,29.0348,58.4599
646.8925,159.9979,28.672,58.5503
648.8875,159.8985,28.4865,58.7492
648.8633,159.1876,28.5348,58.903
648.7927,158.3539,28.6761,59.2995
648.2142,157.4854,28.5537,59.7573
648.2817,156.8818,28.4188,59.6807
649.0241,156.7666,28.2144,59.9112
652.2157,157.3592,28.2319,60.0061
656.0304,158.5514,28.2936,60.1855
656.6867,162.6551,28.2668,59.6912
660.4173,158.478,28.4727,59.1004
660.3706,154.2036,28.566,58.74
661.8057,149.327,28.2339,58.3404
663.3244,144.6333,27.7116,58.925
663.0984,144.5483,28.1636,59.0951
663.0304,143.9759,28.2996,58.9725
662.4389,135.089,28.2148,58.9956
661.0347,135.041,28.4896,59.0916
661.5489,140.719,28.7341,59.1922
663.2471,151.7563,29.1735,58.8542
667.8511,164.4674,28.9344,59.057
667.6207,170.5325,29.3951,58.4478
668.0688,172.9664,29.778,57.4172
667.6475,169.8272,30.6207,56.0728
661.6775,169.9067,32.4411,55.9138
660.7435,176.4506,31.7225,58.346
668.6151,173.3749,31.7871,59.2281
659.8501,158.2081,32.008,58.9374
660.9917,152.8815,31.0555,58.9431
661.4379,150.2846,30.1632,58.8778
658.5743,150.6903,29.3974,59.3649
654.8502,154.3525,29.0899,59.7961
654.1348,155.4817,29.2272,60.125
650.3067,159.4949,29.0784,59.9035
650.173,162.1382,29.3459,59.797
649.9035,162.8993,29.8848,59.5728
649.6248,162.8322,30.4421,59.7069
649.6574,163.4917,30.3771,59.7036
650.4071,162.7257,30.1921,59.9212
651.2147,161.392,29.8911,59.9597
651.1748,161.1688,29.9711,60.4061
651.0301,162.9177,30.2604,59.5439
651.0553,163.7094,30.2101,59.2704
650.5502,163.0295,29.9151,59.325
648.8445,161.1757,29.4237,59.13
648.379,161.7083,29.0652,59.3545
645.3341,164.4111,28.7213,59.0956
645.1104,163.7055,29.1688,57.953
645.033,160.7799,29.3235,57.4645
645.4046,162.2641,29.8437,57.0228
645.2697,166.7652,30.1134,56.8812
646.5965,166.8036,29.9965,56.8044
647.0926,161.6689,30.2694,56.9525
646.8635,162.9269,30.7277,56.9805
646.8797,167.879,30.6952,57.318
646.1205,172.0252,30.9289,58.0181
644.8649,174.6152,30.8423,58.034
641.5994,172.06,30.8845,57.9534
641.2891,170.6813,31.505,58.1164
641.1878,171.216,31.7077,58.3571
640.9963,170.3837,32.0907,58.7046
640.9154,167.5643,32.2525,59.0277
640.7785,166.944,32.5263,58.9318
640.7468,166.6569,32.5896,59.506
640.7576,166.1793,32.568,59.112
640.7737,162.175,32.5359,59.0624
639.2003,162.3119,32.9993,58.7887
638.3588,162.4216,33.3367,58.5693
638.3538,162.8901,33.3466,58.9803
639.0963,164.1238,33.2159,59.2214
639.0655,163.9598,33.2775,59.5493
638.3147,163.9159,33.4176,59.6371
637.5741,164.4332,33.5335,59.9677
636.6864,164.4811,33.9369,59.872
635.785,162.304,34.362,60.0937
637.1638,158.9659,34.3805,59.8302
637.7915,156.0471,34.5095,60.1304
641.7225,150.3921,34.9932,60.3125
641.676,145.8793,35.0862,60.9272
641.6436,146.3459,35.151,61.4065
640.8062,146.2464,35.4052,61.6054
639.9721,146.2,35.6452,61.6984
640.0338,148.857,35.5217,62.1182
639.9874,151.5911,35.6146,62.4004
639.9729,152.2323,35.6436,62.5615
640.5882,155.0314,35.8594,62.7483
640.53,155.6774,35.9758,62.909
640.4902,157.0559,36.0552,63.0663
640.4964,158.9395,36.0429,63.6813
640.4286,159.4869,36.1786,64.0561
639.6928,160.5817,36.1727,64.8216
639.0041,161.7932,36.0611,65.3762
639.7944,166.3804,35.9756,65.1725
641.2207,169.1275,36.1046,65.6411
641.9393,169.7293,36.167,65.9372
642.7591,170.2164,36.0328,66.4684
643.4016,171.6476,36.2587,66.6276
643.254,172.2769,36.5536,66.8859
643.9182,172.1374,36.7511,67.1649
646.0825,171.3534,37.0226,67.1996
646.7624,170.4049,37.2014,67.5581
646.6428,169.3454,37.4405,68.1304
646.4572,166.8365,37.8118,68.4702
646.3251,163.4825,38.0758,68.8953
645.4981,164.167,38.1484,69.1077
644.5023,167.1466,38.5543,69.492
642.7833,167.2386,38.7953,69.308
641.6635,162.3586,39.4353,69.4692
641.6041,162.9058,39.5538,69.9879
641.4633,163.4083,39.8355,70.6057
643.0598,163.0833,39.9159,71.2555
644.564,161.5463,40.2028,71.0342
644.4563,161.5224,40.4183,71.082
645.2122,163.0066,40.5601,71.4208
646.012,163.4405,40.6215,72.214
645.9371,163.8697,40.7712,73.0294
647.7675,163.3328,40.4873,74.1033
650.0803,163.0977,40.9604,74.5734
649.8334,163.8713,41.4541,74.7409
649.4806,162.4479,42.1599,75.8622
648.3714,159.3699,42.6243,76.7562
648.0107,158.8827,43.3456,77.7305
647.8042,164.0988,43.7587,78.1094
648.6922,163.7858,43.7972,78.7353
648.8196,160.4976,43.5423,79.8385
649.7996,158.8564,43.4186,81.2845
649.7639,158.2387,43.49,82.52
650.6517,155.989,43.5895,83.269
652.3659,152.6427,43.9368,84.2982
654.0538,150.0943,44.379,85.577
656.8081,145.7157,44.6765,86.5926
656.7738,145.1665,44.7451,87.6911
