1
431.1123,216.5436,57.7668,103.3724
431.2563,215.667,57.5139,105.4068
431.1725,214.7156,57.5043,106.2569
430.724,214.3168,57.3322,106.7862
431.5882,213.9377,57.0526,107.5656
432.3537,212.6707,56.7191,107.9698
433.0113,212.9029,56.6607,108.2797
435.4449,212.5715,56.3241,108.4877
435.4165,212.0695,56.4826,108.2967
434.6927,213.2695,56.2096,108.0034
435.5753,212.0821,56.1125,108.0452
436.0987,213.8461,55.9591,108.1064
437.4068,212.583,55.9963,108.2424
437.9018,214.8084,55.9179,108.0397
437.2175,214.3027,56.1859,108.6786
437.3208,216.2052,56.5482,108.3913
437.2475,216.6753,56.8467,108.5554
436.6475,217.7424,56.9654,108.4031
436.4123,217.7188,57.0025,108.438
439.0524,216.9642,57.0046,108.9339
439.6497,217.3609,57.1754,109.313
438.9043,217.732,57.6861,109.2295
438.5197,217.5406,57.6796,109.2233
439.8671,217.3896,57.4703,109.3083
439.374,217.6423,57.5257,108.8316
437.8726,218.5751,57.8169,108.7139
439.1966,216.9889,57.5323,107.9557
438.2196,217.494,57.7067,108.1072
439.6882,218.2392,57.6115,107.9496
440.8797,217.3232,57.3788,107.5422
440.8199,217.0795,57.5575,107.6077
440.0633,217.1745,57.6397,107.6556
441.7919,216.9768,57.5957,107.3716
441.1277,216.8841,57.5935,107.565
442.2379,216.2724,57.3278,107.7694
442.4783,215.6107,57.2414,107.3683
442.0662,216.5801,57.6512,107.511
443.9606,215.2731,57.2759,107.2518
443.7943,216.0587,57.4526,107.6045
443.5252,216.0869,57.5393,107.8809
443.8709,215.8749,57.4878,108.2918
445.5562,215.1792,57.3859,108.3662
444.4519,215.7454,57.7827,108.5108
444.1682,215.6447,57.8424,108.4958
445.324,215.4541,57.6208,108.002
444.6565,215.3047,57.5986,108.0419
445.5355,215.1869,57.3759,107.6534
445.2912,215.7051,57.4776,107.429
445.7394,215.1401,57.3237,107.3114
447.1238,214.447,56.862,107.0447
447.7658,214.4007,56.8416,106.8338
447.4428,214.0755,56.7965,106.7214
447.6469,214.1996,56.4561,106.2218
448.9891,213.8266,55.8739,105.6095
451.5196,214.0328,55.1785,104.9892
452.4004,213.8407,54.5771,104.5168
453.1853,213.1212,54.1856,104.9612
453.2865,211.2139,54.0951,106.3109
453.3594,210.141,54.2691,106.8437
453.4996,209.5549,54.9832,107.1042
452.6183,208.5403,55.5104,106.8803
452.3741,207.8251,56.1199,106.026
452.4276,207.8088,56.2731,105.7175
454.4752,208.8262,55.7181,107.4633
458.6052,208.9403,55.1376,108.5194
463.1684,207.2995,55.1254,109.5016
467.7951,207.9932,55.4949,110.4754
471.2886,208.073,55.7417,112.5878
472.2803,208.8058,56.8581,113.7593
473.2125,210.5802,58.5431,113.8213
475.7717,212.278,59.299,113.2734
478.513,214.832,59.6396,112.4707
480.7119,216.7359,58.8952,112.3485
481.9247,217.1656,57.9596,113.1767
482.6107,218.3485,57.4398,113.413
484.01,219.7515,56.4786,113.3562
484.2133,221.0411,55.3226,113.7067
483.5775,223.8359,54.4121,113.4709
482.6276,224.2204,53.7471,113.3047
481.2308,224.517,53.369,112.6595
484.843,226.3673,53.1897,110.4933
487.0183,226.7246,52.8154,110.1071
487.4227,226.2056,52.6916,109.8593
486.5409,225.8477,51.8549,110.1246
486.5717,226.4921,50.1839,110.282
486.4561,226.6877,48.3907,110.6817
486.086,224.3382,45.5665,112.0028
486.6189,221.1221,43.3834,114.8667
486.8584,220.7439,42.8435,116.6467
487.305,221.6546,42.7884,117.8529
487.5833,223.0193,43.8745,117.8742
488.0278,226.0059,45.4228,116.3332
487.5997,228.1112,47.0191,114.7736
487.4763,230.8046,48.7308,113.3395
488.1008,232.6425,52.4676,111.2945
488.421,232.4325,55.8914,109.836
489.0918,232.7273,59.2732,108.5918
490.6736,233.7309,62.7194,106.6656
493.2328,233.9446,66.2889,104.6164
496.4288,234.9159,68.8934,102.8452
499.4815,234.1424,69.7203,102.2356
502.1391,236.216,70.3422,101.24
505.3886,237.0923,69.5177,100.3307
507.0134,238.1742,69.4444,98.6469
508.8308,238.3083,68.9306,97.9851
508.8596,234.0659,68.0974,100.1329
510.9394,236.1212,66.8836,100.7202
512.3762,235.4688,64.8165,101.9796
512.9122,235.207,62.83,103.5296
513.5112,233.883,61.266,106.3193
514.2757,232.8417,59.5442,107.9575
516.9215,232.1565,57.9755,109.2562
522.3184,233.2281,57.5292,109.7251
525.7649,232.9023,58.9128,109.0596
526.5219,233.1503,57.7601,109.8752
526.3554,234.5632,57.023,108.8376
525.6815,235.847,56.4659,107.7228
524.0619,236.8993,55.5456,107.3108
523.024,236.5162,55.215,107.2676
522.9657,238.2681,54.922,106.957
523.6784,237.9928,53.7866,107.4717
524.0791,237.9706,52.9054,108.1769
524.3339,238.2319,52.2216,108.7098
524.6519,238.7663,51.8659,108.6372
526.353,238.982,52.033,108.6697
527.2974,238.3547,52.2724,108.3861
528.0726,238.1697,52.535,107.7101
528.5765,239.3856,52.7854,107.152
527.6176,238.6723,52.3262,106.9822
527.1367,238.7813,51.7688,106.8061
527.0966,237.9166,50.6157,107.4127
526.367,235.9104,49.0731,109.3351
525.3208,234.7493,47.5371,112.1425
524.2456,231.2569,47.0186,116.3215
524.1041,229.8943,47.739,118.6575
524.4367,231.242,49.0135,118.7054
525.6442,234.0046,50.4637,117.6479
526.8142,234.7874,52.5789,116.8619
528.0731,236.9459,55.1688,114.382
521.8848,240.406,54.3467,112.6388
525.512,240.3622,54.3099,112.0254
528.7413,243.4841,56.2323,109.3501
530.7769,245.9495,58.423,105.8481
535.3919,247.7271,62.3382,101.7631
540.3981,248.0728,66.6036,98.7821
544.744,250.3923,69.7834,97.1323
548.8472,252.1351,72.404,96.3967
551.0984,254.0313,74.883,94.6959
554.4017,255.5448,76.4055,93.3821
557.5998,257.0898,77.3284,92.1193
561.5153,259.1484,79.2389,90.4866
565.1926,260.0542,81.2263,88.7025
567.6417,263.4342,81.8604,87.3996
567.3757,268.257,80.6669,86.2644
568.6373,273.2172,77.8866,86.1578
568.9717,277.6983,75.4175,84.9266
568.9556,279.9658,72.9167,84.7313
568.4068,282.3599,70.7162,84.3391
567.5545,285.0564,69.4043,83.2777
566.9272,285.7465,68.4745,82.1411
566.2678,284.173,66.8739,81.6554
567.8812,282.9817,65.0501,81.3749
566.0535,280.2885,65.5034,80.7886
562.9304,277.1256,67.0248,80.3527
553.47,266.1928,68.0843,81.0545
552.1632,263.2368,70.9023,81.4908
542.1048,261.4063,73.0586,82.2801
539.8065,258.6669,74.964,83.6454
538.2477,256.0341,77.055,85.5147
536.6917,253.4326,78.079,87.6624
531.5118,250.9563,78.4403,88.8145
529.7154,253.0229,78.0094,89.3124
522.0278,250.7972,77.1032,91.047
512.7813,250.504,75.73,92.6001
513.6307,250.2279,74.4867,93.7258
513.6743,250.4229,72.7454,94.8545
511.9571,250.7267,72.4792,95.3458
499.778,247.7945,70.2391,96.08
498.7897,246.0731,68.8887,95.7673
494.2539,245.5579,68.0262,95.2198
489.4446,245.5722,67.7335,93.9501
482.995,244.4804,67.4185,92.9313
476.7798,243.2781,66.7759,92.2626
471.8732,240.8347,65.6809,93.025
468.8657,239.6254,64.3682,93.416
467.1102,238.9306,63.0499,93.9085
464.9378,237.3635,62.2927,94.62
461.9279,234.8614,62.1022,95.4604
459.6322,233.3872,61.7533,96.9298
458.6955,230.1279,62.1237,98.1966
458.2702,228.3288,62.6665,99.8152
458.0235,227.0823,63.9519,101.2315
458.0439,226.2501,65.0092,103.381
457.4162,224.4037,65.9216,104.8814
457.759,222.6226,66.4488,106.0752
458.492,221.2624,66.9259,107.1537
458.6768,220.3989,67.3676,107.9022
458.448,220.3049,67.9084,108.3108
457.9164,220.7446,68.0204,108.255
457.6459,221.0399,68.7172,107.9302
457.7581,220.1563,69.006,107.5595
457.7299,220.9177,69.6842,107.1716
458.1935,220.1206,70.1174,106.6984
459.1604,221.074,70.3834,106.4173
459.2935,220.5346,71.1114,105.4522
460.2965,221.5494,71.6146,104.4425
462.5505,221.5172,72.4563,103.6405
465.4165,221.5908,73.0933,102.7848
467.04,221.9881,73.5592,101.9314
467.8936,223.1935,74.0414,100.7203
468.7788,224.39,74.3348,99.4008
469.0139,226.5053,74.6305,97.2371
468.0229,228.9929,75.3499,94.6389
467.9173,230.0554,75.6316,92.106
468.1937,230.6186,75.4706,90.0981
469.3215,230.8392,75.331,88.2813
469.83,230.8843,74.8283,87.1293
470.3332,231.0808,74.3589,86.101
470.4345,230.8722,73.9622,85.3587
471.2483,230.8662,73.7302,84.6512
471.8279,230.1388,73.3509,84.0751
472.1318,230.3621,73.0169,83.6384
471.7703,230.7259,73.2429,82.9006
471.3331,231.9892,73.8285,81.766
469.5639,233.2346,75.0283,80.3249
468.56,233.7746,76.2513,78.9843
461.2505,233.1422,78.0792,77.8249
456.5731,231.0706,80.0581,77.7168
451.858,228.7972,81.4659,78.2131
447.224,227.5278,81.5051,79.1805
451.0162,227.6022,83.7813,78.9144
445.8614,226.545,85.0022,79.1332
446.8703,226.4882,86.1825,78.7001
442.4015,225.0832,85.5384,77.8913
436.8475,224.5449,83.897,77.7251
429.3557,225.0149,79.4066,79.9733
418.4882,224.8528,70.7268,85.5587
409.4413,223.4127,63.4048,89.8598
409.1133,223.0771,59.6376,92.0334
409.3616,222.7262,58.8489,93.4202
411.4122,223.3887,58.674,93.5899
411.196,223.909,58.9204,93.5786
409.6579,223.6275,58.8796,93.3333
408.9143,224.7838,58.9219,92.3153
408.1762,228.2205,59.2557,90.4111
407.4509,230.1101,58.9186,88.4187
407.6297,232.7321,58.2205,86.3185
407.516,236.1686,57.3062,83.9299
402.8536,242.5123,59.5968,80.0157
400.7952,245.9359,61.3073,76.8604
400.3664,247.9174,62.4991,74.7979
399.5694,247.2711,63.3377,73.7794
398.9519,244.8261,62.8935,74.5779
398.5667,242.1439,62.1171,76.3819
398.1778,237.6286,60.7692,79.7709
397.4524,231.7836,60.0978,84.3889
396.8989,225.8574,59.9052,88.4889
395.9744,220.7266,60.1541,93.0543
393.4439,213.4872,60.4843,97.2935
388.8807,208.449,61.0713,100.3147
382.983,203.6504,61.2686,103.5408
368.2081,202.1158,63.9682,107.5334
362.3745,198.8464,65.069,110.9284
357.7084,198.1179,65.7298,113.9002
357.7654,198.435,66.1063,116.3591
356.1141,199.8269,66.3519,117.4019
353.2232,201.5281,67.0469,118.3215
349.7905,201.753,67.8606,119.0433
349.2853,199.801,67.7906,120.7353
346.8339,202.0447,68.6253,120.116
344.7352,202.1872,69.784,120.0314
343.4379,202.9237,70.4855,119.6452
342.5783,201.6472,70.5925,120.7124
343.3098,202.0795,70.526,120.9736
344.9321,205.0308,70.2443,119.5813
344.2094,202.0682,70.5945,120.4269
336.1378,201.4465,69.8134,120.5729
338.7896,206.0516,72.8777,117.2747
327.6957,202.3981,75.3592,117.1424
327.7033,205.6867,78.8167,114.2683
325.1749,210.4652,81.4711,110.8709
311.7945,213.0779,81.3859,109.0567
311.2556,217.2874,82.0164,106.7677
302.0503,218.9963,79.8706,106.802
297.5194,220.413,80.0354,104.89
290.4638,223.4782,81.0294,102.2469
286.8157,225.0787,81.8604,100.0439
288.9515,227.8026,81.3635,97.589
288.284,229.8108,82.1619,95.5033
286.582,232.1389,84.2645,92.8026
284.0172,235.1197,85.1237,90.2834
276.2779,235.1016,84.9734,90.2005
270.4318,234.9873,84.1493,91.0271
271.0719,236.0589,81.6603,91.1733
258.5103,234.1341,80.0975,90.0138
251.7443,232.7441,79.1167,88.5894
247.504,234.4139,80.8089,86.4391
247.8682,234.1762,82.5799,84.6022
249.1042,234.1187,84.1604,83.4678
250.3445,233.8052,85.1973,82.5074
252.5643,233.0933,84.0802,83.3864
254.1185,230.7201,82.1389,83.9586
255.5496,226.9547,79.6502,86.4953
257.6116,225.6836,77.4225,88.8794
258.1347,222.9893,75.4061,91.7209
252.1813,219.0363,75.0393,94.0861
248.6473,213.3985,74.243,97.3559
250.6302,212.2701,73.3165,99.7156
245.2489,208.9926,72.6507,102.9115
246.8495,205.2566,72.6567,105.5252
240.406,201.0613,72.9705,107.9352
242.128,196.9078,73.1504,110.1727
241.5413,182.4081,69.8487,117.6859
240.8096,179.9276,67.9445,123.3425
240.3499,178.3939,66.5564,128.6818
238.4139,179.3758,65.9222,132.6426
236.8347,175.6667,65.6224,137.7819
235.3379,172.0463,65.8227,141.5451
233.529,168.7455,67.2627,144.8987
232.4371,166.5927,69.1226,147.4744
230.4936,163.721,71.843,150.0461
228.086,161.3221,75.1994,152.3202
227.4286,157.4292,77.2806,154.8363
228.0333,152.7303,77.9234,158.4281
228.2461,148.0423,76.8876,162.0001
225.8982,140.3624,73.1431,166.9711
224.2036,132.9897,69.0181,170.7849
222.4752,130.9696,66.24,173.2691
222.8309,131.1488,64.3209,177.9329
222.8526,127.0149,63.7398,179.9717
222.0394,125.9579,63.7192,180.5368
221.6621,124.6493,64.0897,180.2741
221.1371,123.6116,63.946,180.8137
221.329,112.4244,64.6786,183.6668
220.6843,109.1649,65.2101,185.5232
219.0184,107.427,65.6698,188.438
219.1601,103.3028,62.32,195.0039
218.3059,100.188,60.5613,198.9298
217.0216,99.1662,59.4452,201.9873
216.4598,99.6068,58.7706,204.2804
216.4573,100.7341,58.355,204.9879
216.592,103.2389,58.7537,204.1693
216.6987,104.9138,59.0402,202.8114
216.5382,104.9127,58.6919,202.9508
216.182,109.4328,58.8263,201.4015
215.1391,114.3222,59.9782,196.7629
216.1988,113.1253,58.9829,195.3826
216.7343,111.5548,57.7405,195.2724
216.8895,110.674,58.1919,193.8663
218.0595,111.3344,59.2292,190.7223
219.3036,113.1132,60.1198,188.2886
221.12,112.6504,61.1921,187.0792
223.7848,120.5139,61.8018,183.8513
223.8029,130.2667,64.2369,176.6257
226.6331,140.7353,66.83,168.0613
229.5286,146.0228,68.4808,160.1707
231.5305,158.3178,67.6952,151.9034
232.4088,169.7996,67.5319,143.726
233.8763,181.1929,69.2287,133.8237
232.476,193.9745,72.8154,121.9301
230.942,200.771,71.9573,113.8997
233.2698,203.4102,71.6391,107.3177
236.4252,204.3396,70.0155,103.9799
235.8533,200.8983,68.3328,103.9602
237.1487,197.9719,66.6456,105.849
234.4138,193.3282,66.0788,108.3366
232.5876,185.9762,66.1075,111.9849
229.9883,180.138,66.1936,113.5701
233.8062,168.1764,59.589,123.72
233.5579,163.3497,55.8523,131.8538
232.708,153.456,52.2993,141.6132
220.4369,136.9696,54.708,146.002
218.1125,133.7831,56.4429,151.2881
215.8264,129.2234,56.8591,157.053
213.713,123.8122,57.5528,159.9011
213.1199,117.1756,55.9364,165.4008
212.4032,109.1588,55.0923,172.5796
210.91,112.0636,54.399,178.1122
209.2592,113.9717,54.8143,182.1359
206.7884,111.5148,55.9907,184.5907
206.5128,112.4419,57.7276,185.7979
207.4617,112.0027,59.0622,185.1316
208.7816,112.2648,60.718,185.6478
211.4938,108.9457,62.2203,187.3545
213.4846,108.829,64.9122,188.013
215.108,106.6545,68.2623,186.9461
218.8586,102.5398,70.3532,188.4159
223.6746,94.8997,71.2831,191.3071
229.2243,90.3574,72.6712,193.9267
245.3044,91.3805,73.7164,195.1163
248.017,94.8536,76.0463,193.1943
250.5871,93.7453,75.8634,190.8037
251.1403,92.8908,74.2136,191.4661
251.9743,91.7814,72.4305,193.6778
265.3537,92.9579,67.494,197.0656
264.0251,90.0011,64.8704,197.5509
264.2585,91.0991,63.4353,198.3
264.1051,92.84,64.4005,195.1341
266.05,97.2082,65.015,193.3294
267.2527,100.513,66.0128,193.0791
269.1726,103.4992,67.3229,192.2285
271.4599,104.17,69.0661,192.9331
272.7807,104.906,70.9795,194.312
272.7069,109.5635,71.9833,192.6276
274.1292,107.0138,72.3083,191.8009
274.0603,117.3517,73.3968,187.4552
275.4373,112.7773,73.4673,187.1632
275.4101,111.4505,72.3287,189.3071
274.1685,111.4671,71.8761,190.2831
272.0317,112.197,71.1306,190.1012
270.8665,111.3563,69.1536,190.7004
268.5628,110.2996,67.5267,192.3884
265.5254,110.4781,67.1832,193.3036
263.8629,111.0085,66.0856,194.3669
261.644,110.8067,65.2009,195.0906
258.6847,108.7145,64.4425,196.3886
256.2721,110.3992,64.7094,195.5189
254.5978,110.0615,65.3626,194.4363
254.3685,109.48,65.0243,195.198
254.5299,111.4299,64.8787,195.8495
252.8845,114.4018,65.3835,194.1534
252.5443,114.4747,65.3672,193.9569
249.8019,112.5313,65.4264,194.7578
248.6756,111.8402,65.8072,195.2114
247.8977,112.502,66.4478,194.351
248.6065,113.5532,67.4689,194.0079
247.0761,115.4755,66.9683,192.6601
246.6586,111.6897,66.4404,193.702
245.9604,109.7441,65.6272,196.0655
244.4664,108.2555,65.5121,196.5536
243.0828,106.3647,65.5527,198.9748
241.2099,106.1914,65.9624,200.218
241.5253,107.5004,67.0967,198.8056
241.06,107.6173,67.8337,198.6563
238.7198,105.6234,68.5893,199.3289
239.1464,104.5768,70.2926,199.3541
239.4838,105.0488,72.079,198.1179
240.2377,106.9485,72.771,195.8838
239.3935,107.3437,72.1486,194.7661
237.4987,108.7511,71.5894,194.4201
235.519,107.6217,71.7766,195.8517
235.3089,109.7026,73.0078,195.6758
235.3674,111.0451,73.2423,193.8205
236.2611,109.9244,73.2102,192.9766
236.5632,108.0815,72.9128,192.9683
238.2553,108.1301,72.1333,192.8657
238.7377,105.8205,71.9895,192.064
238.7897,104.3327,71.8549,191.1698
239.9388,103.7545,70.225,190.0538
241.404,99.9221,68.9924,187.4535
243.0795,97.5849,69.3429,183.2665
246.0704,97.8644,68.2245,179.0116
246.405,96.0544,70.03,173.1238
229.7563,108.1519,71.9085,173.3808
210.4358,117.6239,70.6098,177.9571
205.311,115.5695,69.7607,181.8406
201.2021,110.5568,69.1376,187.7371
197.1728,107.5386,68.6084,190.5963
195.73,105.5632,68.8799,193.137
195.6714,103.0016,69.1349,194.949
194.7361,104.1521,69.7769,196.7279
208.6707,109.9769,72.7931,193.8675
194.9239,103.142,72.4219,194.9335
195.1844,99.7669,72.1206,197.3776
