1
65.3697,64.4735,80.1361,287.0962
66.697,63.394,81.6486,288.9042
67.4027,62.0607,83.2611,289.5778
69.504,62.0391,83.4191,291.6781
71.0231,63.2029,82.2141,291.4719
74.2382,62.9679,83.3058,288.8087
78.0454,62.7898,82.5774,288.9484
80.362,64.0552,81.9461,287.4862
83.9396,63.3955,82.1704,285.2941
86.2463,63.3487,81.2072,286.0543
91.3222,62.3039,80.317,287.5197
94.1313,63.4586,79.644,286.4674
97.1212,62.9965,78.9128,285.6447
100.5936,64.2834,78.7047,284.7682
103.0372,65.29,78.1523,283.3729
105.9099,65.6188,77.9855,282.035
108.566,67.7555,77.8885,279.6478
112.3462,68.6994,78.3319,277.4313
115.6462,69.4421,77.9543,275.775
118.0322,70.0906,77.2667,276.0292
120.3411,70.4892,77.2989,276.3422
123.4289,70.1969,78.0712,274.784
126.8685,71.5289,77.0178,274.6133
128.0893,70.7778,76.6536,275.1395
131.0618,69.0452,77.0739,274.4285
134.566,71.6835,77.1106,273.1704
135.0565,71.8015,78.1296,272.213
137.925,72.5777,79.4383,271.4323
138.9032,70.6401,80.2066,269.953
141.5886,73.1934,80.6877,269.8103
144.1009,73.6533,81.4221,266.1768
145.4041,73.1796,80.9042,267.6279
147.6896,72.362,81.0113,268.1011
148.0489,74.4025,83.4372,264.7243
149.5239,73.083,84.7248,264.6201
151.1329,74.6746,85.4808,262.5644
154.0273,75.3649,85.7937,260.9618
156.7187,76.6104,85.3009,260.0449
158.7646,73.3207,87.1479,259.0227
159.5153,76.0197,88.5968,255.5597
161.6772,76.4629,88.9954,252.1829
165.8533,75.9283,87.6252,251.7879
170.5823,76.5542,84.7168,251.8737
174.5036,78.8109,82.3844,250.8112
175.8204,76.9103,80.5721,250.67
178.1065,78.2851,79.431,249.9556
179.7547,77.3909,78.7443,248.4039
182.6604,76.979,77.3818,248.1456
184.7459,76.5335,76.5581,248.2581
185.6841,77.7987,76.4205,245.3612
187.4492,78.2967,76.4007,243.2085
189.8144,79.8212,76.8627,242.1971
191.3567,79.9792,77.8926,240.7793
192.8486,81.9311,76.3334,242.4398
193.2788,78.1864,78.0291,241.2238
193.4962,80.3931,79.0324,239.0696
195.4367,82.6778,79.9309,236.3529
196.9954,81.5857,79.8816,235.5511
198.5676,81.8969,80.4848,233.5671
200.28,85.085,80.4795,229.6284
202.7622,86.1652,80.0586,227.7735
204.5349,85.2431,79.1918,225.8366
206.3023,87.7962,78.2166,224.9429
208.2025,89.3057,77.1297,224.2163
209.2896,88.2859,76.6041,224.4164
211.77,87.497,75.8039,223.7437
213.3763,86.917,74.8109,223.7619
214.5886,85.662,73.8926,222.9956
215.9675,88.9606,74.2024,219.7591
216.679,88.8883,73.9236,218.3194
217.0014,91.4335,73.6074,215.9763
219.0882,94.7748,73.6079,212.7703
220.5151,90.7681,73.3229,213.5449
222.1722,94.1593,73.1976,211.163
223.9519,93.1422,72.8848,211.9389
225.871,91.4994,72.8975,213.4298
226.4867,89.5963,72.6747,213.6987
228.1033,87.8284,72.8409,213.9022
229.2449,87.8461,73.0461,214.0623
230.3368,88.0047,73.1727,213.2197
231.9701,92.6648,73.6097,210.4503
233.5816,90.0915,73.5238,209.5207
233.9251,91.5073,73.1875,208.4629
235.9082,97.1237,73.318,205.0011
237.0553,99.341,72.6813,202.8851
238.1074,95.1179,71.7641,202.7279
239.7264,102.9066,71.4302,199.1281
241.4402,98.566,70.1862,200.0004
244.3582,95.7394,69.0051,201.269
246.1505,94.4379,68.2279,201.2226
247.3104,93.4953,68.117,200.9407
246.9356,95.9422,67.6572,202.2651
247.2067,94.4047,67.8732,203.2615
247.9606,91.3826,68.5788,205.7059
248.4765,90.2556,68.4683,207.4001
249.6853,87.52,68.9645,210.1569
250.6804,87.1757,69.6,210.9785
251.9925,86.2037,69.6944,211.4632
253.2619,86.4297,69.8885,211.043
254.4037,86.3555,69.7237,211.3343
254.9411,86.4668,69.5637,210.0131
257.2937,90.0525,68.895,206.7884
258.5552,88.9371,68.3413,205.0502
259.8419,93.2035,67.9285,202.2635
261.0751,90.1255,67.8142,200.2184
262.181,93.7196,67.9349,198.4949
263.217,99.7256,67.9106,195.5286
264.0249,98.261,67.2016,192.693
265.4783,100.3559,68.0841,191.2121
265.4798,105.833,68.5613,186.7524
266.2407,107.0561,67.693,184.0864
268.0479,106.779,67.1578,183.0552
267.646,102.3046,65.9347,183.674
270.1915,103.3065,65.6571,183.9975
269.9256,105.7533,65.3181,184.227
271.6354,103.4974,64.0409,186.1788
270.5558,100.1218,64.164,184.4354
270.8483,103.3525,63.5877,183.0749
270.8325,99.9305,63.6664,181.1524
271.9378,103.1498,63.4773,180.9787
271.5922,99.1456,63.0182,181.0343
271.3887,95.5437,63.2506,181.5167
270.4895,97.2509,63.4281,181.1063
269.7196,94.8184,63.3555,182.6196
269.4555,94.4668,63.3833,183.6481
269.5266,91.3533,63.1683,184.2814
270.5792,91.6876,63.2184,183.7503
270.548,94.6101,63.0383,182.2398
270.336,91.4345,62.3945,182.9985
270.7373,90.3224,62.0045,184.6529
270.8692,89.6907,61.8128,184.5198
271.2855,90.0539,62.0965,184.3577
271.5388,89.7813,62.2438,183.8985
272.0169,91.1613,62.6943,183.5374
272.5294,91.1951,62.436,183.635
273.174,90.0177,62.1194,184.5997
274.3956,88.003,61.957,185.0625
276.7257,89.3567,62.0196,184.697
277.2521,88.9209,61.9995,185.8745
277.4822,89.1927,61.709,185.8173
278.8146,87.8988,61.4835,185.4589
279.4901,88.0503,61.3141,185.6009
280.432,87.668,61.0773,184.8863
281.8132,89.2294,61.527,184.1672
283.4885,87.7136,61.4155,184.7576
285.4218,88.1965,60.9534,184.3816
286.2865,88.6118,61.4774,182.7109
287.6524,87.9698,61.951,182.1292
288.4182,87.8974,62.9702,181.4826
289.9624,86.8316,63.6674,181.7706
290.674,87.7925,64.189,180.4086
291.8083,88.9752,64.373,179.1859
292.7545,91.4125,64.4256,177.8272
293.4277,91.8785,64.6091,176.3758
294.3028,92.5114,64.4771,175.3077
296.3917,93.5687,64.189,174.5066
297.1332,93.0222,63.0213,173.3249
298.5427,93.3341,62.4013,172.3653
298.5626,97.3309,62.6128,170.3382
298.3739,97.0883,62.8623,169.0673
298.7112,98.1683,63.4414,167.4738
299.3535,97.9581,62.1624,168.6667
301.0744,96.0404,62.3408,168.0003
300.8395,96.355,62.0681,166.4232
301.6069,95.7033,61.5741,165.7223
301.7148,95.0538,61.6073,165.6274
302.7601,95.4624,61.9608,165.3979
303.1579,97.2283,61.0472,163.5417
304.2882,98.4419,59.7715,163.0248
305.4769,98.4605,58.7711,161.7184
306.9479,99.4901,57.4143,160.7892
308.787,98.9625,56.1725,159.6251
309.4682,97.6582,55.4354,158.6458
310.9333,100.5035,54.3417,157.8137
311.6563,98.7891,53.7225,157.693
312.2911,98.5456,53.0993,158.7142
313.4612,99.002,52.596,158.2331
314.5978,99.273,51.9699,157.6253
315.3739,99.347,51.1606,157.7652
316.5037,98.1772,51.2037,156.7876
317.7798,99.8576,50.2481,155.9203
318.2807,100.3448,50.1789,155.2971
318.97,99.6837,49.9562,153.9291
319.5298,100.5439,49.9606,153.2422
320.2823,100.7385,50.1344,152.3157
320.7392,101.1291,49.38,152.6151
320.9629,100.2221,49.5761,152.5507
321.461,102.0774,48.7992,152.2394
322.1758,101.3509,48.4821,153.0302
323.1609,100.9867,48.0002,152.8646
323.2811,100.2964,47.4236,152.7148
325.2207,100.0591,47.4273,151.4663
325.8185,100.7076,47.2636,150.6346
326.5395,101.6974,46.9493,149.7791
327.8222,104.4067,46.2223,148.4612
327.88,104.1096,45.9513,147.9946
328.6562,104.9482,45.7882,146.4486
329.4741,104.7983,45.296,145.4877
330.1194,105.6958,44.7983,144.4686
330.2262,103.5433,45.2354,143.9412
330.4917,105.6732,45.0153,143.3783
330.3681,105.5505,45.3196,143.0423
330.9946,105.6018,45.5837,142.4651
330.8135,105.0066,46.0134,143.1799
331.2232,106.9897,46.2251,142.508
331.8996,106.5802,45.6501,142.3852
332.0143,106.6527,45.01,141.8421
333.2799,105.8223,45.5203,140.7678
332.9935,105.049,45.958,140.2553
332.5213,105.6149,46.35,138.9506
332.3486,105.7435,46.3632,138.6643
332.426,106.2128,46.4992,137.8266
333.2923,106.5757,45.4061,138.0074
333.897,106.006,44.6943,137.8648
334.5289,104.698,44.323,137.4981
334.5801,106.3226,43.7769,137.4167
335.1015,106.0223,43.5444,136.4646
335.241,105.4313,43.6062,136.1271
335.9581,106.8444,42.9879,136.013
336.4346,105.8762,42.9879,135.2121
337.0458,106.0562,43.1085,134.2597
337.0996,106.6312,42.7968,133.9737
337.0246,106.0794,43.2441,132.9281
337.4,106.6667,43.1836,131.8748
338.0517,105.943,42.8525,131.4954
338.482,105.5934,42.4502,131.1116
338.1821,107.2885,42.7482,129.8758
338.0767,106.065,43.1213,129.0705
338.1345,108.4254,43.6751,128.1908
338.1068,106.3881,43.8867,128.3478
338.4756,107.4998,44.0194,127.4087
338.3905,106.4465,43.6648,127.731
338.8374,106.2614,42.9614,128.9471
339.2436,106.6085,42.3973,129.0635
340.1686,106.4966,42.0704,128.5705
340.6933,107.183,41.6562,128.0783
340.5394,106.3231,41.8196,127.3129
340.2243,107.3912,42.0965,126.5159
339.7647,107.2391,42.4982,125.5755
339.9933,108.3553,42.3147,125.021
340.4457,107.6434,41.9599,125.3005
340.1621,107.4506,41.7166,125.0875
340.2705,107.1541,41.458,124.6853
340.476,109.1833,41.6112,123.4914
340.6832,108.9247,41.5122,123.12
340.5432,109.3258,41.3249,122.4129
341.1793,110.0453,41.0112,121.6756
340.182,110.0442,41.362,120.9855
340.6806,111.0588,41.4318,119.998
340.8531,111.408,41.3133,118.8177
340.5528,113.1366,41.2064,117.694
339.5793,112.9868,41.2402,117.5563
339.7355,111.5894,40.9632,117.8317
340.2096,112.4667,40.3889,117.1928
340.6817,113.0835,40.7433,116.4302
339.9637,113.7877,41.0309,115.1721
340.0118,114.602,41.0239,114.2375
340.2016,113.8049,40.9886,113.8219
340.5438,115.0434,40.5193,112.9966
341.0091,114.7764,40.3266,112.4713
341.0183,116.0728,39.915,111.9373
341.1646,116.366,39.7865,111.1616
340.763,116.2782,39.82,110.4504
341.3539,116.0338,39.4237,110.096
341.3579,117.0196,39.5979,109.0706
340.3077,116.4808,39.6386,108.8369
340.5137,118.0213,39.7887,107.3343
340.9182,117.4522,39.7336,106.6216
341.2324,116.9963,39.8098,106.6888
340.9911,117.7495,40.1716,105.8548
342.1099,117.3065,39.644,105.8572
341.6711,118.6187,39.6111,105.6891
342.3529,117.7542,39.0862,105.8794
343.108,118.4017,38.4568,105.5282
343.7788,117.7594,37.8441,106.209
343.4083,117.2731,37.7901,106.539
344.2264,116.8463,37.0833,106.0873
344.6994,117.2994,36.659,105.8516
344.9998,115.6415,36.4563,105.8392
345.4396,118.8798,36.2029,105.0287
345.4265,117.0066,35.8172,105.1952
345.8288,118.2185,35.5842,104.4471
345.7621,117.6349,35.3368,103.9601
345.6918,117.543,35.2539,103.5382
345.0122,117.4213,35.1468,103.2901
345.4917,118.0228,35.142,102.8707
345.5979,117.3813,35.2162,102.7152
345.5701,117.5428,35.3282,101.8255
346.2321,118.8652,35.1694,101.2137
346.2428,118.3726,35.0859,100.9062
346.0077,118.3452,34.9952,100.5286
346.0974,118.7561,34.9394,100.6806
345.7959,119.2785,35.1779,100.2556
345.668,119.0271,34.9606,99.8358
346.2876,119.4155,35.0152,98.6179
345.8708,118.9418,35.015,98.0175
346.7498,120.1517,34.7346,97.6959
346.1439,119.8627,34.9488,97.4013
346.2695,119.9637,35.0303,96.9407
346.827,119.6216,34.7291,96.8526
347.279,119.7762,34.4873,96.9939
348.1517,120.6848,34.1034,96.6463
347.5433,120.7405,33.9274,96.6123
347.7694,120.5363,33.9339,96.197
347.6504,120.6861,33.8732,95.9564
348.2842,119.7061,33.6602,96.0358
347.8219,120.4169,33.4829,95.8156
347.7841,119.8982,33.3515,95.7189
347.3598,120.5669,33.3068,94.9651
347.334,121.1856,33.3679,94.3805
346.5289,120.8246,33.7578,93.8376
346.5446,120.4532,33.9429,93.7009
346.7623,121.2907,33.9424,92.9735
346.4716,121.4701,33.6604,93.186
346.2634,121.3933,33.2799,93.2908
345.9935,120.1058,33.1612,93.4048
346.6559,120.8751,33.2536,92.4901
346.2451,121.7137,32.99,92.3265
346.0642,120.7574,32.6459,92.3061
346.7042,121.3581,32.4479,91.9554
345.9872,120.8185,32.5101,92.1098
346.4522,120.1791,32.4586,91.9818
345.7153,121.2114,32.4837,91.2237
345.9716,121.2817,32.6001,90.4994
345.5085,120.8965,32.5443,90.6561
345.6512,121.9521,32.3783,89.818
345.2849,122.1894,32.3964,88.8236
346.0654,122.8963,32.2677,88.6748
345.6399,122.1464,32.0114,88.5452
346.0461,122.5838,31.6419,87.884
345.8365,123.3527,31.6006,87.5109
345.5918,123.2337,31.6851,87.0382
345.7284,123.9287,31.5758,86.3476
346.1472,123.964,31.6347,86.0076
346.147,124.0336,31.605,85.3168
345.8758,124.0814,31.4345,85.0123
345.6395,124.1389,31.3563,84.4517
345.5032,124.4223,31.3676,84.1982
345.3781,124.0499,31.1116,84.1508
345.4343,124.1907,31.2025,84.1127
346.0173,123.8602,31.3819,84.1736
346.3714,125.7269,31.2206,83.6367
346.8144,125.3361,30.6336,83.9202
346.5422,124.3463,30.5754,83.6658
346.6865,124.7076,30.3811,83.5939
346.5788,124.9279,30.3761,83.4886
346.9167,124.3963,30.2815,83.2736
347.7577,125.7272,30.2491,82.4652
347.9624,125.8227,30.0936,82.1206
348.1678,125.3105,29.9397,81.8229
