1
172.6708,28.5751,28.6853,64.1374
172.5773,29.0235,29.7374,63.5493
173.538,26.2058,30.8577,63.334
176.4575,23.3092,31.7485,63.9172
173.5363,23.1571,31.9293,64.5611
172.1225,23.0153,32.2883,64.944
167.4971,24.0634,32.5854,64.2
164.2034,24.4036,32.4664,63.75
162.1905,25.446,31.9317,63.7319
159.6356,25.4232,31.6492,63.5178
157.3863,24.3798,31.601,63.8912
154.9593,24.053,31.6034,64.376
153.4177,23.777,32.0165,64.224
152.4484,25.9816,31.9541,64.5568
153.4205,28.3144,31.8153,64.9987
155.1675,30.8114,31.9673,67.1716
155.83,31.7368,32.9635,68.886
155.4161,31.5318,35.789,69.2587
153.2056,31.9077,38.4371,70.1565
152.1818,32.6467,40.6953,71.1765
149.5359,34.6446,43.1432,71.8724
146.4398,37.2684,45.0411,72.3075
143.4955,39.8108,46.1012,72.922
139.2004,41.5479,47.849,71.315
127.2356,43.3784,50.5387,70.7145
124.0655,44.6258,53.0751,71.0421
122.5163,48.6661,55.43,71.9698
124.9842,53.0961,56.4427,74.0758
126.8616,57.175,56.16,75.9619
131.9193,66.0296,54.3541,78.2115
139.5132,70.484,52.5442,78.365
142.0729,74.5625,51.3582,77.8836
144.6394,79.4155,50.2774,77.5053
144.5728,90.7808,49.8318,77.3135
145.2124,94.2873,49.3369,76.9391
146.6996,96.8477,48.7192,76.4951
147.3415,101.8021,48.0544,76.0574
147.1726,112.555,47.9337,75.7924
147.4201,115.8302,47.4065,75.6398
147.657,119.9083,46.8861,75.0029
146.8436,124.1256,46.2351,74.1944
144.8534,127.7807,45.7735,73.1598
141.1221,128.2529,48.5142,70.6443
139.9351,128.6344,50.2445,69.0059
145.3658,128.575,51.3769,67.1102
149.0813,133.6335,52.0684,66.7137
143.687,132.6357,53.9498,65.4711
146.1258,132.4045,54.763,64.4521
142.3312,130.337,56.8615,62.9436
140.6776,128.0253,58.3919,62.3349
141.2574,123.9062,59.8413,62.5212
143.9169,116.54,60.1744,63.3034
145.6233,112.4504,59.0703,64.6218
144.1684,107.4166,59.3857,66.4259
141.8032,101.8783,61.5146,66.6957
141.0456,96.5122,63.262,67.326
142.382,91.331,63.35,69.1326
144.7572,88.8803,62.9832,70.5056
147.0803,81.1126,63.517,69.0844
170.5097,66.6294,71.7009,63.2942
2
0
0
0
0
1
158.3547,106.1263,36.8866,42.5863
158.1088,104.2337,37.2478,43.34
157.9997,101.5825,36.8689,44.312
158.8524,100.4516,36.3312,44.9004
158.6716,99.572,35.8881,45.9849
158.7152,101.5174,35.7148,46.6371
159.2566,102.0292,35.6012,47.1319
159.5128,103.0615,35.8,47.2283
158.5715,104.2404,36.3881,47.0927
158.0526,105.0383,37.4234,46.9957
158.1225,106.6219,38.4879,47.2976
158.1741,106.9222,39.2614,47.497
157.29,105.4918,39.0712,48.8705
154.4094,105.2458,38.929,50.0835
155.1799,100.598,37.6828,53.3669
157.2519,101.9015,36.8787,55.2436
162.1964,101.9498,36.8267,56.4843
162.1333,100.8828,37.1216,57.2185
159.8253,100.9582,36.8764,57.7986
160.158,101.4177,36.995,58.0024
160.0611,102.2114,37.2458,58.0588
159.7028,103.0519,37.4861,58.0701
160.0923,103.3006,37.956,58.1234
159.9357,102.514,38.2418,58.0276
160.1073,102.6972,38.9162,57.4755
159.5188,102.6129,39.2786,57.0456
159.4203,102.7111,39.2694,57.2412
160.0355,103.3808,39.9468,56.8422
160.552,103.6016,39.7605,57.1973
160.213,103.2981,39.7683,57.4574
160.8499,103.46,39.7306,57.9027
160.9257,103.649,39.5804,58.12
160.8725,103.0272,39.5491,58.2068
161.0397,102.859,39.3205,58.3695
160.3117,101.8187,39.4092,58.1685
159.8692,101.4674,39.4172,58.1846
159.3873,101.7945,39.1777,58.747
157.1227,102.7049,39.6796,58.3134
158.6119,103.2515,39.3471,58.7013
159.2572,103.1117,39.1164,58.9041
159.9877,102.9854,38.8853,59.3929
159.7328,102.8986,38.9037,59.7121
159.7268,102.728,38.8054,59.9907
160.1416,102.7061,38.8344,60.2422
160.1511,102.1739,39.032,60.4814
159.751,102.0145,39.3387,60.5838
160.2216,102.7128,39.3136,60.8103
160.4479,102.9003,39.3539,60.8718
160.5005,99.4351,39.2859,61.6065
160.6649,101.1882,39.3031,61.8501
160.493,102.2034,39.4182,61.8292
157.4715,103.3754,40.3837,61.0892
154.4385,104.4573,41.0199,60.6251
159.6391,100.7002,40.9482,61.1305
159.453,102.0611,40.7075,61.5998
158.603,103.8061,40.68,61.8579
157.8792,103.8484,41.4192,60.9748
156.7136,104.4064,42.2462,60.0882
155.2437,105.3746,43.0552,59.0193
155.1143,105.8413,43.8195,57.5334
153.4781,106.5891,44.9365,55.7835
155.4339,102.4593,45.0252,54.6516
156.603,102.1405,45.127,53.9415
156.5717,102.2011,46.0844,53.6237
150.3989,100.7108,46.632,54.1381
150.265,100.3155,46.6447,56.3096
150.2423,99.9783,47.4485,58.2535
162.7326,95.5042,44.2354,61.2152
164.0265,96.2358,43.1804,62.1673
145.3567,94.1155,42.6183,63.4298
147.3696,98.5076,42.6543,63.7474
147.354,98.3804,42.8489,64.3385
152.9204,104.2496,45.7306,63.0974
146.503,103.1538,47.1738,63.0031
145.5176,103.1213,49.0576,62.6559
137.6167,102.6193,47.7634,64.3522
142.5106,104.5819,49.0814,64.3981
142.843,104.1323,49.7227,64.6682
162.8829,104.3446,47.217,66.926
163.2155,103.9806,45.7759,68.2638
148.4557,103.7895,47.4378,67.4124
148.2702,103.8833,49.0556,66.8067
148.1427,103.5131,50.1836,66.4052
155.661,102.737,48.8976,68.2844
155.1215,104.3838,47.2286,70.8536
153.2369,106.4364,45.5262,73.7281
152.0205,107.8515,44.2625,75.1147
151.9097,106.6365,43.3109,75.8715
152.2639,106.6888,43.0079,76.0566
152.1961,105.2357,42.6107,76.0487
151.3458,105.7459,42.3705,76.4229
151.4247,106.4382,42.4747,76.5076
152.1049,106.0122,42.5092,76.4474
159.3667,107.1936,40.396,78.1435
158.4575,106.5229,39.8051,78.1238
157.3178,105.8074,39.4188,77.8615
157.0371,105.5374,39.6022,77.2896
141.188,104.8726,43.5981,74.3663
134.5047,102.4716,46.4342,72.5609
137.0397,100.6721,51.1201,69.8753
135.4747,97.1627,53.9101,69.0158
135.1404,95.4147,56.0,68.7431
134.4041,93.3021,57.4206,69.1613
136.1097,95.4692,58.0016,68.5926
134.3767,90.7536,58.4801,69.0193
133.5613,86.8912,58.4133,70.133
134.345,90.1181,58.5057,69.7635
134.7291,87.5099,58.2652,69.911
133.3474,88.8109,58.4796,69.321
134.571,85.9774,58.4162,69.4386
134.9639,82.1924,58.5924,69.7128
136.204,79.0698,58.563,69.8518
134.1603,74.1351,59.165,70.1798
132.7702,71.2285,59.5954,70.1317
133.7764,68.7272,59.489,70.7484
133.5386,70.2386,60.0976,71.1458
136.2112,70.6015,60.7215,72.2319
139.1286,71.1193,62.1345,72.5135
135.38,70.5726,62.9948,73.5411
139.7078,69.3053,62.9817,74.5521
136.8809,68.9943,64.9805,74.0631
133.3886,66.941,66.8668,74.0764
130.4544,66.3763,67.5712,74.2115
118.623,76.3015,68.886,73.4143
127.1177,79.1789,67.9363,73.2982
126.7122,79.6828,67.1581,73.4337
126.9432,80.4894,66.2471,73.616
126.9792,74.348,65.5431,74.0161
129.0382,72.289,63.8835,74.7804
129.6671,75.8398,62.567,74.5871
130.2958,75.7174,60.9611,74.8408
129.9088,75.9398,59.8006,74.7519
127.4784,77.3449,59.1937,74.0049
125.846,83.1203,59.1139,72.2577
123.2993,84.6943,58.4893,72.3524
122.3736,85.6106,57.1343,72.7098
121.8226,84.6695,56.9781,72.2953
118.753,84.835,59.3063,72.2303
116.1626,83.4081,60.7032,73.3416
120.4396,79.4709,59.5692,74.2641
119.7286,77.9828,59.5201,74.588
120.1726,76.3837,59.249,74.7862
119.3327,75.3587,59.0645,74.6615
119.8838,75.7201,58.9447,75.2866
119.8696,74.2081,58.7923,75.7677
118.5246,72.1793,58.5348,75.8313
118.4828,71.4319,58.7783,75.8037
118.9832,71.6346,58.947,75.9352
118.8776,71.4447,59.0298,76.0234
119.3466,71.8833,59.1217,76.2293
118.9915,71.0453,59.1105,76.3021
119.2831,70.9278,59.2691,76.3787
119.3985,70.8211,59.2252,76.5885
119.4707,70.1627,59.287,76.3457
119.297,68.2272,59.4278,75.8971
119.3844,67.9394,59.4395,76.0674
120.212,67.4654,59.5917,76.0965
120.5603,67.0906,59.5725,76.2555
