1
701.0421,245.481,35.4368,76.6646
698.0085,243.0539,36.113,76.7375
695.3772,241.7964,36.248,76.9352
691.2434,240.0861,36.6534,76.9376
688.627,240.0523,36.3098,77.4678
686.1746,237.5598,35.9033,78.1678
684.742,237.9336,35.3382,78.1563
682.4682,237.0428,34.6681,77.2155
680.4155,237.462,33.7196,78.0731
679.036,240.2802,33.0082,79.614
678.5302,243.065,32.3012,82.2283
675.3685,243.2554,32.1196,82.0177
671.6291,244.6838,32.0094,80.9516
667.6889,244.5727,31.5504,79.1315
663.5136,245.2,30.8448,78.1135
659.8615,246.4943,30.0346,78.2422
655.5728,247.1261,29.7015,77.248
651.0144,248.7469,29.6589,75.5308
647.0217,248.0642,29.1541,74.8757
644.2793,248.4184,28.6241,74.7244
641.5503,248.3942,28.1047,75.0871
636.9847,249.0482,28.9514,74.7955
632.0957,247.0598,29.2575,74.672
627.816,244.6884,29.9156,73.6517
623.7532,245.0568,30.2887,72.7097
620.2043,244.1261,30.7091,71.5686
616.3027,244.467,30.8836,71.054
612.3841,244.2769,31.361,70.6094
608.6951,244.7113,31.6094,70.2037
605.8762,244.2604,31.4748,69.823
601.4861,245.5141,32.0619,69.6074
599.9152,243.8172,31.8786,70.2714
597.4401,243.2374,32.0039,69.99
595.3604,245.2934,31.8136,70.4829
591.5443,245.5949,31.8489,72.1296
589.2175,244.5008,31.6754,72.3707
586.0217,242.4509,31.1545,72.4762
582.4179,242.9483,30.8204,73.0
579.2545,243.8234,30.5996,71.9528
575.9276,241.8502,29.3855,72.0688
572.2614,241.8958,29.3031,72.1633
569.6204,242.7236,28.8809,71.5823
567.7628,246.1187,28.0679,70.5479
565.0917,246.514,28.121,71.1231
562.0408,244.6524,27.8825,73.127
559.2545,247.9563,27.9701,73.6182
555.4577,247.5484,28.6083,73.6638
551.5591,248.9905,28.836,73.5786
548.0631,246.8617,29.1456,73.6384
545.6483,247.4755,29.1885,73.4161
544.6104,245.4704,29.0291,74.0237
542.7763,243.6056,29.7338,74.893
540.4116,243.3265,30.256,76.3112
539.4693,239.6933,30.2426,76.4944
538.6197,238.333,30.4225,76.8929
538.0725,238.9866,30.6151,77.1355
537.9652,241.0123,30.6093,77.3932
536.126,239.9424,30.9133,76.6357
535.9676,241.9839,30.927,76.4658
535.2354,241.9204,31.2669,76.6118
535.1774,239.9776,31.1863,76.9017
535.3031,239.4961,31.157,77.7419
535.0866,239.4903,31.6043,78.8396
534.0506,237.1804,31.448,79.2721
534.0357,237.055,31.8648,79.8095
534.5446,236.7082,31.4386,79.2359
534.3788,237.1727,31.6437,79.4509
534.1463,235.1436,32.0835,79.5495
534.2009,233.7301,32.1505,80.0333
534.7212,233.6089,32.6434,80.391
535.2756,233.6384,32.2599,80.8206
535.6541,233.7096,31.8613,81.0923
536.1541,232.9438,31.9817,82.0569
536.6813,233.1107,32.4756,81.8752
536.2712,232.3485,33.4374,81.4727
535.5379,234.0297,33.3949,81.2543
535.493,233.6651,34.0256,80.3641
535.8522,235.382,34.4022,80.0172
536.9861,232.9758,34.5332,78.8996
538.6914,234.388,34.3362,77.9913
547.6181,233.7638,33.8328,77.5711
549.5443,233.398,33.5347,77.3946
550.9511,235.0128,33.0901,76.7946
552.0382,235.3846,32.7245,77.0594
551.0628,237.5257,32.196,77.4468
550.6069,237.3411,32.0432,76.2917
550.0171,236.7251,31.7902,74.949
551.2363,239.5694,31.5607,73.8686
552.5521,241.5078,31.0863,73.1169
558.425,242.44,30.3006,72.5939
559.7936,243.1876,30.3326,70.7829
562.0999,241.6665,30.0772,70.3364
567.9114,240.9088,30.0654,69.8325
569.8926,241.4968,29.8919,68.9229
575.9694,242.0649,29.6081,69.9082
577.23,240.6511,29.802,70.2318
583.0295,238.7676,29.884,70.9935
583.861,237.2454,30.4997,71.5024
584.7584,236.8052,30.5685,71.247
586.1153,235.6606,30.9786,71.7216
587.4862,236.042,31.1188,72.6209
589.555,234.5956,31.7663,70.8191
590.8662,234.2165,32.231,69.3627
592.4635,233.1332,32.3749,68.7182
594.1151,234.141,32.418,67.6857
595.8695,236.7363,31.9926,67.4742
597.2585,237.1967,31.9588,67.0266
598.4348,237.0244,31.8962,66.8793
599.75,237.3489,31.7775,66.6641
600.6673,237.0717,31.9019,66.6103
601.7059,237.2546,31.6313,66.846
601.9324,235.9384,31.6822,64.3605
602.504,235.7892,31.1701,63.6497
602.4743,235.9212,30.4542,63.2006
600.174,237.7975,29.5322,64.2262
595.73,235.2169,29.4775,63.8632
586.7876,235.9595,28.967,63.4548
582.9548,234.0461,28.8915,64.4166
577.4987,233.2811,29.0388,64.4693
568.896,233.5945,28.9811,63.834
565.6816,233.1003,28.6548,63.4155
557.6238,232.0838,28.3218,63.1928
549.5349,232.458,28.0908,62.3685
542.0676,232.8921,27.7332,61.2617
534.1682,232.5367,27.5202,60.1237
527.3455,232.3184,26.9125,59.7558
523.4157,232.8627,26.5393,58.8117
515.8931,232.1393,26.2139,58.1268
508.6869,232.4362,25.9297,57.7035
500.9794,236.4826,25.9248,57.1089
488.6698,236.5575,26.2675,56.1813
476.7443,237.7076,26.245,55.6468
465.174,239.3901,26.3209,54.7007
453.3231,241.769,26.451,53.0358
441.9596,243.5724,26.505,51.62
430.9705,245.5598,26.498,50.4684
415.9648,245.8171,26.4123,51.0282
404.3951,247.3491,26.3681,50.5597
392.6567,250.8135,26.1313,51.6437
377.635,249.4966,26.4499,52.5928
361.0958,249.6745,26.3035,53.445
340.8475,248.7861,26.1988,53.3973
320.1704,250.8655,26.2478,53.2006
299.6499,252.0262,26.6371,53.3116
279.8085,253.8697,26.966,53.3293
253.6817,254.7493,26.2695,53.0912
238.1898,255.258,25.9497,54.0885
221.7753,256.3164,25.9153,54.6684
207.2321,260.3057,26.2006,55.0911
187.5492,259.0504,26.2318,56.0776
167.2603,259.4357,25.2781,57.1252
151.313,259.8993,25.63,57.0653
140.6513,261.1559,26.0737,56.8576
129.1082,261.4025,26.2988,57.4865
116.3588,262.8138,26.5959,57.613
100.2373,262.9672,26.7322,57.6972
94.7389,261.5257,26.3321,58.7594
91.6401,262.2437,27.4229,58.6203
85.439,259.4584,27.5188,58.4464
85.0038,261.5999,27.6005,58.2658
85.091,259.4891,27.6616,58.4193
85.4466,259.6172,28.0042,57.0486
85.9331,261.7051,27.8568,56.2296
87.7787,262.1111,28.143,55.7838
93.6988,265.7604,27.7265,55.4742
95.7071,265.3041,28.3445,55.5969
96.7982,269.6065,27.599,54.5945
97.6799,273.0993,27.2229,54.2075
98.1186,274.1276,27.4425,54.0604
98.2688,274.7338,28.5134,55.0437
98.536,273.1184,29.2782,56.2482
99.0627,272.4315,29.8379,57.5059
99.774,272.3977,30.2703,58.1708
100.2502,273.5511,30.9816,57.6049
102.2512,274.3477,31.7619,56.7232
108.1621,277.2822,32.1745,56.6961
114.9894,277.6429,31.6536,57.4357
121.6611,276.8442,31.8329,57.6392
128.5745,275.0712,31.7944,58.1364
135.8922,270.3104,31.975,57.1718
147.4536,271.8244,32.4257,56.3144
160.0807,271.061,31.98,55.901
172.1213,270.2754,31.9968,55.3367
178.7746,269.9921,31.6906,54.7552
191.5702,268.4036,30.9672,54.1128
198.6993,268.5994,30.6326,52.591
205.9695,269.1445,30.0346,51.4259
213.5664,270.1593,29.3931,50.7354
216.0939,270.0372,29.7443,49.7825
223.652,270.9658,29.5599,48.6963
234.7068,273.1551,29.0126,48.5294
241.3149,274.4908,28.3125,49.0564
247.2245,273.528,28.202,49.317
253.8874,271.3487,27.2804,50.2029
259.6533,267.6209,27.0413,51.2606
266.0471,267.3185,26.978,51.3229
275.7171,265.5329,26.8743,51.5305
282.2154,263.5194,25.9798,52.6462
288.7142,263.1607,25.7737,52.4594
299.452,262.7406,25.612,51.6325
306.2662,263.789,25.2056,50.9015
313.6263,263.2657,24.9503,51.1783
324.4682,264.7957,24.487,50.8098
332.549,264.5638,24.1394,50.6668
340.8084,264.6268,24.7166,49.881
348.8371,265.0064,24.5365,49.681
356.761,264.417,24.982,49.3081
364.0831,264.0119,25.1657,49.53
371.5839,264.1011,25.239,49.7307
375.5859,263.3218,25.3307,51.1092
383.7213,263.1325,25.3397,51.7021
390.7886,263.3089,25.7824,52.1218
393.4975,263.9125,26.3864,51.9815
401.3716,264.0977,26.8809,51.7679
409.6232,265.0756,26.6275,51.6843
418.0495,264.4826,26.7197,51.2744
425.8889,262.514,26.9589,51.2771
433.9678,261.294,27.1767,51.3925
441.1144,260.1828,26.7723,52.2611
448.6059,259.7032,26.2976,53.4242
456.2774,259.9459,26.0041,54.7462
456.8227,258.1426,26.3925,55.1886
457.2095,255.5704,25.6728,55.3961
464.2849,256.0535,25.4999,56.2369
470.1412,256.4203,25.0272,57.104
476.1799,255.2399,24.9523,57.1759
482.011,256.9053,25.7933,57.741
483.8979,257.1096,26.1988,58.6903
486.854,257.5922,26.5185,58.8851
489.2399,256.8953,27.0395,59.5207
491.6711,255.0555,26.929,60.11
492.2574,254.2424,26.5689,62.24
493.0489,254.849,26.6361,64.6239
493.3346,254.7412,26.9886,65.7669
493.4499,258.048,26.9171,65.2376
493.2231,257.9816,27.6371,66.3814
493.8724,257.3449,28.0958,66.4624
494.9993,259.6445,28.7014,66.6654
495.5305,259.9847,28.864,67.9174
496.1386,258.622,28.9533,68.5168
493.2731,258.528,28.8994,68.2734
484.5271,259.4958,29.5149,66.9848
475.3639,258.2665,29.5482,67.2642
460.3924,257.2486,29.7013,66.9897
446.211,255.4352,29.6939,67.6409
430.6913,250.5588,29.7557,68.138
415.9325,252.1259,29.4833,69.0114
400.2778,252.2438,30.3722,68.82
385.1687,253.8072,30.9731,68.3135
374.2634,254.9374,31.5342,67.7744
359.9658,256.8634,30.9808,68.5636
346.0873,258.9537,30.6494,68.7363
336.5031,261.5834,30.9181,67.3107
322.4809,262.9386,30.3054,68.2775
312.4222,265.3015,30.9369,66.4211
304.957,265.4813,30.1679,66.5194
296.4573,268.6863,29.8478,65.4616
293.6811,270.8471,29.2167,65.1756
290.8269,273.8524,28.7869,63.8408
283.7745,275.4763,28.6822,62.2686
277.9317,278.3599,28.4528,61.0118
271.8526,281.7386,28.3234,60.2901
265.5627,282.2102,28.1531,59.2105
259.1991,285.8191,28.0524,57.5472
247.2358,289.6562,28.7074,55.7096
239.9131,296.7047,28.5158,56.2557
227.8701,298.6385,28.6174,57.4951
220.2534,300.6828,28.6035,58.5013
207.4028,300.8079,29.8594,59.0721
192.7561,301.3423,30.7998,59.0101
180.105,301.7674,30.2738,59.1986
173.0161,302.2404,30.6191,59.9939
167.3833,299.9143,30.4829,60.8378
169.4561,299.0415,29.6368,60.0542
170.9133,299.196,29.2056,58.9974
176.1103,297.5211,28.9563,57.3557
175.406,294.9545,28.9442,57.8456
180.9522,292.5476,29.3185,56.7457
191.4502,297.4565,29.46,56.5071
192.6231,292.26,29.2943,54.8657
204.1602,293.3029,29.2063,53.7842
203.3173,296.1968,27.9932,54.7251
210.3439,302.1196,26.1102,55.5507
216.8543,304.0685,26.1794,55.7481
218.3804,303.8396,26.1813,56.1444
225.1745,307.2397,25.2026,57.3039
229.9976,305.3608,25.0407,58.1001
239.7567,304.439,26.1127,56.8367
245.3411,303.8765,26.0381,56.8737
245.1418,302.305,26.6008,56.7116
251.0833,301.5775,27.554,56.7877
256.4466,301.6942,28.3155,57.6407
258.354,300.6013,29.1041,58.2045
264.6095,299.4814,29.517,59.4485
265.2617,299.1284,30.5182,60.1489
265.8707,297.8398,31.4301,60.4478
268.3811,299.278,32.0314,60.3612
276.5563,300.2106,32.8068,59.765
283.5033,301.4046,33.5205,59.3375
289.8179,300.8368,34.3987,59.0111
296.485,299.9395,35.0329,58.9118
297.9012,299.7264,35.508,59.5139
301.5489,300.6765,35.4868,59.654
310.6296,300.6252,34.2717,60.2441
317.6342,298.4011,34.9937,58.92
324.2482,296.5675,34.3224,60.2359
325.9432,295.3748,33.9714,61.0908
333.9368,294.3781,33.2881,62.2411
343.8729,294.827,33.3364,63.0189
352.5473,295.1777,33.7271,63.0627
355.7844,295.5035,33.6981,64.1705
358.422,297.5601,32.6138,64.4024
361.1892,298.3306,30.9609,65.0388
367.5391,294.5708,30.0365,66.3137
373.3103,295.4476,29.5645,66.7618
373.9851,295.9174,29.438,66.4656
373.508,297.5815,29.6416,66.3517
373.8936,300.8665,29.7326,64.9887
375.103,301.019,29.0992,64.0053
368.3804,294.0412,29.0232,63.7063
368.2119,298.9633,29.7688,62.2344
370.6359,300.891,29.4667,61.2256
377.3258,295.6082,29.3156,61.3032
382.0398,294.7023,29.5334,61.9337
381.3438,294.8495,30.3189,61.9075
381.3122,293.3123,30.9257,61.8203
385.3556,283.2489,29.9839,63.8832
385.4751,276.3938,28.8245,66.2614
386.3879,276.955,28.5847,67.6438
385.8888,273.8935,28.3028,69.6411
385.8787,273.2535,28.7811,69.5044
385.8087,267.9475,28.9101,68.5611
385.5388,268.0026,28.7226,67.9827
385.8045,267.3662,28.6105,67.2586
387.2485,268.2767,28.1269,66.6009
388.4045,271.2972,28.2352,65.497
393.7737,277.0711,27.8217,64.2671
394.7018,283.6335,27.2234,63.4247
395.2684,285.0864,26.987,63.1118
395.5698,288.3668,25.9557,63.7409
405.2875,307.7214,25.9374,61.8791
404.2267,311.987,25.4186,60.3725
2
0
0
0
0
1
365.1848,301.8461,25.1331,38.4013
363.41,302.6439,25.6407,38.7815
361.1434,304.2815,26.5814,37.6326
358.9245,305.3532,27.0255,36.8578
356.7201,301.7423,27.3307,36.7908
350.5059,302.1588,27.8434,36.224
344.6878,299.1279,28.4121,34.9669
334.8607,295.1689,28.5039,34.6185
322.81,291.0263,28.7472,34.2281
308.2359,291.3649,28.1277,34.3281
296.8523,292.2918,27.898,34.3978
288.4503,295.8696,27.47,34.4717
277.5969,299.7122,27.0947,34.3904
265.9093,300.8228,26.8618,33.9826
255.1535,304.3547,26.2332,34.7347
249.2287,302.7606,23.8484,38.0054
243.0396,299.3235,21.9689,40.9604
235.731,300.0336,21.1932,42.0983
227.9976,300.516,20.8707,42.7914
217.3559,301.487,19.9564,44.521
209.4749,301.8153,19.8903,45.637
2
0
0
0
0
1
141.0406,303.0538,38.6885,44.2887
139.9431,302.9487,38.3838,44.1776
137.636,301.8794,37.3706,45.8506
137.0455,301.8365,37.3714,46.2129
137.1968,301.4821,37.5035,45.7664
140.1177,302.7043,38.0091,44.7846
140.2701,304.0828,37.7588,43.5525
140.1033,303.7492,37.721,42.6488
139.1492,302.6132,36.616,43.006
137.4501,301.5975,35.951,44.0428
136.4658,300.0105,35.0991,45.0081
136.6897,300.9846,33.7614,46.2983
137.25,301.397,32.5293,48.5539
137.4427,300.1842,32.4178,49.4085
133.8938,300.5428,32.6919,48.9197
133.8766,298.9872,32.5199,48.9751
133.9379,296.2466,32.7189,49.3474
132.3686,294.7909,33.1096,49.6639
131.6773,294.0616,34.3056,48.8727
132.2647,291.9433,34.7449,48.275
131.4787,290.5658,35.305,47.745
135.8815,295.0813,35.4789,46.7291
134.586,294.4683,35.5054,46.6277
134.0273,297.488,35.4479,46.4631
133.6919,295.6779,35.0606,46.4054
134.2854,294.2507,34.2698,46.3662
