1
281.9694,135.1545,87.6107,68.5547
280.6964,137.2439,90.8622,67.4561
279.0714,140.0268,93.3916,66.7552
280.9147,140.9856,95.2427,66.3158
279.496,143.0247,96.8254,66.2007
283.3956,143.7807,98.0862,66.5579
283.0135,145.919,98.235,66.9766
286.7006,146.7747,98.2016,66.9824
290.1149,149.2408,97.9916,66.5197
293.8927,149.3255,98.1718,67.1636
295.5172,149.5306,98.0577,67.4799
296.7903,148.2964,98.8272,67.3851
297.8647,148.7306,100.1345,67.1904
300.6363,147.6503,101.3593,67.5446
302.3049,147.6744,103.3386,68.2903
305.445,148.5494,105.6085,69.0588
311.8315,151.8043,106.6405,68.279
318.8633,154.5898,104.8525,67.5752
324.1816,156.7174,102.8924,66.9031
328.3271,158.3442,101.7382,66.1582
331.2985,158.8753,101.2436,65.6641
332.1071,159.2863,102.5808,65.3586
336.5664,162.6183,102.1939,66.6374
334.8038,160.1444,104.3513,67.5318
332.1699,158.6729,105.7684,68.1815
340.3379,157.4124,104.2728,68.3938
341.4788,154.707,105.4559,68.989
345.1445,152.24,107.4638,69.3982
345.4839,142.6556,111.0823,67.5688
343.0837,145.0419,114.6971,66.0177
344.2066,147.4463,116.7274,66.2911
345.2945,150.7303,116.8332,67.0464
345.3487,153.8396,115.2731,67.8105
349.1451,157.0791,112.3927,67.7252
347.586,157.227,108.9021,68.0855
351.9159,155.8471,105.5637,67.926
354.2294,155.1759,103.2255,67.4976
357.3048,154.9223,101.2107,67.6527
360.3626,155.5558,99.9333,67.9533
361.2814,156.5621,99.3894,68.5274
361.7076,156.2261,98.4591,69.0577
363.0228,157.9904,98.0912,68.65
364.5459,160.21,97.2362,68.2783
362.9624,161.0695,97.3548,68.0505
367.5739,163.4857,96.0725,67.4275
370.4332,164.7371,93.7525,67.3851
372.8393,166.4726,91.0667,67.1231
376.8386,168.9174,88.2713,66.676
379.7854,170.4413,86.4268,66.5018
384.3845,171.6887,82.7588,68.4326
386.3065,171.9375,80.7764,70.1904
387.3121,173.7533,79.361,70.9449
387.7908,174.9765,79.5431,70.7634
389.7916,175.7088,79.2464,70.705
389.7255,175.5933,78.8842,70.6365
388.9233,175.914,78.649,70.1363
389.3986,175.0007,77.7633,69.4332
387.4826,171.2802,77.6746,68.7508
385.3917,170.5583,78.2369,66.7074
383.5365,170.6587,77.7949,64.822
382.8926,169.3451,76.7034,63.1116
379.6856,168.575,75.9003,61.6211
376.8737,167.0337,74.9893,60.4679
375.9478,165.3084,73.861,59.39
371.5075,163.7526,73.5269,59.0541
370.2792,160.3062,72.1689,59.0642
368.2649,158.2306,70.8934,58.9942
362.9647,155.9753,70.3618,58.7533
359.0196,154.8784,69.8818,57.9333
359.2284,154.3268,68.4291,57.2498
359.1574,156.0741,66.9302,56.0929
360.6151,157.7576,64.9702,56.7541
358.7422,156.3936,61.969,56.627
356.5408,155.7995,59.3553,56.7361
355.247,154.2584,56.6358,57.1826
352.4892,151.9453,53.9353,57.2624
348.2261,151.0197,52.4915,57.7558
345.4032,148.9583,51.8042,59.0745
346.4061,148.0075,50.6076,60.9096
348.8549,144.612,47.5577,64.0856
349.3899,142.2083,45.8,66.2009
349.21,140.1481,44.1659,67.8579
343.9733,136.724,42.3453,69.3896
337.5028,132.0868,41.1865,69.9675
338.0431,129.886,40.3603,69.8549
337.0162,130.0147,39.8568,69.4313
336.8201,129.1003,38.8153,68.9383
336.132,128.655,37.5282,68.5051
335.145,124.7751,36.905,66.9997
335.234,123.3911,36.5899,64.3163
336.1789,123.2598,35.6626,62.9515
335.5529,122.9452,35.2529,61.211
334.8805,122.7341,34.6125,59.8215
333.9366,121.4703,33.7897,59.4233
333.5511,122.2405,33.0794,58.8048
334.4191,124.9691,32.8164,57.6704
334.0254,124.3821,32.3277,56.7493
333.0689,124.4897,32.336,55.6804
332.1806,124.7552,31.9979,54.8122
331.9073,125.148,32.0802,54.0475
332.0612,126.2723,32.0029,53.4016
331.1609,128.3013,31.9226,53.2477
330.3264,129.5428,31.9951,52.815
330.3229,129.577,31.8932,52.5635
328.806,130.7025,31.2497,52.4705
329.3843,131.1448,30.8297,51.8984
328.3,131.2919,29.878,52.1498
328.7791,131.919,30.0501,51.2243
328.9725,133.5232,30.9809,50.2457
328.9584,134.8748,31.6557,49.1987
328.6919,136.5657,31.7279,49.3514
328.0504,135.0289,31.4144,50.0299
327.5316,134.2204,30.2436,51.2059
327.6769,133.9168,28.9708,52.5824
326.1222,132.9691,28.8848,52.6308
326.6473,132.1821,28.9708,52.5243
326.6778,131.7027,28.9289,52.3444
326.3849,131.8716,29.2575,52.0043
327.0167,131.9332,29.6337,51.6908
327.3622,133.0799,29.7133,51.5286
326.7511,134.094,29.8475,51.3822
327.4068,134.8994,30.0478,51.6472
327.8051,135.7613,30.1269,51.7464
327.381,135.4506,30.4746,52.0636
328.2456,136.9447,31.1709,52.4492
328.8947,137.7085,31.7735,53.4475
330.272,134.3229,33.5944,52.7329
329.6056,136.0009,36.5812,51.5386
327.3985,136.6768,39.6137,50.3545
324.4319,138.3642,42.687,49.5182
323.0057,138.6911,45.6263,48.3725
322.4473,138.7394,48.1079,47.6169
321.2069,138.9644,50.2569,47.2685
320.587,140.292,52.5758,46.7075
319.4933,141.3122,54.5164,45.9308
318.8523,140.515,56.2937,45.6113
321.7293,139.9853,57.4793,45.2753
321.7681,140.1387,58.9636,44.7762
319.9854,140.8277,60.3689,44.1942
318.2129,139.4722,61.2872,44.4753
316.2188,138.8341,62.1346,44.6608
313.4487,138.508,62.8959,44.8842
311.3123,138.3227,63.6886,45.2156
310.9026,137.5831,64.2657,45.5867
310.0014,136.9961,64.039,45.8363
309.4466,136.1912,63.7918,46.0732
307.0334,135.6892,65.6737,44.04
305.4188,136.109,66.1692,42.7038
304.3279,136.8718,67.1436,41.3624
302.8118,137.6206,67.8751,40.7252
303.4098,136.5957,68.0571,40.8592
304.2778,137.219,67.5824,40.6367
307.0582,137.6392,66.9141,41.0258
309.6111,138.1021,66.0984,41.1415
309.5114,139.3335,66.0885,41.2439
309.0978,141.0686,66.324,41.1688
308.9934,141.7976,66.7094,41.0585
307.6805,143.221,66.7853,41.0214
306.8079,142.5635,66.8416,41.4748
305.9627,142.7656,66.3609,42.0099
305.9358,142.0024,66.0975,42.739
303.8922,142.5472,66.3046,43.346
305.5017,141.8204,66.3897,44.2249
308.9753,142.9767,65.6965,44.2917
309.4164,143.0117,65.035,43.9616
307.9936,141.5203,69.3059,42.647
305.6489,141.9769,72.3896,41.9638
304.4126,140.566,74.508,42.5486
303.6056,141.2717,75.0907,42.9124
254.214,142.0813,75.5274,43.0713
2
0
0
0
0
1
341.2016,128.0596,69.3411,34.4681
339.5791,128.1654,70.0559,34.8101
339.1419,127.3866,68.0307,37.5545
338.6123,126.2583,66.3516,40.0421
337.5486,126.8068,65.6056,40.7868
338.0831,125.7204,58.6917,48.9708
337.2855,125.4712,53.3784,56.7583
335.2412,127.8748,49.7165,61.5981
332.7912,131.4092,47.2659,65.1067
334.1502,132.5172,45.5238,67.3039
333.4374,134.3338,44.7664,68.9386
332.3567,134.7907,43.6057,71.1984
2
0
0
0
0
1
385.3232,103.1996,88.8545,30.1905
389.3173,102.0435,90.3848,30.6913
390.9931,100.8426,91.59,30.8355
393.6798,98.2234,91.9146,31.5267
398.2471,96.58,89.6899,32.0428
399.6143,97.3545,89.7074,32.2256
397.4267,99.1852,89.8381,32.681
395.2476,100.9551,90.6434,33.2691
392.3758,101.8358,90.8597,33.7017
389.3906,103.9767,91.5328,34.0108
388.3204,105.7192,91.5156,34.178
394.4852,104.8195,88.1914,36.042
395.9009,104.4267,86.0469,37.1186
394.0085,104.5866,85.4499,37.2335
393.9622,104.8787,85.7814,37.3025
391.4477,106.3421,86.8538,37.3364
393.0979,106.7873,86.8093,37.049
396.6216,107.9962,85.3833,36.5429
402.6149,109.4506,83.223,36.3726
403.5119,110.7054,81.6039,36.5846
405.5554,112.0555,79.6073,36.6607
407.5198,113.2511,78.3837,36.9761
406.8013,113.9336,77.8586,37.5302
409.0231,115.6237,77.5312,37.891
409.4436,117.199,78.9636,38.5579
412.1691,118.8156,79.7251,38.8486
412.8539,119.6996,79.0093,39.5344
413.4551,120.3379,79.1119,40.4772
415.2749,120.6591,78.9513,41.1382
415.4908,121.4574,78.9577,41.2726
416.4928,121.7188,79.771,41.7115
416.7369,121.8214,80.461,42.0673
419.99,122.2019,81.0861,41.9372
422.1405,121.8924,81.0657,42.0035
423.408,122.8186,79.5017,41.5726
425.3607,123.3473,79.0236,41.3388
426.9148,123.3658,78.5635,40.8504
424.7596,122.4247,78.4079,40.4945
425.5627,121.982,78.0902,40.1214
426.7116,121.6882,78.4752,39.8469
425.6339,121.9607,77.5674,39.8399
427.7055,121.8547,76.5677,40.0084
428.1352,122.5913,76.3326,39.9136
429.9661,124.8951,74.7671,39.3432
430.41,127.6495,73.2399,39.0187
426.1195,128.5478,72.8973,38.9055
425.6596,129.3858,71.0819,40.1167
425.8933,130.5982,68.6378,41.2317
429.0325,130.7824,65.8425,42.6191
431.7578,132.8574,62.5095,45.1011
433.7624,133.0839,58.3347,49.6838
434.2395,133.9274,55.6733,53.9131
436.3086,134.1938,52.2073,57.8053
435.833,133.1535,49.0295,61.3692
435.1929,140.0196,47.6745,61.5995
434.0486,142.9729,47.0894,60.6608
434.9055,143.6797,45.6586,62.5832
439.3157,145.2457,43.3666,65.1159
436.8639,143.9878,41.7156,67.5218
435.9523,145.774,40.3357,68.9198
435.6194,144.9767,39.0147,70.2258
433.6683,145.3778,38.6213,69.7636
433.1816,184.8855,41.4958,65.5269
427.0321,188.2395,44.7658,61.952
421.7855,187.0416,47.0059,59.533
417.8154,183.9551,49.5699,56.3039
414.1095,181.6628,52.4004,51.9638
410.9591,180.8598,54.5937,48.4933
408.6813,180.1948,56.8858,45.9208
407.8955,179.0913,59.558,44.8327
404.9065,178.1311,61.562,44.7951
402.6096,176.4381,63.0552,45.5763
400.4076,174.2743,64.2873,45.9425
397.8364,172.4717,65.2859,45.8788
394.0303,172.3537,70.7357,41.8333
389.7438,172.0963,74.8397,38.856
384.7153,170.8571,77.1977,37.3073
380.573,170.0692,76.5715,36.5664
378.6861,169.099,75.1969,36.1752
374.0196,168.419,71.9417,35.754
372.6269,167.7444,69.701,35.1215
371.0763,166.6262,69.0372,35.0523
369.945,165.5385,69.3227,35.1457
367.6213,165.3564,70.9302,35.0404
364.8489,164.6128,72.4753,35.0078
361.6057,164.6191,74.2265,35.1303
358.4633,163.6683,75.1243,35.8785
355.8807,162.5768,76.1085,36.6319
351.6877,162.1416,76.3233,36.7181
349.9763,161.8922,76.4246,36.7851
346.9896,161.8383,76.4566,37.1417
2
0
0
0
0
1
397.8556,187.6281,49.1451,66.9123
395.681,187.5741,48.1306,70.4289
393.3985,187.3234,47.8197,73.8177
392.4316,188.575,48.0173,75.9583
392.3875,191.1919,48.9856,75.9792
390.0533,193.28,49.7202,76.137
388.7787,196.101,51.1076,75.8186
388.7716,194.9712,52.3958,75.1179
388.0362,198.4402,52.7395,75.1551
388.2135,196.6461,53.9087,76.0424
377.7019,201.3338,57.7546,75.288
368.1996,201.8997,59.9378,74.4816
366.7532,196.1702,61.7808,76.6153
358.4939,194.3966,61.6139,76.9211
349.9813,190.5324,58.3425,80.2819
364.8676,193.4859,59.8721,79.3142
370.5524,211.1471,61.2248,75.755
368.4695,217.1502,62.3613,74.5247
