1
651.2077,276.4953,28.522,141.2706
650.8493,280.5462,31.4593,139.4885
651.3077,283.148,34.172,136.9548
651.2196,285.0873,35.9268,136.2786
646.3363,290.6943,37.9399,134.641
639.7522,293.1289,39.4063,133.2002
637.2705,293.6097,40.9903,132.9542
639.8006,292.6127,42.0815,134.0115
640.9315,293.174,42.2121,135.4306
638.3899,294.8763,42.9123,135.9629
633.9106,298.2534,44.2853,135.7757
629.6058,304.7016,45.6843,133.9207
626.5564,314.1492,47.3827,131.6602
622.8616,321.4489,45.6416,133.4434
618.5913,321.1177,44.3841,134.5727
620.1918,321.5438,45.265,131.2628
625.3741,318.761,46.3568,128.9868
630.2244,314.0083,46.5268,128.6156
632.4118,309.1508,45.8323,129.1942
632.2225,310.6459,44.1291,129.5616
626.3133,311.9821,44.4938,129.2041
626.7496,312.1457,45.8819,127.7194
633.385,310.9042,47.0442,125.835
638.9395,308.8192,46.7566,126.6707
640.1395,307.9341,46.3067,127.7194
640.6979,306.2997,46.0202,128.6664
642.3425,305.1519,45.2045,129.3829
644.7113,300.9796,44.4363,130.8526
647.3283,295.9314,44.4867,130.5729
650.6359,290.3811,45.1069,130.6784
652.0576,286.8172,44.3256,131.1152
654.4349,281.9956,44.3205,131.5042
657.5666,276.4118,45.0771,131.4363
658.3447,270.8091,46.3109,132.2834
651.2868,268.0632,47.8538,131.4464
645.3338,265.0744,48.1179,131.4316
641.6255,262.8196,47.7869,131.6371
640.6699,259.6583,46.8748,132.1955
639.3742,255.631,46.4169,133.0869
636.4785,253.9091,45.5919,133.8628
632.8791,252.8441,44.7162,134.8134
625.9575,256.8737,45.1882,133.684
618.256,258.2737,46.0908,131.7643
621.4815,254.3099,46.5482,132.1429
626.9439,252.4657,46.0831,129.387
629.8555,245.3097,45.7799,129.5639
629.3732,242.8676,44.052,131.0761
627.3976,242.797,42.5984,131.6883
628.6414,244.3171,42.9221,132.3567
633.6684,245.4232,44.3804,130.9185
637.791,245.3971,45.6428,128.8916
640.0284,244.6626,48.0716,126.2944
639.3244,245.6038,50.5626,122.9262
638.357,247.1498,51.2053,121.367
636.8427,246.8965,51.4047,119.8228
638.4928,248.898,49.8551,119.7929
640.9134,249.6516,49.8793,119.71
643.3234,249.6152,50.03,119.847
645.8911,247.6896,49.9306,120.6925
648.9248,247.1271,49.6043,122.3325
652.6619,246.4613,49.5971,123.9072
656.9331,244.628,49.1105,125.6198
661.5246,241.4694,48.8742,127.8352
666.4851,238.981,48.4272,130.1254
670.6267,237.3591,49.7167,130.3043
675.2961,235.4025,49.8274,131.6107
680.6702,232.2644,48.9723,133.6358
686.0423,229.2799,48.0943,135.1842
689.9238,226.3861,47.0733,136.2343
692.6572,225.1366,46.5506,135.7967
692.7096,222.5084,46.2469,136.0719
691.7562,218.914,45.5947,137.4085
693.9171,214.5863,44.8609,136.9404
696.1564,212.4323,44.295,136.8417
697.4052,211.0647,43.9729,136.1327
698.5777,209.9281,43.8939,135.0429
698.9855,206.1485,43.8493,133.8731
700.4041,203.8819,42.945,133.0759
703.7431,203.649,42.7157,131.7333
710.0053,206.2282,43.4435,129.8186
724.6713,204.1579,43.2892,128.8659
739.4905,201.3247,44.5955,128.2125
751.2469,195.1758,44.4777,128.0094
745.1574,196.2115,44.9821,127.2589
740.7821,204.4355,45.3114,126.1219
743.0326,211.2687,45.8175,126.1366
747.512,216.851,46.3763,126.2196
745.0763,220.862,47.0396,126.3869
742.4112,224.1586,47.5473,125.7919
742.1243,224.8196,48.0047,125.6678
738.5838,225.5192,47.5302,125.8493
736.101,229.9913,47.2844,126.9106
734.3081,231.9778,46.7779,127.3987
733.4006,231.4652,46.7644,127.6184
734.9971,228.6944,47.2336,127.4507
734.1145,224.1956,46.8755,127.5134
728.7185,220.3392,45.6997,126.796
727.6827,217.7446,46.1338,126.6259
730.6922,216.4151,46.4903,127.3706
733.8531,214.2808,46.8145,127.5694
736.2745,209.7323,46.6004,127.4152
736.8521,204.0925,46.5492,126.4937
736.7813,200.3432,46.3867,127.4947
739.2808,197.9648,47.4029,128.6012
743.9193,196.0748,47.6569,128.8037
748.4112,196.4202,47.4193,129.8177
749.1293,196.0776,47.0087,130.3896
749.4661,193.7939,46.8181,130.0074
751.4852,193.0335,47.1376,129.1029
754.9855,193.9291,47.4243,127.6504
758.2414,195.734,47.0309,126.8548
759.4209,198.8119,46.859,125.7374
761.1243,203.5647,45.9024,123.3088
763.2593,203.8137,45.7309,120.7598
765.0435,201.2023,45.7627,119.264
762.6965,201.0349,45.3421,118.6656
760.6256,201.1809,44.933,118.6947
760.0132,203.3812,45.6148,120.041
759.4186,206.0278,45.6973,121.4682
757.0791,203.2885,44.6851,121.5895
757.9962,201.4352,45.2589,120.2708
761.9385,199.4568,45.5982,119.3277
765.9224,202.0904,46.0882,119.7547
768.4144,204.9021,45.1229,122.3457
767.6121,207.4506,45.9191,123.6509
768.6145,209.4161,47.1651,122.1946
769.8918,212.344,48.2487,122.1247
769.1027,215.537,48.0652,121.9648
766.9602,217.1667,47.7693,122.337
766.6396,219.0761,47.2395,123.3679
768.6928,220.0724,46.2545,123.4254
770.8615,221.2469,46.0905,124.5175
772.0278,222.5933,47.2986,123.7363
774.704,223.2062,47.837,123.599
778.428,222.9491,48.9721,122.7413
791.4853,219.5548,48.7646,123.1266
806.1921,214.362,48.1231,124.5484
819.5157,213.5249,46.946,123.8566
822.2193,217.5941,46.8156,123.0634
832.9783,221.1214,48.3784,123.9544
855.4017,217.7553,48.837,127.6121
868.9186,210.741,49.0613,133.0036
882.3891,202.6798,49.1209,134.9481
885.0243,198.1831,50.158,137.1962
884.7052,199.0974,50.7596,141.3966
880.7152,195.9742,51.089,146.419
875.9898,192.6103,52.0112,150.8351
871.1243,191.9038,54.0337,154.922
867.4839,187.3922,55.6417,157.978
867.132,182.4699,55.9668,161.7394
865.0916,177.3428,57.4181,165.9033
860.4057,176.8236,58.3706,169.8686
857.615,175.6539,59.0021,174.804
857.4748,173.4362,60.0033,177.4267
858.5283,180.9255,60.858,177.2103
860.4433,185.4925,62.281,178.544
860.5601,195.4175,61.2396,180.0523
856.8933,202.7972,61.1344,180.2543
851.0798,213.9693,65.2841,174.2978
846.7104,225.933,69.0769,166.4041
844.979,233.6686,70.3628,161.2465
841.4253,238.7355,70.6222,156.9219
851.5711,243.9887,69.5861,152.8753
846.9777,240.5673,70.9001,150.5029
843.0332,236.1695,72.7953,146.8196
852.8629,237.0649,72.5813,144.3631
854.7158,237.6437,69.9945,145.8704
859.2848,236.0479,66.5537,150.1528
863.2966,233.3751,63.8533,153.3809
862.1177,235.9932,64.6849,153.8312
859.874,234.9336,65.6749,153.8836
861.953,232.595,64.4207,151.3895
872.6923,229.9378,63.4404,149.546
870.6856,228.2143,62.7947,147.3073
856.6397,226.9367,62.5315,145.5136
854.8413,224.7687,64.1594,143.1076
841.2469,217.0608,62.0416,146.5367
801.6079,233.2044,64.346,148.5134
814.6768,223.9491,64.6393,152.1531
827.4948,200.8048,62.4771,157.9613
837.9228,206.2474,62.976,155.8758
842.1918,216.121,69.1403,148.8393
839.267,214.8176,74.8483,142.2632
823.5398,217.7136,75.2101,142.9554
838.7011,222.2706,74.4727,144.9342
863.8051,234.8034,72.0133,151.1037
878.83,249.9923,71.9607,154.6287
890.8311,270.1087,74.2441,153.0424
892.7293,293.0656,75.8421,151.7625
890.1991,300.7345,77.9048,150.2611
889.887,309.1398,79.8747,150.5672
887.4466,302.9591,79.95,149.8986
842.5394,315.8153,80.076,147.9373
857.3662,344.4438,78.1789,141.0996
858.6756,361.4544,75.5676,136.8389
2
0
0
0
0
1
628.9873,223.5123,241.5226,176.1029
583.7946,223.2287,255.3466,167.4331
562.3695,223.933,256.9707,162.3685
543.3902,245.2312,234.9096,175.0808
543.5144,242.4993,213.8598,186.3091
541.8913,261.1974,200.6994,192.0988
554.0353,187.2156,170.6321,224.3988
555.7267,178.8752,157.7503,238.6116
546.1481,189.5199,154.634,246.1052
519.3088,191.6161,169.3307,236.7211
480.3012,209.5441,179.7211,223.6651
465.3922,241.3432,188.7182,211.5456
420.0201,269.1766,222.6309,188.3015
433.7724,299.5043,237.872,174.7624
600.465,300.7964,224.4204,180.5404
622.0236,277.7904,212.7118,187.3362
635.6837,250.6528,196.228,198.7304
641.8852,278.9591,179.0559,212.9867
643.379,264.9436,161.472,226.4145
647.5538,253.6201,143.4747,241.0805
649.3999,239.9225,129.1832,256.1467
647.7044,203.1289,119.2477,271.0156
646.7363,180.7589,110.9568,282.6452
643.1832,178.1196,103.0287,295.774
620.3087,168.6492,100.4052,301.7952
617.558,165.3395,97.2783,306.2117
605.525,133.7755,100.2803,298.7554
597.4863,148.2031,103.4596,295.5711
599.8239,197.2541,103.9228,300.4729
600.8497,206.6991,104.5664,307.8414
579.9454,250.0361,106.6333,312.9039
581.7157,256.4907,111.0945,311.6673
578.8911,262.4661,118.3968,306.9725
576.5418,268.0587,124.4719,302.3143
578.549,274.7344,124.9388,305.4076
578.1948,274.0533,125.0371,308.0763
579.4525,269.1827,123.8058,310.7776
584.1807,250.0469,119.6855,319.1245
