1
399.0657,190.9961,30.5421,35.9262
399.4461,191.3999,30.0035,36.826
400.021,191.8971,30.0723,36.983
400.6915,190.766,30.0835,37.2665
400.5974,191.2379,29.1769,38.0949
401.5325,190.3564,28.817,38.439
402.1905,190.7587,28.0792,38.9706
402.7278,189.7235,27.7851,39.0992
403.6969,190.1889,27.575,39.0032
404.7088,190.1408,27.7641,38.7731
404.8051,191.4049,28.1765,37.9899
405.168,190.8922,28.7187,37.4111
405.0439,191.7264,29.4906,36.7633
404.6751,192.2786,29.8414,36.3515
404.6657,192.1133,29.6536,36.527
404.7186,191.35,29.9491,36.4041
403.7594,191.2664,30.196,36.2933
403.5751,190.5475,30.2484,36.4037
404.1146,189.6613,30.3301,36.3797
403.4663,189.7823,30.62,36.3548
403.2031,189.7743,30.7896,36.3571
403.1657,188.1392,30.921,36.7466
402.6269,188.5334,31.1026,36.8011
401.8039,188.0375,31.2587,37.1157
401.8061,188.028,31.4939,37.0078
401.7748,188.2886,31.4338,36.9972
402.0154,187.9018,31.4992,36.8088
401.3947,188.8892,31.9845,36.2716
401.9951,188.7963,32.1499,35.9232
401.6539,188.303,32.5774,35.734
401.0263,188.4879,32.9516,35.6245
401.4493,188.6757,33.0043,35.4728
401.0023,189.0306,33.2333,35.4174
401.12,189.4608,32.9117,35.3907
401.6185,188.847,33.0047,35.1362
401.2043,189.4983,33.2323,35.1233
400.8921,189.4186,33.5777,34.9368
400.2193,189.8621,33.8148,35.1317
401.5606,190.0998,33.8088,35.2332
400.6302,190.6482,34.1255,35.2965
400.3127,190.9552,34.3836,35.2023
400.4584,191.2607,34.6487,35.1825
400.0161,191.1404,34.9423,35.3474
399.1723,190.2468,35.3504,35.6762
398.4946,191.0294,35.4448,36.0232
397.7829,191.0841,35.7602,36.1877
397.1419,190.866,35.6814,36.552
396.8237,191.3663,35.9119,36.5966
396.0595,190.889,35.9887,36.8639
396.3273,190.7402,35.9056,36.8576
395.6032,189.9993,36.0421,36.7439
395.6964,190.1167,36.1251,36.8981
395.8204,190.3095,35.9816,37.2599
395.4938,189.9527,35.5517,37.7186
396.2319,189.9885,35.238,38.1945
395.2525,190.1628,35.2112,38.2889
395.069,190.5939,35.3331,38.2879
394.9889,190.767,35.2858,38.1899
394.1558,191.0347,35.652,37.9084
393.8728,191.2343,36.0877,37.4155
393.6459,191.6258,36.5523,36.9963
393.1963,192.1124,37.1405,36.6264
392.9734,192.2626,38.005,36.1049
392.2701,192.0169,38.607,35.9932
391.4949,192.1478,39.3975,35.3641
389.9241,192.8477,39.8678,35.3913
388.9185,192.9868,40.0863,35.7019
388.1532,192.9965,40.2416,36.1276
387.4662,192.745,40.0947,36.7955
386.4903,193.2227,40.0553,37.1058
385.6288,192.3883,40.3912,37.4198
385.1898,192.8868,40.6187,37.4935
384.1769,192.817,40.7771,37.8208
384.3168,192.6991,40.6748,38.1629
383.0371,193.0704,40.9014,38.2528
382.4279,193.4414,41.0291,38.1718
381.1994,193.6076,41.1321,38.2053
379.9176,192.2646,41.2129,38.2211
380.0153,192.9885,41.6035,38.2338
378.7202,193.2875,41.4949,38.8129
377.9099,192.7901,41.0482,39.563
377.1714,193.5512,40.8009,40.0563
375.6619,192.937,40.9682,40.5466
373.9383,193.8168,41.2881,40.5971
372.4844,194.0301,41.9379,40.5583
371.4422,193.8187,42.5749,40.5045
369.5295,193.6459,43.6464,40.2978
367.1284,194.3013,44.4954,40.2492
365.9413,194.4641,45.1477,40.2996
365.3148,195.3944,45.6099,40.4084
363.9551,194.7127,46.0603,40.486
362.2644,194.5534,46.5305,40.8015
361.402,194.7182,46.6517,41.2708
359.993,194.3935,46.8058,41.8491
359.4989,194.7157,46.7574,42.0947
358.4809,194.9708,46.6949,42.4023
357.642,194.607,46.4776,42.7971
356.2919,195.4082,46.3494,42.6657
355.0979,195.816,46.7643,42.5688
354.5832,196.0745,46.8783,42.6747
352.5878,196.5452,47.4401,42.6378
350.3846,196.793,48.0495,42.508
349.3712,196.6955,48.3825,42.8073
348.0382,197.4434,48.3373,43.1739
346.1759,197.4992,48.3768,43.9041
344.8108,197.7765,48.303,44.4609
343.9369,198.1126,47.9899,45.2246
342.1998,196.9485,48.0295,45.4105
341.5401,197.3219,48.199,45.2931
339.3721,198.1357,49.0261,45.1103
339.8964,199.3127,49.0645,44.9706
339.3826,200.7055,49.0865,44.4724
337.6901,200.636,49.3595,44.1921
336.078,200.6117,49.6687,43.8579
334.1308,202.0899,49.679,43.889
332.0807,201.0715,50.0215,44.2884
330.8166,200.5817,50.0682,44.3402
330.7825,200.1713,49.5684,44.5967
329.4688,200.7569,49.7178,44.6542
328.0059,200.8717,49.6515,44.9509
325.9245,201.8418,49.9841,45.1992
324.4081,202.921,50.0989,45.4243
323.2769,202.8917,49.9839,45.7425
319.0243,202.5809,51.1628,45.7637
317.7711,202.4615,51.4495,45.8048
316.104,203.4406,52.2309,45.7696
313.4533,202.7268,53.14,46.4037
313.0757,202.6983,53.2626,46.8562
312.9996,203.2983,53.103,47.3459
311.7218,202.3056,52.9535,48.014
309.4514,202.1539,52.7799,48.4061
307.343,202.5036,52.8466,48.827
306.8724,202.6246,52.8273,49.1797
304.6364,201.9189,52.8395,49.6779
305.1865,201.7923,52.3659,49.864
304.8508,202.4398,52.1261,49.7956
303.605,203.4339,52.3112,49.2969
301.3231,204.3262,52.7951,49.0909
299.2502,204.3852,53.3041,49.1287
295.5454,204.2567,54.0737,49.5805
294.8035,203.6137,54.4317,49.6832
293.4675,203.2743,54.2266,49.9965
293.0681,203.2104,54.1525,50.5801
290.1677,202.7655,54.1533,50.7496
287.3982,203.3511,55.0294,50.6034
285.6141,202.661,56.1804,50.4631
282.4319,204.1971,57.5331,50.5535
279.2747,203.7328,58.6332,50.8392
277.7999,203.9003,58.8723,51.0786
274.2063,203.6783,59.9716,51.0671
272.0224,203.3179,60.4254,51.3338
268.1158,204.1135,62.2466,51.7335
263.3453,203.8255,63.7761,52.3785
258.9371,203.8763,65.8306,53.1756
256.2533,203.1277,66.7564,54.4383
253.8422,201.7299,67.1674,55.7074
250.3929,200.8235,67.795,56.2765
249.2458,200.8771,67.7824,56.9274
248.096,201.7399,67.7391,57.225
247.806,202.7753,67.3511,56.6957
243.1653,203.1328,68.1596,56.8259
239.6208,203.0829,69.4599,56.8153
238.6657,203.4818,69.9534,57.2333
233.9496,202.6783,70.9697,57.4823
231.9576,202.6431,71.7673,57.538
229.0931,203.0543,72.0174,58.0366
228.5734,203.4166,72.3282,58.4631
224.3034,201.5564,73.2102,58.9852
220.431,201.9872,74.74,58.8931
218.6528,202.1165,75.3759,59.0823
215.348,204.0761,77.2386,58.5039
214.9811,205.8957,78.4431,58.0538
212.506,204.5077,80.2623,58.2893
211.1503,204.7955,80.8695,58.5849
209.254,206.004,82.5864,58.5837
206.7546,203.6995,83.4895,59.4222
205.8464,205.1895,84.5576,60.0242
203.7225,203.8585,85.0081,60.5719
200.941,203.3936,85.7995,61.4056
198.7464,202.6204,86.95,62.267
194.4952,203.1809,89.1971,62.6157
191.693,204.07,90.2956,62.7922
191.2362,204.7101,90.198,62.7394
188.6696,204.3068,90.3718,62.8192
185.0547,204.274,91.0886,63.3407
182.9068,204.7715,90.1662,63.694
179.9076,204.3949,89.151,63.9767
176.3241,203.9511,88.1001,63.9316
171.3428,204.8668,87.8672,64.1067
167.0514,206.2032,86.8549,64.6117
162.5609,207.0272,86.1254,65.0779
160.0845,207.8238,84.6588,64.9619
157.5106,209.0194,83.575,64.5251
154.2202,209.9016,82.8573,63.9454
153.197,210.8279,81.773,63.5144
148.9515,210.8877,81.8997,63.4098
148.1274,211.751,81.499,63.1584
146.3341,211.312,81.0262,62.7562
143.161,211.6147,81.4491,62.5285
139.5932,212.9166,81.6321,62.3854
139.7445,212.8457,79.9865,62.3889
137.9324,211.7169,79.6478,62.5883
135.5122,210.4755,79.0355,63.1301
134.3581,210.1809,78.7323,63.5401
132.6558,209.3986,77.9015,63.6352
132.2021,210.282,77.2198,63.5559
130.6921,210.2703,76.1916,63.5488
125.2639,211.3841,76.6499,63.1194
123.1083,213.6241,76.6386,62.4057
120.9476,213.9819,76.6818,62.0341
118.0442,214.2488,76.6946,61.8435
114.6194,213.1395,77.1834,61.982
112.4574,213.5463,77.1415,62.1973
108.8868,212.4908,77.4426,62.7863
107.212,210.9182,77.7213,63.3581
106.8501,210.6293,77.5727,63.5918
106.7204,211.1911,76.4489,63.8696
105.1769,209.4648,75.5047,64.5274
104.5063,209.4011,75.6467,64.6681
99.0284,209.2643,76.8917,64.3902
96.8751,210.6934,77.8468,63.8884
93.1776,209.5587,78.9369,63.5264
90.1117,211.4062,80.3673,63.263
85.6947,210.4477,80.926,63.661
81.0173,211.6689,82.8172,63.5898
77.3114,211.9343,84.4572,64.0287
76.4704,210.9655,84.2348,64.484
75.5666,211.7407,83.4664,64.3551
74.5305,212.3184,81.9885,64.9037
73.2814,213.1085,80.8939,65.7308
71.5059,212.4965,80.1459,66.3948
71.4836,212.213,79.5381,66.6015
69.6425,214.3301,79.4591,66.8981
64.9073,214.6045,80.2545,66.8443
60.6786,215.2905,81.9546,66.6443
56.4413,215.5694,83.9137,66.4856
54.1374,214.247,84.7833,66.6432
49.8633,214.6165,85.9612,67.4193
43.7761,213.4243,87.1947,67.9371
40.0029,211.8245,88.0013,68.5037
36.2933,212.6898,89.1722,68.3983
32.4081,212.8871,90.7529,68.4865
28.8281,213.6191,92.2768,68.4192
24.4581,212.0396,93.7326,68.843
21.6776,213.1797,95.1579,68.6409
18.2342,213.848,96.7581,68.7905
12.7671,213.792,99.0568,69.5162
5.6302,212.2336,98.3961,70.2906
5.8875,213.1765,98.5949,70.8563
4.4432,212.4735,98.7785,71.9887
