1
185.3273,24.3544,49.599,42.5917
184.3816,25.8034,50.1298,42.415
184.4695,26.8148,51.3197,41.7582
182.9512,30.4397,51.6099,41.3748
182.5826,31.4811,52.347,40.6634
181.6091,33.0887,52.9232,40.19
180.7456,33.9211,53.2784,39.8969
179.265,37.3888,53.4951,39.8229
179.2325,38.1856,53.5601,39.6035
178.8241,41.8132,54.3769,39.2064
177.6928,42.319,53.885,39.5721
177.8782,43.6229,53.5142,39.7163
177.7534,44.3462,53.7639,39.6424
176.9151,45.0137,54.0649,39.6828
176.6389,46.3652,54.6174,39.7408
176.3869,47.5994,55.1215,40.052
176.2968,48.7958,55.3017,40.4644
176.1193,50.3006,55.6566,40.2788
175.8446,51.5963,56.2059,40.5161
175.0362,52.3161,56.3962,40.5032
175.6676,53.7556,56.5626,40.4825
175.6106,54.5777,56.6767,40.2695
175.7338,55.3737,56.4302,40.107
176.2733,56.7494,56.7744,40.2018
175.5594,59.0081,56.7724,39.9739
175.6361,59.7536,56.6189,39.9089
175.459,60.5123,56.973,39.8141
175.0401,63.323,57.811,39.8977
174.2588,63.9112,57.9333,40.1616
174.4483,63.9459,59.0008,40.0922
174.0925,63.7865,59.7124,40.411
173.449,63.6941,59.5221,40.5959
173.3127,63.6813,59.7947,40.6214
173.2524,63.5654,59.9153,40.8532
172.0175,63.6306,59.4098,40.7229
172.2231,63.7195,58.9987,40.5451
173.122,64.4674,58.6696,40.518
173.3819,64.507,58.1499,40.439
173.4592,64.5697,57.9953,40.3134
174.3738,63.9461,57.616,40.1108
174.7977,63.9443,56.7682,40.1143
175.2804,63.8146,55.8029,40.3737
176.1344,63.8222,55.513,40.3586
177.7009,63.1785,55.207,40.2324
177.7682,63.3087,55.0724,39.972
178.6322,63.3295,54.7449,39.9304
179.8917,63.2573,55.0155,40.0748
181.1253,63.2046,55.3509,40.1802
182.262,63.1369,55.8938,40.3156
182.6897,62.9605,56.457,40.6685
183.3499,62.843,56.5694,40.9034
184.7547,61.9435,56.6367,41.2639
185.2986,61.7723,55.5489,41.6064
186.6746,60.8386,54.2317,42.039
188.1502,60.0295,52.7026,42.235
190.3029,59.248,51.2014,42.3959
194.5676,58.5595,50.9636,42.3911
195.4665,57.7329,50.5441,42.666
196.1821,57.43,49.1129,43.2719
197.4461,54.447,47.9491,43.7807
198.759,54.2571,46.6778,44.1607
200.8821,53.3899,45.1138,44.5538
201.9137,52.6501,44.3737,44.7103
203.0805,51.7861,43.3542,45.1245
203.8557,51.4951,41.8038,45.7064
203.8919,51.307,40.4419,46.0825
204.3829,51.2546,39.4599,46.1874
205.5863,50.5143,38.313,46.408
206.0939,50.4078,37.2978,46.621
207.0506,50.4652,36.6164,46.5063
207.3587,50.9537,36.0002,46.7486
207.7731,50.8535,35.1714,46.9491
208.14,50.7333,34.4376,47.1895
208.4573,50.6061,33.8031,47.4438
209.2167,50.6179,33.4726,47.4201
210.398,50.7096,33.4748,47.2369
210.9146,52.0223,33.6213,46.9709
211.4744,52.1174,33.6797,46.7806
212.1171,52.8229,33.5705,46.5458
214.3638,53.0318,33.7599,46.128
214.8112,53.2259,34.0326,45.7397
215.475,53.304,33.8708,45.5835
217.2322,52.0569,33.839,45.7561
217.7617,51.5264,33.9431,45.654
218.283,51.6996,34.0637,45.3077
222.0213,51.08,34.7053,45.3872
222.3749,51.139,35.1695,45.2691
223.8702,50.4824,35.7098,45.4052
224.3292,50.6053,35.9796,45.1594
224.3712,50.637,35.8957,45.096
224.5032,50.5928,35.6317,45.1844
224.6319,49.9887,35.3742,45.2095
224.8391,49.9485,34.9599,45.2898
225.5789,48.7793,34.6541,45.2803
225.5489,47.5623,34.7143,45.3766
225.3805,46.4687,35.051,45.2212
224.6069,45.9202,35.4238,45.1438
224.2635,45.3118,36.1107,45.1815
224.0362,42.1692,36.5653,45.5126
222.6763,42.1123,36.8786,45.6264
221.9862,40.3352,37.0488,45.5507
221.7532,38.5688,37.5148,45.4489
220.4756,36.3416,37.6353,45.0336
219.2499,35.8491,37.6608,44.8058
217.1144,32.0187,37.0928,45.2081
216.2991,30.5339,36.3095,45.7638
216.4437,29.316,36.0203,45.7936
216.0035,26.8406,35.702,45.9492
215.9131,25.8881,35.8828,45.4619
214.6602,24.9241,36.0057,45.0071
214.0999,22.118,35.9398,44.6872
214.2316,21.5753,35.6763,44.5922
213.7305,20.8944,35.504,44.7792
214.4806,20.6438,35.1785,45.2806
214.5133,18.1434,35.1132,45.572
214.677,18.068,34.7858,45.7227
214.8485,16.2986,34.4428,45.7282
214.9612,14.8082,34.2173,45.1919
214.8879,14.1273,33.2035,46.5537
214.8052,12.9083,32.204,47.8268
214.9383,12.0913,31.9379,48.2931
215.1351,10.1689,31.5443,48.6261
215.9355,10.5622,31.1124,49.0086
214.5939,10.2801,31.4604,48.4052
215.0849,10.264,30.4782,48.4372
216.8205,9.6566,29.3042,48.5037
218.6607,8.9893,27.884,48.7081
221.3318,7.9059,26.9788,48.6563
221.6753,7.2773,26.2918,48.8204
222.1054,7.1376,25.4315,49.0999
220.9234,9.105,24.5751,49.4591
228.5788,9.9227,24.1618,48.8878
229.6629,11.8263,24.0909,48.2264
233.933,13.8701,25.9274,46.214
233.2818,15.2155,26.1907,45.6017
234.2761,18.7783,25.2366,46.7518
231.4173,20.2067,24.7414,47.0015
233.1371,20.9988,23.3634,48.5094
239.472,28.0199,22.0159,49.9068
240.3963,28.7254,21.1935,50.5485
242.6106,31.5886,20.8497,50.949
243.8544,33.4929,20.4039,51.2241
244.0729,38.6894,19.967,53.0351
244.214,35.5695,19.6847,54.0983
244.2535,41.8324,19.6057,55.1636
244.5489,51.9117,20.0742,55.1319
245.9657,62.4608,20.4425,55.3797
246.0782,68.1977,20.2174,56.8357
246.0506,73.3687,20.2728,57.4366
245.644,77.8685,19.982,58.3721
244.9891,77.5653,20.1799,57.8664
246.6147,78.2584,21.362,56.4802
244.6404,80.2297,21.9814,55.8669
242.3504,82.1063,22.1135,55.4498
243.4024,92.3098,22.2261,56.101
243.504,91.6033,22.0227,56.3943
245.9213,95.9995,22.7899,54.324
246.7087,98.1516,23.4232,53.3319
245.7086,103.8069,24.3226,51.928
245.5011,109.9773,24.7376,51.6427
244.7604,109.9178,25.1201,51.7617
243.6326,117.8226,25.161,51.4544
242.6282,119.3989,24.9628,51.6124
242.6179,124.6229,26.0858,49.9835
239.7568,130.6037,26.3195,50.0969
239.9928,133.7929,25.8475,51.4421
239.0504,133.7204,24.3869,53.8172
237.1917,133.5437,23.6055,55.2953
235.3942,133.9861,22.6708,56.6754
235.0528,134.6742,22.2176,57.5711
232.4052,137.7292,21.8091,58.3057
231.6763,141.0612,22.1228,58.5058
228.5496,144.25,22.6138,57.8906
228.219,145.5823,23.2749,57.5309
225.0085,147.4103,23.9009,57.352
224.2488,148.9035,25.4203,56.7005
222.1143,147.8367,27.32,55.2801
219.9493,150.2792,29.2563,53.9856
218.5842,154.3253,30.7757,53.1586
217.6455,155.5526,31.4287,53.1526
216.7654,158.5621,31.9539,53.3091
215.3969,161.1363,32.1983,53.1457
211.8117,163.7918,33.1291,52.8263
211.1145,165.2334,34.5236,52.4604
210.6664,168.9865,35.4198,52.6115
209.52,171.5959,36.4193,52.5657
208.9067,175.4211,37.646,52.7691
206.0157,176.0745,39.4316,52.7944
204.9164,180.7752,41.6302,52.9242
202.9321,180.9008,44.1997,52.6729
201.883,181.8221,46.2978,52.2669
200.7829,183.3787,48.4979,52.0805
200.1036,184.1447,49.8566,52.0439
198.5886,184.1457,51.3704,52.0418
195.7534,184.0543,52.4215,52.2247
194.4001,184.0619,53.5691,52.2095
188.4733,183.8919,54.3858,52.5495
187.8064,183.6328,55.7196,53.0677
186.0485,184.2019,57.6114,53.5533
182.7359,184.789,59.2538,54.0401
180.8733,184.7869,61.2849,54.0442
178.7154,185.6677,63.8753,54.0081
172.7757,188.0922,65.1667,54.4532
170.7389,189.5127,67.4487,55.1953
164.6674,191.2532,68.5601,55.3916
163.0564,193.7094,69.9235,56.0553
157.7125,194.3854,71.1596,56.5937
155.4564,195.1111,71.8359,57.0602
150.7844,197.7933,73.4364,57.5034
149.3787,199.8366,74.2804,57.3517
145.9912,200.9869,75.122,57.029
144.6753,202.352,75.7686,56.2839
145.2216,203.374,74.6761,56.2226
144.4294,204.5095,74.2952,55.9167
143.6272,206.3348,73.9453,56.1748
141.7273,208.2625,73.8385,56.226
138.6677,209.3875,74.1,55.9287
136.6562,210.3887,74.2198,55.8777
134.7103,211.5003,74.2064,55.6072
130.9738,212.5157,73.8878,55.5242
130.7183,213.6799,74.399,55.1377
129.5207,213.7601,74.8511,54.9773
129.2297,214.6078,75.433,55.2291
126.9057,215.2408,76.1607,55.9231
126.6745,215.9023,76.6231,56.5828
126.5621,215.6627,76.8479,57.062
126.8527,216.648,78.2786,57.1032
125.1237,217.8158,79.7025,56.8018
121.6978,219.8546,80.4027,56.8251
119.2955,220.7932,81.0845,57.0094
113.2333,227.9312,80.7606,57.2563
111.0242,228.7204,81.0309,57.7519
109.9913,229.6692,81.0104,57.9407
103.802,229.5751,80.8545,58.1289
102.9976,229.5215,80.3733,58.2359
100.0976,229.3748,79.92,58.5294
100.5739,228.9826,78.9674,59.3138
100.8846,228.6786,78.3462,59.9218
101.0743,226.6144,77.9668,59.887
100.4074,225.6975,77.2252,59.6453
99.5468,224.7021,76.8862,59.576
96.4724,225.5331,76.8734,59.9679
96.5418,225.466,76.7347,60.102
95.4668,224.5596,76.8246,59.8547
94.4139,222.7866,76.8729,59.2858
93.71,221.759,76.2318,59.2921
92.8707,220.746,75.8711,59.2788
92.0284,219.6112,75.5222,59.5148
90.6759,219.6801,74.1628,59.3771
86.9125,219.893,73.653,58.9513
86.7377,218.1646,74.0025,58.4191
84.4314,217.0519,74.6331,58.6534
78.2591,217.238,74.9506,58.2813
77.7546,217.3617,73.9565,58.0339
77.2087,218.5234,73.0642,57.6945
73.1137,219.6202,71.4296,57.4659
73.616,219.5457,70.4249,57.6148
73.5192,219.7384,70.6184,57.2294
69.4805,220.4777,69.0954,57.671
70.4873,221.6657,68.9857,57.199
74.9127,223.6757,69.6085,56.9684
74.6372,224.8085,70.1595,56.6032
52.4909,229.6227,70.6857,56.4893
54.8279,230.802,71.7387,56.0397
59.9797,232.9392,72.9411,55.6007
65.0473,231.9603,72.4492,55.6298
67.9849,235.7114,74.2609,53.8927
72.3182,235.2804,75.196,52.8345
73.6195,232.9997,74.51,53.5623
77.652,233.9267,74.1196,53.6269
2
0
0
0
0
1
144.485,237.5194,67.1543,40.8053
144.898,236.735,66.3284,42.374
143.2208,236.1484,66.4652,43.5473
141.9353,234.1707,65.7751,44.2414
140.4954,233.1134,65.3909,44.7241
139.8077,231.406,65.1319,44.8702
138.7649,228.0062,63.9514,45.1379
137.6758,227.0182,62.8903,45.494
136.2872,225.2706,62.4477,45.7696
134.0998,221.7791,61.9994,46.3218
131.3843,221.8952,62.6,46.0895
129.3342,222.0324,63.4695,45.8151
128.4681,221.8397,63.578,46.2006
124.9739,221.8087,64.0387,46.2625
125.129,223.325,63.7286,46.5097
123.5189,223.2964,63.6702,46.5668
120.0691,223.2401,64.0123,46.6795
119.6964,223.3341,64.7577,46.4915
119.7381,223.2564,64.6744,46.6469
118.141,223.2782,64.5571,46.6033
117.4466,223.0425,64.2925,47.0745
117.3883,223.0558,64.4091,47.0479
117.5914,223.8255,64.0029,47.167
2
0
0
0
0
1
192.2191,207.6627,57.1454,57.2029
193.2433,207.6533,58.5207,57.2218
195.3015,206.745,59.6055,57.3046
200.1551,205.7294,60.4096,57.584
200.9913,204.7004,60.5061,57.8731
206.9187,201.0172,59.301,58.1397
208.3896,199.2331,58.1197,58.1871
211.5899,197.4874,56.9474,58.1929
217.5609,195.8969,55.3526,57.9248
218.8254,192.4897,54.5189,57.958
223.2575,191.7068,54.068,57.8413
223.3102,190.7296,53.9626,58.1219
228.0272,190.0204,52.9111,57.8637
230.8288,190.4465,52.2754,57.0116
235.3566,190.9586,53.0143,55.9873
239.4555,190.1035,52.9564,56.0696
243.1937,190.2838,53.6216,55.7091
247.3038,187.6884,53.5668,56.0006
249.6656,186.9474,53.7537,55.8457
251.3487,186.3486,55.2996,55.4061
254.2102,185.5123,56.1947,55.4241
254.4003,184.8621,57.4833,55.0557
255.0143,184.5214,59.6213,54.0541
257.9928,183.117,62.1645,53.4627
261.5407,182.8477,63.7168,52.2718
266.05,177.2523,65.1018,53.0588
268.1625,175.326,66.1806,53.3755
273.0917,172.4707,67.0595,53.7175
279.4992,169.3346,68.7125,54.5643
282.4491,164.2832,70.2026,55.4295
287.9867,160.1723,72.3177,56.1139
294.7649,158.0596,74.1827,56.484
300.7135,154.8662,76.0195,56.9849
307.6311,147.5073,76.1706,57.7164
314.0517,146.311,75.4038,58.0966
322.4079,143.9807,74.7477,58.7431
329.5642,141.6558,74.4891,59.3774
334.5166,138.5493,74.655,59.5479
340.5603,137.4164,74.6848,59.7943
342.5279,137.2894,74.7974,60.0483
347.291,133.1734,75.4204,60.1608
353.7916,132.9993,74.666,60.5091
355.0198,132.9557,74.245,60.5963
356.3861,131.8951,73.5428,60.6871
362.3713,131.8414,73.6991,60.7947
363.2746,131.8867,73.9177,60.704
364.1114,131.9054,74.2713,60.6666
366.2049,130.705,74.148,61.0354
367.1182,129.6332,74.3576,61.1429
367.968,128.5159,74.699,61.3366
368.8837,128.0597,74.9168,62.2491
368.7698,127.0121,75.1447,62.2767
368.834,125.0243,75.0163,62.1094
370.602,124.1901,73.5471,61.711
371.2147,123.5718,72.3216,60.9098
371.6111,123.9131,71.5288,60.2271
371.9764,123.0035,70.7983,60.0635
371.5869,122.9243,69.6083,60.2219
372.032,121.9798,68.7181,60.1576
372.002,120.2165,68.7781,59.807
