1
293.961,76.3904,64.3189,231.249
290.7474,76.4515,66.3651,231.1267
287.4313,76.3825,68.5797,231.2648
281.6882,76.7401,71.1444,230.5497
280.7757,77.0056,72.9695,230.0187
275.2871,77.3226,74.8983,229.3845
269.9469,78.2315,76.4774,227.5669
269.518,78.4686,77.3351,227.0927
266.6878,81.4729,78.433,225.6466
254.5926,83.9827,79.8138,225.1888
256.0785,83.9264,81.4225,225.3015
250.6527,86.5619,83.0518,224.6416
247.473,91.2601,84.7801,219.8764
247.3384,92.7683,85.0493,216.8599
249.0264,96.1327,86.2285,214.6863
245.5854,107.6801,88.5654,209.7717
244.7959,110.153,90.1445,204.826
244.4165,111.9739,90.9034,201.1841
241.5158,116.2463,92.2724,197.0716
235.7611,128.4163,94.9892,190.3167
226.3768,137.7918,96.3791,184.5999
226.9369,135.6683,99.5436,180.2774
226.8759,135.6205,103.9406,176.0979
213.7357,147.4416,108.7831,169.6061
206.2621,151.9897,110.9151,164.7816
203.3016,154.9115,112.6015,158.9379
202.9877,157.2894,113.2293,154.1823
201.2511,158.493,112.5905,151.7751
203.7205,153.4375,107.6516,153.7561
207.6348,152.542,103.8372,155.5471
243.4651,133.2223,99.8052,162.3613
244.6352,136.2365,97.4651,164.3593
245.6467,141.7251,95.4419,165.393
243.2475,141.1649,96.2556,166.5134
257.9847,147.7093,94.8881,165.4705
256.7519,146.7371,93.3771,163.4383
257.3308,146.3761,92.2192,164.1602
257.4848,148.7916,91.9112,163.2412
259.7093,149.3309,91.3553,162.1627
261.8898,151.888,90.862,160.9162
290.2867,148.8944,87.8406,163.0625
289.1276,149.5825,86.3377,161.6863
295.2796,146.9685,85.3592,163.139
299.4476,142.5182,84.583,164.4801
299.2541,142.4373,84.9699,164.6417
299.679,141.7168,84.1202,166.0827
301.1638,129.714,81.1504,171.0795
301.8732,128.254,79.7318,173.9994
300.395,123.1544,78.8467,176.516
292.7927,116.6158,78.6017,178.0059
292.7919,116.8455,78.6034,177.5465
290.5287,117.1122,79.2566,177.0131
283.6654,125.9362,81.3529,174.8725
283.8471,121.3383,80.9895,176.3035
283.4684,124.4424,81.7469,173.9921
271.0375,142.0136,83.3504,169.8608
270.779,143.5783,83.8673,166.7314
270.8654,146.2793,83.6946,165.1364
260.8417,154.3069,84.8391,160.4229
264.4559,156.174,85.0725,156.6887
254.6895,157.6887,86.2062,153.6594
313.5613,140.8076,81.7468,154.5324
315.1154,138.916,78.6386,154.7244
320.0478,141.0184,75.8551,154.0604
324.141,144.6554,74.6344,153.7521
324.7365,144.4569,73.4433,154.1491
324.7793,142.0183,73.3579,155.5839
328.6279,138.8529,72.5841,158.4529
328.5231,137.911,72.7939,160.3368
328.8802,134.5406,72.0796,163.5563
327.336,131.0598,71.6126,166.9625
324.7421,136.9255,73.2037,166.0209
324.8683,126.5427,72.9514,168.7317
318.8924,134.881,73.9658,166.6385
323.9561,135.2717,74.7383,165.857
310.5474,124.0648,72.4716,170.0933
294.6845,121.4272,71.2839,171.7115
297.2081,123.2536,69.8962,171.718
297.8911,117.9788,68.5302,174.9979
295.3666,123.5807,69.9214,174.7675
299.2804,121.3054,69.4523,175.6387
290.6112,117.771,72.0568,175.3406
298.5271,113.1565,71.1273,180.844
298.8709,109.6919,70.4396,183.985
299.4171,106.0147,69.3472,187.5181
305.4518,105.301,68.8345,188.9455
305.7435,105.8166,68.251,187.9143
307.3795,103.6701,68.8172,188.3692
307.8565,106.6409,71.7181,182.4276
308.709,108.6406,73.8347,178.4283
309.402,113.2136,76.2503,173.0839
303.4485,102.1248,76.8565,168.8926
310.0156,114.8297,78.5891,162.0665
320.1064,114.1241,76.6444,159.8302
313.0643,114.3548,76.4049,155.7879
317.672,115.1739,74.2247,154.1498
311.1144,114.9495,73.5163,151.1427
301.6959,112.1219,71.9553,149.9986
301.8289,119.2652,71.6894,145.7796
295.1311,113.5011,68.637,147.4391
288.7441,66.1704,68.3681,147.5379
288.9708,65.1438,67.9146,146.3336
290.9427,64.1623,67.2029,145.0644
289.5113,90.8795,66.8646,146.0497
284.1374,68.3862,67.9835,142.8924
283.9755,98.7805,68.3074,142.5821
273.6504,58.3391,69.8525,137.4925
274.5664,62.0467,71.1569,133.2135
274.1165,64.113,72.0566,129.081
277.0649,65.8928,72.2599,125.5214
275.7586,67.5302,71.8718,122.2465
275.9179,70.3017,71.5533,119.649
276.2305,78.4089,70.9281,117.9412
279.526,77.4101,70.0676,117.0735
280.7524,77.7524,70.4529,116.389
287.9745,75.3219,73.0139,112.7472
278.6749,75.3328,74.6786,109.903
272.1151,79.3604,76.5697,107.4622
288.9672,74.7459,76.4807,105.4861
287.5244,75.5364,76.5966,103.9051
287.3251,68.39,76.9951,101.7124
270.5017,62.3165,80.7156,97.5359
270.1566,65.0042,84.1223,94.877
266.4512,82.4725,86.0736,92.6966
273.1403,71.1096,86.3282,90.8834
275.9342,69.0916,86.1446,89.5152
278.4926,63.3374,83.7055,90.3128
279.5273,68.6515,81.6362,90.2915
282.8683,65.1051,80.1913,89.5285
283.8833,67.5194,80.7452,87.2837
2
0
0
0
0
1
331.4326,117.0731,67.1206,147.2105
328.6022,118.3277,69.5505,144.7015
327.5801,120.7904,71.5947,143.0127
326.5172,127.0138,73.7204,140.3079
325.9981,128.1188,74.7587,138.098
325.7279,130.9287,75.299,135.7076
324.8518,133.9178,77.0512,132.9326
324.2748,136.3404,78.2052,131.2791
325.0961,136.8305,79.7493,130.299
325.6381,137.956,81.8632,128.048
325.0772,138.8492,82.9849,126.2615
324.6418,138.7876,83.8557,126.3847
323.489,135.9813,82.9537,128.7898
323.8324,134.3651,82.267,132.0221
321.0524,129.7892,81.2952,134.6422
308.4234,120.4404,80.2436,136.8964
308.799,121.0682,79.4925,138.9453
307.1726,115.8417,79.423,139.4313
294.1579,104.9573,78.8254,141.2299
296.6024,104.1076,77.2813,142.9292
295.4527,99.9251,76.2369,144.6069
285.5247,92.5925,75.9894,145.8697
285.3244,92.6434,76.3899,145.7679
285.4489,93.527,76.1409,147.3711
283.8613,97.1145,75.9265,150.3649
282.224,93.9742,75.7713,153.2157
280.3405,94.3279,76.0692,155.9773
280.149,103.7869,76.4522,158.147
280.251,102.5158,76.2481,160.6891
280.4216,106.7515,75.9069,162.9775
278.9702,110.4433,75.1957,166.4359
279.8343,103.1263,73.4675,170.1142
278.1316,110.842,73.1979,173.0574
279.5755,102.6772,70.3101,178.2486
278.5358,102.3196,68.6533,182.7002
279.5238,95.6335,66.6773,188.5312
285.8415,90.0407,65.4972,192.0798
286.0077,90.0095,65.1648,195.9898
286.1051,85.9104,64.9701,196.3935
297.2038,99.3563,66.1695,188.9991
294.6315,83.1824,67.4982,179.3718
294.448,91.5905,67.8651,173.6618
305.0746,103.1509,68.3721,168.6745
302.4605,93.3894,70.0365,163.2503
301.4842,87.1867,71.9889,158.0805
311.5787,98.9076,72.6456,158.9588
309.4988,102.1041,73.3069,159.5629
308.5456,85.4064,75.2133,157.7692
320.3779,107.7944,76.2303,158.8307
317.6089,106.4305,78.2093,157.9995
320.7294,112.9527,79.1307,159.28
2
0
0
0
0
1
282.0443,87.6102,62.3,178.812
279.6953,91.0768,66.998,175.4791
278.6515,91.6174,69.0855,174.398
279.4645,96.8359,71.1186,171.279
280.3193,98.6166,73.0593,167.7176
281.7806,100.8011,73.7697,166.9816
283.7093,96.2627,73.5471,168.7888
283.9255,95.2301,73.1148,170.854
284.1502,92.468,72.6654,172.6987
284.2544,80.2583,72.4571,174.9291
284.4986,79.0857,71.9686,177.2744
284.5181,74.4084,71.9296,179.1251
283.5236,72.7793,73.9185,174.8276
282.5149,73.2151,75.936,170.2048
279.9453,72.0057,77.3556,168.9039
272.0513,71.3034,78.2411,166.583
272.2982,68.9801,77.7473,167.5223
268.8247,66.2657,80.982,165.5263
270.79,74.9243,84.5302,159.4275
264.5066,73.0106,85.9641,155.833
264.3504,82.0563,89.9588,148.7887
273.3076,82.3787,90.2709,144.4985
277.0197,82.1572,90.0195,141.3552
278.3969,81.5584,90.8003,139.0176
275.383,76.8493,89.8022,137.8969
276.1409,76.7267,88.2862,138.1421
274.8202,74.4389,87.4696,139.2595
273.6725,75.8227,86.304,139.9531
275.6217,75.7031,85.8576,140.1923
276.9228,75.9986,86.7034,139.6012
275.609,76.6008,85.8777,141.8504
275.9813,75.6432,85.1331,143.7656
281.02,78.2132,85.5233,145.6041
286.7973,76.2482,84.5383,146.0108
284.3251,78.6829,82.4575,148.1666
289.264,76.4637,83.1077,145.5865
289.556,83.6993,82.5236,145.0436
291.2886,81.0263,82.5226,143.4614
288.7556,85.6872,80.7074,144.4616
306.2746,94.2488,79.9164,144.462
306.9152,92.83,78.6352,147.2996
305.6604,96.522,77.7137,150.2095
316.5463,99.3074,76.6921,155.0138
316.9022,95.1863,75.9804,159.7448
317.6582,92.2848,74.4684,165.5479
313.7549,80.4593,75.0224,167.4413
311.2094,78.0848,76.4499,168.5266
308.9538,68.8194,77.2568,168.5361
301.6908,61.1666,76.9086,165.249
303.7361,60.1186,76.4825,163.6803
308.246,56.1298,74.7314,164.3894
308.325,52.9275,74.5733,163.5659
306.4931,46.0011,74.6379,163.0215
310.9141,45.0545,72.9808,164.9148
322.4348,46.2873,75.0764,162.4491
321.5733,47.4023,76.7992,160.2192
322.4054,45.4618,78.7244,160.5109
325.6448,59.3255,75.8726,161.799
328.5338,58.9573,73.6908,162.5354
327.4415,64.1503,72.3065,162.856
332.0773,67.0289,73.6828,164.1972
329.6369,67.0843,74.9707,164.0864
330.7774,72.7459,76.3034,167.2184
327.0161,72.8216,76.4606,170.7499
326.4803,71.5953,77.5323,173.2025
326.1513,68.3036,78.1903,175.9945
320.2837,68.0165,78.3955,176.5687
320.7782,64.7514,77.4064,179.2436
321.8075,60.963,79.2245,175.1906
313.382,55.0739,80.6764,171.5697
319.7039,57.997,79.4999,169.5459
309.9498,60.4623,80.1461,168.3878
316.153,64.9055,79.04,170.8016
320.1994,60.1161,78.5126,172.8149
321.4178,62.7446,76.0758,175.1634
322.5053,62.9653,73.9006,178.5161
327.288,57.9062,75.7476,173.418
332.5179,61.6281,76.5768,169.737
338.7387,62.522,79.0317,164.2251
329.9074,69.0116,78.2614,165.9922
331.2691,70.4711,79.237,163.0734
330.677,68.3062,80.4211,160.0565
322.8881,75.6037,81.4005,156.4104
322.8237,76.7483,81.5292,154.1211
320.412,79.1757,82.7714,152.8478
316.8987,78.0479,82.6302,151.5194
316.6451,74.8339,83.1373,150.8239
316.4158,76.9937,83.5959,150.0644
317.8561,80.5163,80.7153,150.1326
316.7012,81.2245,79.5164,148.7163
317.5935,82.008,77.7319,147.1492
319.0688,82.3554,74.7812,146.4545
320.1663,82.922,72.5864,145.3212
319.9663,81.8895,69.688,147.3864
309.8268,81.1113,67.0188,148.9427
311.0375,82.132,64.5974,150.1556
311.4009,80.3218,63.8705,150.5466
304.1137,76.7916,65.556,147.9403
309.5748,76.8576,67.4905,144.5941
300.9595,79.0387,68.7245,143.4313
276.996,87.1509,71.798,143.2259
276.1695,83.5535,73.451,143.9127
270.3227,84.547,75.267,145.2182
278.588,76.0263,75.4512,145.5448
279.1686,68.0345,74.29,148.1247
278.5421,72.4466,75.5429,146.0382
274.4642,67.0689,73.6193,146.7142
274.8238,67.7172,72.9002,145.4176
272.5307,71.0367,70.8761,148.6942
263.4187,69.3811,69.1916,148.6872
263.9364,68.005,68.1564,148.1509
266.1842,68.1211,66.9234,147.9187
267.9821,71.0827,66.5655,145.2333
269.841,71.7359,66.0403,143.9269
271.1118,72.5087,66.6628,142.3812
274.5564,72.5644,66.0789,142.2699
276.2074,72.6862,65.9177,142.0262
276.2977,74.4142,65.7372,141.7047
274.792,72.589,65.6219,142.2285
274.9735,72.8383,65.2589,141.7299
275.2732,68.5673,64.6596,144.0346
276.409,61.8724,65.5298,141.7159
275.5456,65.1204,64.1333,141.4663
275.234,63.416,64.7565,138.6847
274.9465,65.0656,65.3315,135.3856
274.9301,64.9405,65.3642,132.6085
275.0686,69.4508,65.0872,132.5497
276.2379,70.254,65.7304,130.9433
276.1027,72.3691,66.0007,129.6823
276.2908,72.3424,65.6244,129.7357
276.1824,75.7986,65.8412,128.7226
276.2328,77.6887,65.7405,127.8808
276.3028,80.2734,65.6004,128.5603
276.0162,81.8993,66.1737,128.2403
275.7481,83.533,66.7099,127.9102
276.5388,83.8825,68.07,127.211
278.2836,86.3839,70.4892,125.1627
278.0271,88.3824,71.0023,124.1311
281.8837,89.6425,72.1652,124.5696
282.7582,92.6689,73.4011,127.4715
284.6343,90.9119,75.7468,127.9366
280.7229,91.0099,77.3788,130.836
281.5126,92.9826,78.9655,133.2227
274.5092,93.9342,80.0588,134.548
275.7914,94.8663,80.761,135.9502
281.7653,93.2302,82.0099,135.9232
282.6498,91.4494,83.5607,136.165
282.5089,92.3986,83.8425,137.616
288.3604,92.2361,82.2671,137.941
290.422,91.9899,81.4981,138.4334
292.7868,90.2573,80.1171,138.55
297.9467,91.7735,79.7785,135.5176
298.8319,93.7182,78.008,134.9044
299.647,93.0877,76.3779,132.9283
294.3604,92.3728,74.2299,131.1777
296.8311,93.1202,72.4063,129.6829
297.4741,93.5742,71.1204,128.7749
290.6582,85.1824,66.575,133.4404
293.4288,87.4148,64.0541,135.0162
292.8194,90.846,62.2732,134.1535
283.1358,89.1229,60.9472,134.6435
283.6961,87.3076,59.8265,135.334
283.9895,87.0376,59.2396,135.874
286.1045,85.1537,57.9377,136.7136
286.6476,83.2253,56.8516,137.6532
286.484,81.4738,57.1788,135.3329
284.6451,80.2254,57.9727,134.946
284.1552,79.5419,58.9525,133.4206
282.6507,81.4908,59.074,132.4103
273.9931,89.1963,59.14,131.3736
273.6519,86.5891,59.8225,130.8661
273.3287,84.8983,60.4688,131.3822
269.8297,82.651,61.6982,130.1081
269.1838,83.7195,62.9901,127.9712
266.0846,87.2396,66.3102,123.8092
265.343,88.1892,67.7934,121.9099
264.8307,88.8752,68.8179,120.538
267.4003,93.6787,66.5473,122.4047
274.7968,88.2415,63.1842,124.7067
278.6305,87.6844,61.1843,125.8208
279.1899,87.4686,60.0656,126.2524
290.8643,90.1941,59.1366,126.4064
292.7847,90.1526,58.0842,126.4894
293.0959,90.1766,57.4619,126.4413
293.8378,85.6204,58.7379,124.5143
294.8942,85.9818,59.3791,123.7915
294.4128,87.3603,60.3419,123.7892
297.1174,92.3548,63.2466,119.3427
298.0012,94.3572,64.2349,118.0938
301.1762,97.1421,66.148,115.2784
307.3933,103.3852,67.4396,113.7727
300.2461,109.4487,68.0112,112.624
300.9132,109.2273,69.4142,110.3298
304.2352,118.8072,68.2223,110.2533
304.1095,117.7561,65.7688,112.3553
308.6752,119.4202,62.0278,117.113
331.5654,123.7907,62.1851,119.1809
328.5846,121.6566,62.6761,120.7138
331.781,122.8253,64.5824,121.1428
332.7746,122.2106,65.4005,122.3722
332.479,123.1726,65.9916,123.2857
338.0405,124.8246,66.3128,125.7037
330.3468,119.6268,64.2872,127.3928
331.2234,117.3071,62.534,129.1399
333.1655,117.9924,61.5373,130.6568
343.3326,120.155,61.4496,132.1164
343.139,119.5894,61.8367,133.2475
342.6957,121.7771,62.7234,134.7429
342.4915,121.0722,63.1318,136.1526
342.0789,122.0546,63.957,137.1882
341.6167,121.7281,64.8815,137.8412
339.283,123.7114,66.4935,136.93
336.9288,124.1473,68.1318,136.0581
334.6926,124.5644,69.5185,135.224
320.9224,124.581,72.2807,132.0935
320.001,125.6669,74.1236,129.9216
317.4699,124.4772,76.0884,129.2036
322.6274,120.8995,78.2535,126.999
322.1845,123.9501,79.1393,127.1447
319.5733,122.6743,81.221,126.5557
319.5966,117.5277,81.1745,127.3497
317.8307,117.0574,81.5288,128.2903
317.9115,114.2923,81.3671,130.6229
314.1711,106.3357,79.1585,133.6167
312.8206,105.8364,78.6219,137.8528
312.0508,103.2535,76.8702,139.7272
303.8131,104.909,73.6092,142.995
304.4096,102.1896,72.4163,145.1521
305.4922,104.1627,70.251,147.7916
304.8361,102.9163,71.5631,143.6965
304.799,103.8374,71.6373,141.8542
302.1933,105.3673,73.6175,138.7944
291.2582,108.6632,72.947,138.643
291.3988,110.4436,72.6659,138.2885
290.7525,110.5704,70.762,141.2313
281.3952,107.6572,70.2353,143.8509
283.0925,108.0825,70.0769,146.2364
282.866,108.3739,70.5299,145.6536
275.6845,107.9511,71.8224,143.2316
277.122,106.8546,72.202,142.17
270.6103,106.6873,72.2434,142.5045
266.8911,108.6519,69.9285,145.0776
267.8557,107.7289,67.9995,146.9235
268.4373,105.5299,66.8361,148.0795
262.8113,103.1346,65.1337,149.6314
263.3695,102.6035,64.0173,150.6936
264.794,95.9719,64.3953,147.8221
267.4896,90.4544,62.196,149.2808
268.16,91.3528,60.8553,150.6584
268.4895,88.0301,60.1963,150.963
269.785,80.981,60.7683,146.0828
269.679,82.7342,60.9802,142.5764
270.9425,84.3305,61.5092,139.3838
275.1939,90.5179,62.0631,136.0657
276.536,93.0886,62.3592,133.9047
283.2124,94.3378,63.7766,131.4063
289.9017,99.7614,65.1089,129.3857
288.1691,97.2016,65.6386,128.6339
287.0981,98.5178,67.7805,126.0015
298.9849,144.9928,70.3917,123.9326
299.6118,145.696,72.0835,122.5263
299.8759,144.4824,74.5084,122.0004
308.4093,143.174,75.3578,121.6311
306.5206,148.0115,76.1404,120.9404
306.1969,153.0663,76.7878,119.8232
305.4006,160.0436,78.3803,117.8347
303.2896,161.0938,79.6144,115.7343
302.8742,158.7913,80.4452,114.3858
294.3459,129.0259,82.6519,114.5171
294.9146,131.7032,84.5228,115.1789
293.3322,136.8134,87.6876,114.1051
291.9122,124.1385,90.5274,114.783
290.4053,123.8146,93.5413,115.4308
289.9314,118.4234,94.4891,116.6161
301.1296,118.2152,94.7207,117.0324
299.1139,117.912,95.5093,117.6389
298.8491,117.8589,96.039,117.745
299.3572,121.0256,95.0228,117.9615
301.5952,120.2354,93.8088,119.5419
302.2756,119.0079,92.448,121.9969
279.4459,117.8078,88.8758,124.3971
280.9587,116.4182,85.8501,127.1764
278.1778,113.2736,84.9069,126.9605
266.8564,114.739,84.9136,127.2633
268.4109,111.4587,85.0431,127.3472
272.7643,116.1483,86.0617,127.6934
272.4777,118.2264,86.6348,126.801
272.4574,119.9743,86.6756,126.5652
273.3168,120.4488,88.2135,125.616
273.6302,116.703,87.5868,126.5718
273.9621,116.5263,86.9231,126.9251
272.848,115.2721,85.8847,129.4337
268.1272,114.7373,85.4649,130.5033
266.5592,115.9077,85.3043,131.4587
267.0836,117.0834,84.2557,132.4153
268.9744,113.7899,80.4741,135.6975
270.1294,111.255,78.164,137.4766
271.6074,109.2618,75.2081,141.4631
272.9687,98.8063,72.4855,145.9407
274.139,96.4752,70.1449,150.6028
274.3889,98.2587,69.6451,150.369
275.9577,93.8364,69.8285,149.2504
276.3244,94.5561,69.0951,151.119
278.8628,96.0888,67.3406,154.6983
285.1696,93.7831,64.7578,155.9662
286.1836,88.1617,62.7298,157.2601
288.4881,89.8526,61.4197,157.1771
290.4165,96.9393,60.8374,156.1013
290.8989,98.5524,59.8726,156.1234
292.8603,99.2744,59.1812,157.911
294.36,102.2725,59.4266,158.4043
295.8804,103.2329,59.6421,159.7396
296.5643,104.6821,61.5535,160.1207
297.1613,111.1808,63.6786,157.0805
296.4456,112.5904,65.1099,154.2611
296.261,114.4455,65.4792,153.8489
289.3078,116.3964,66.1916,153.2454
290.3838,118.7039,67.342,151.9328
285.4532,118.7219,67.2927,151.8969
279.3043,120.1014,66.3822,152.4399
280.914,121.4417,66.4569,153.0532
279.5583,122.4154,69.1681,147.8017
276.5056,121.4928,68.7229,149.647
279.6292,124.2592,69.0645,150.703
276.3226,117.6293,69.0462,150.6997
268.0615,113.8313,68.9914,151.6649
269.3887,105.2817,69.6653,148.793
269.7302,106.819,68.9824,149.0168
270.3173,104.732,67.8082,149.901
274.5588,104.0238,69.1717,148.0353
275.5392,104.8927,70.4896,146.2975
276.6476,105.9537,71.5492,144.1755
274.5991,115.6145,72.3826,144.4357
272.6962,117.5424,72.9065,143.8617
270.499,118.8781,74.0185,144.4727
270.3041,121.3126,74.4082,146.225
269.8833,122.7371,75.2499,146.7189
268.1217,127.588,75.4083,147.1114
264.7626,120.6763,75.3801,147.4419
264.8298,123.7117,75.2456,148.1261
262.7113,115.4001,76.0974,147.8226
270.9158,109.1022,76.6659,146.8365
260.8301,113.2596,76.4928,145.3031
268.733,109.7951,77.5132,145.5016
267.5285,93.9637,76.5366,146.6937
266.4826,97.8548,75.2418,149.0709
266.5762,94.7609,75.0545,151.8596
274.3346,84.4572,73.2849,155.2831
274.6091,87.6084,72.736,159.349
275.1125,88.981,71.7291,163.6156
280.6366,77.6356,71.3314,165.0055
280.974,81.6081,70.6565,167.7503
283.2358,83.3236,69.724,171.5016
293.1875,91.5186,71.593,169.6263
290.445,90.4307,73.4431,168.1674
291.3713,92.5601,75.2368,167.5548
298.7544,89.4776,78.8151,162.7131
297.2564,95.1514,81.8111,158.687
300.7648,101.4111,85.7548,153.4744
262.6306,78.7235,85.5007,151.4787
262.3533,74.8219,86.0553,148.4518
268.1952,81.9383,85.0949,148.5171
277.3645,82.5738,84.5527,147.2461
277.5893,86.0793,84.103,147.2975
280.8753,82.989,84.5797,146.4293
280.4187,80.0207,85.493,145.327
280.2031,80.6959,85.9242,143.9765
281.9239,80.7599,85.9883,143.8485
268.6326,100.9132,84.5316,142.0957
267.696,104.8929,82.9506,141.0448
266.1627,97.4439,82.6054,138.8828
280.4393,83.9557,77.6698,145.6156
282.3011,77.7555,73.9462,151.236
283.5998,75.1145,71.3489,156.518
270.6983,84.9123,73.0694,154.1242
271.789,91.087,74.3234,152.0812
269.397,99.6573,75.68,152.0774
261.3568,87.9812,77.9573,151.2742
260.5985,89.3882,79.474,151.9383
259.9167,88.9741,80.8375,152.7666
257.7933,89.081,81.5347,152.5528
257.5565,91.1625,82.0083,151.9481
258.1033,86.2856,80.9147,154.5869
260.1968,80.2508,80.3055,155.9231
260.4479,79.2407,79.8033,157.9434
261.5627,79.0284,81.1816,158.3681
264.8517,78.6336,81.8795,159.1576
264.4063,78.5215,82.7704,159.3818
271.3873,76.4581,83.5289,159.8285
281.1151,92.2141,86.2715,154.2144
279.9132,92.5036,88.6752,149.9719
285.308,97.5521,92.4511,143.5161
288.2673,97.8173,90.1406,142.9858
287.0373,100.6492,89.039,140.8835
288.4835,100.1358,86.1464,141.9104
305.7278,84.2895,86.4443,142.2953
303.7682,83.8527,86.8742,143.1689
311.6157,80.0009,85.2176,147.3628
326.7184,80.45,83.3657,153.5529
329.2355,71.5238,81.9358,160.5922
336.7773,66.7539,81.5866,166.4485
347.3833,52.9608,82.9551,163.9274
346.708,52.3876,84.3055,161.3238
355.6244,54.6365,85.148,160.5609
359.3837,58.7615,81.3676,163.5258
362.7316,61.2912,78.3887,165.8999
365.3262,52.9348,76.8992,167.8133
375.8331,57.2871,78.0962,166.5122
374.5601,54.41,80.6422,164.859
376.5236,58.2681,84.1627,160.8667
378.2207,65.7498,88.2203,157.0808
386.926,68.4608,85.7664,162.8766
401.6466,76.3009,82.8059,169.894
402.5857,71.8308,80.9277,174.9992
400.7905,72.9137,80.6415,176.7103
400.6631,79.8095,80.8962,178.5054
400.6206,79.211,80.9813,179.7024
392.9766,82.7964,80.4846,180.4238
396.0293,82.8041,78.3271,184.3564
395.0882,83.4891,76.2425,186.9533
382.4722,88.006,77.6695,185.8544
376.039,91.3487,78.605,183.1459
379.9383,93.5031,78.715,182.7915
371.4551,87.283,79.8771,179.4272
387.4927,89.923,79.184,178.0699
388.1568,92.2476,77.8557,177.3117
386.0753,80.6127,78.1623,173.5856
386.9944,74.8016,76.3241,173.7843
389.2776,74.961,75.5361,173.4655
388.4216,71.1875,77.2482,169.7326
386.5628,65.7369,77.2299,165.6908
385.0993,67.3887,76.4804,162.3872
383.0672,70.3025,76.9292,160.1749
383.9024,67.0079,75.2588,159.5823
384.4593,67.9092,74.1449,157.7796
387.1438,69.1351,72.2834,158.8354
391.2209,78.1492,71.11,161.7496
392.2365,80.1152,69.0789,164.842
393.4617,80.5444,66.6285,167.5047
392.2732,80.4781,65.4895,167.6373
392.6385,80.4482,64.7589,167.6972
391.0786,80.2455,64.3932,168.1025
391.1708,76.6327,64.2089,168.3589
391.1514,74.797,64.2476,168.5453
389.9042,76.1944,63.2537,172.7272
382.1182,74.2167,61.1733,176.6826
382.3672,67.4881,60.6755,179.4917
382.0616,70.5644,61.2866,180.4999
379.8355,63.4637,65.7387,173.0662
378.0697,66.3044,69.2705,167.3847
376.2927,69.008,72.8244,161.9776
375.3031,74.813,74.8035,157.4588
376.3874,78.454,76.1494,153.6911
364.002,81.3231,76.5423,151.4354
366.6311,86.4827,74.7403,151.485
369.2064,86.2366,73.0157,151.9772
369.1369,88.4684,73.1547,150.9167
371.2988,87.5908,68.8307,156.062
372.8684,85.724,65.6916,159.7957
376.331,88.4675,65.5427,161.085
377.0614,80.4434,64.0821,163.5166
378.9927,80.4157,63.6325,163.572
374.3776,85.6726,62.6449,166.6818
372.8823,80.382,62.2028,166.9645
373.1002,82.3298,61.7669,169.9268
372.5577,79.6435,62.8519,168.3723
369.0766,85.0203,62.8926,171.4619
368.8486,88.271,63.3486,175.4781
366.3651,82.4756,64.7441,176.3542
352.2543,90.3714,67.7005,174.9997
353.1385,89.9924,69.5752,175.7578
351.4652,94.2532,72.9217,174.6109
348.4359,105.1091,75.2499,171.5509
345.2794,106.4654,77.8357,168.8384
342.1409,110.2891,80.3798,164.924
334.7818,118.027,80.2173,164.3291
332.6765,119.1671,80.7192,162.0488
331.1012,121.3724,80.1858,161.3222
327.5654,121.98,79.9292,160.107
326.0121,122.2681,79.3939,159.5308
324.264,123.8932,79.2661,159.9047
310.9427,124.6815,80.5165,158.3282
312.3723,125.2155,81.2833,157.2601
309.7998,126.1671,82.8049,155.3568
305.7882,126.2658,83.5852,155.1596
305.4324,124.8317,84.2967,154.3958
298.2836,124.401,84.0635,155.2572
293.4199,125.2308,82.8664,157.239
294.1215,128.1298,81.4631,158.7417
294.421,123.3496,80.8641,161.0055
295.5985,113.9882,78.509,161.3725
292.6069,117.3217,77.2208,161.9771
291.6829,119.4338,75.4464,164.9975
293.7321,111.1924,74.9833,163.3034
293.9426,114.9327,74.5623,163.0281
295.3307,104.4027,75.3775,158.9491
296.5081,90.6067,76.5687,154.6266
296.2972,92.2626,76.9905,151.3149
297.5648,90.2676,77.9174,148.3806
299.747,90.3288,76.988,148.2582
299.8696,90.6194,76.743,147.6769
308.5678,90.5285,76.3689,147.8587
307.7662,97.6445,74.5714,150.6303
311.8544,98.4831,73.2158,152.3636
312.1979,99.2893,72.5287,154.1635
314.563,102.9571,71.2253,157.1078
314.9581,102.6401,70.4349,157.7417
316.8816,104.5182,70.03,157.4277
319.1383,106.849,68.9473,159.627
320.7257,108.3312,69.2157,160.1061
322.3643,110.7475,69.3935,162.1833
331.1308,114.8692,69.3017,164.4045
331.3492,113.2298,68.8648,167.6834
