1
342.6742,221.182,227.9829,161.3037
343.1368,221.2524,225.1915,162.8141
345.3441,219.8013,223.7355,162.8345
345.3464,215.6335,222.9399,164.2998
346.7281,214.921,222.0461,165.1916
345.3431,212.2711,221.9872,166.1484
346.076,211.3782,221.8689,165.3305
345.1418,209.26,222.2233,165.975
345.512,208.2209,221.8803,165.5557
345.8364,208.1316,221.8087,166.2293
346.7562,207.0398,221.3517,165.0356
347.5803,206.4447,221.8127,165.4826
348.2195,206.6601,221.2125,165.7926
347.9495,205.7179,220.3842,165.7553
348.8004,204.9242,220.4773,164.9521
348.941,204.5086,221.1518,164.631
347.7469,203.3756,221.0602,165.0498
347.4217,200.1768,221.5069,164.8471
347.9689,202.0592,221.3869,164.3427
349.8161,201.5694,221.9332,163.8357
347.1702,201.7089,221.4715,164.8083
348.1841,198.5356,221.0817,165.1505
349.0627,200.2635,220.9141,164.969
348.0315,202.4308,220.9589,165.3592
346.7645,213.1406,221.754,165.1589
348.7908,214.866,222.1072,165.9191
348.8005,222.0975,222.5666,165.9459
349.9963,222.6316,222.0807,165.3648
347.9445,226.0849,222.8689,165.5271
349.4935,226.526,222.8136,165.3228
348.3733,227.99,221.3872,166.4468
346.2194,227.1812,221.014,166.3025
350.0019,226.6261,220.8928,165.7539
345.448,225.1313,220.2415,166.7045
321.2577,223.5687,221.9437,169.4137
315.9902,222.447,222.396,168.7834
329.7199,223.2967,219.8356,167.6316
342.8164,222.9481,217.8985,165.9697
340.2585,221.4752,218.8047,166.6354
334.5862,220.8873,219.8029,167.4375
334.6416,221.0822,221.0297,166.656
333.3645,220.4495,220.5022,166.0993
334.4656,219.0851,220.6551,165.3868
333.5399,218.9576,220.7367,165.295
331.4255,219.6698,219.8091,165.5927
333.1216,219.8059,221.0413,165.2771
330.2191,219.2906,221.3469,165.4521
322.8487,219.4237,221.5417,166.8745
320.6787,216.4528,221.1684,167.4845
315.1796,216.3847,221.1803,166.8068
311.4811,215.8796,221.4603,167.2651
306.0785,214.9578,221.6467,168.4104
302.7093,215.1091,222.6079,167.6674
298.961,216.3231,222.6651,168.2381
296.1175,215.7634,222.0916,167.9162
293.1266,215.4296,221.4583,166.922
288.241,214.7561,221.9566,166.9198
284.3571,213.8665,221.536,166.5762
281.2684,213.2197,221.3806,166.6388
278.2788,210.8111,221.2921,167.131
275.2227,208.9674,221.5044,167.5046
271.2193,206.6604,221.3475,167.6935
268.8553,205.64,221.3512,167.0691
270.0426,204.3439,221.4137,166.4148
271.6293,204.129,221.0437,166.307
273.6661,202.3248,220.8562,166.1561
277.0092,201.9613,221.6074,165.8624
279.7331,200.52,221.7811,165.8522
280.1423,199.85,221.9307,165.8875
279.8435,199.4959,222.0408,165.6332
278.4085,199.2553,221.8211,165.7032
276.0608,199.0161,221.6872,166.6962
276.4861,201.1609,222.4788,165.8561
275.4151,198.5917,221.8282,166.5985
275.7894,197.8614,222.0117,166.9183
274.5359,198.0865,221.6633,166.9386
272.1001,196.1842,221.2833,167.9874
270.1257,195.7194,220.0339,168.2336
267.2283,190.2687,219.1524,169.2917
268.6007,186.8817,220.0017,168.9793
269.9224,183.6857,220.058,168.6796
270.7957,180.7977,220.1378,168.0113
268.7879,176.0525,220.2984,168.4484
269.3839,173.1044,219.3293,167.9878
268.8,174.2585,218.5334,166.8159
268.1543,170.6188,218.5556,166.0582
269.3221,170.968,218.1559,165.5942
279.5811,169.1623,215.5491,163.8956
288.3309,169.2983,214.0052,164.1174
285.1573,166.1661,215.0832,164.6564
282.4681,164.6295,214.4521,165.2071
282.6089,162.8634,213.8274,164.9941
280.8378,164.8091,213.149,162.7872
285.1516,168.7377,211.328,161.7623
285.9437,172.4429,209.4621,160.4917
288.0369,173.4879,208.2343,160.7174
290.3501,177.4591,206.1799,159.7852
295.7236,186.7156,205.4272,158.4529
297.6732,198.1294,205.86,157.7523
298.6792,208.4137,205.9345,157.4548
298.3813,212.981,206.2226,158.3226
300.4897,223.659,205.9235,158.0073
302.4248,233.5542,205.31,157.1707
300.9802,235.5608,205.3921,159.2133
306.7873,246.0812,204.1262,158.1917
312.7015,256.1464,203.6336,157.9069
311.3445,258.0444,203.8959,158.1165
313.3941,261.3479,204.2413,157.6715
315.077,262.3493,205.222,158.2085
320.5493,265.0164,205.6199,158.5857
322.7149,268.9908,206.4741,159.1191
324.3099,275.7613,207.1265,159.4158
324.3006,276.8159,208.2793,159.9171
327.1158,281.9142,210.3258,161.6004
331.9915,282.1811,211.1115,160.7778
338.7121,283.6431,211.369,161.4955
338.0132,286.2671,213.7081,160.9933
339.3376,287.3838,215.1579,161.5522
340.66,288.8461,216.8295,161.3285
338.4824,290.4297,217.2667,162.0833
336.5525,288.5632,218.91,164.3685
335.095,288.1763,220.4536,164.4882
336.6995,286.4161,221.05,164.0231
335.8671,285.6704,223.4397,164.2839
334.1938,284.6964,224.9651,164.9311
333.1987,283.5477,225.2292,165.9197
331.1744,283.4825,226.2061,166.6032
330.7518,280.5031,226.2001,167.5459
330.7848,278.1833,226.0993,167.6255
329.4177,278.9372,226.9772,166.2074
330.4578,275.0941,226.9986,165.7449
330.161,277.1782,226.0796,165.7322
330.1788,279.1978,226.7071,166.1357
330.4837,282.9552,226.456,166.449
330.7649,286.4764,226.331,166.5409
332.4443,285.8093,226.0531,165.5642
332.323,286.3228,225.9438,166.2396
329.8743,283.7548,226.0475,167.5434
329.6984,281.1298,226.2594,166.7784
333.7589,283.1223,225.481,166.757
334.6165,284.3714,224.7735,166.1712
332.4741,282.4813,225.0098,167.5481
330.588,280.3566,224.7072,167.9278
331.3407,280.5934,223.9751,168.1427
334.1297,279.0801,223.9917,168.4541
336.9452,277.5336,223.9016,169.4379
336.4357,272.9264,223.9524,170.0077
339.1306,269.9751,223.9233,169.6798
347.4079,268.8617,223.7321,168.2007
353.443,280.642,221.6982,166.6583
354.6112,294.8166,221.8098,166.0029
355.4113,298.2515,221.8899,165.5433
356.2904,297.5583,221.8969,166.104
355.0134,302.9019,222.754,165.2082
353.9313,304.0368,222.891,165.7153
351.5235,306.1146,222.2561,165.4878
349.8889,306.5537,222.4325,164.9154
346.5155,306.1475,221.6378,165.3342
357.9701,309.5963,220.8541,163.0708
369.4727,310.1704,219.5512,162.0012
366.553,306.087,219.7512,163.0702
362.7018,304.6342,219.6118,163.5225
360.9321,304.0773,220.6826,164.9517
351.2765,301.003,219.9404,166.3183
343.0762,300.3958,219.5039,166.7605
346.0027,299.411,220.0521,166.3257
358.6825,301.9197,219.3433,164.8494
363.5674,298.4253,219.2141,164.1039
351.8779,290.0638,219.5997,165.6199
340.2564,280.0988,219.6006,166.7322
333.0405,268.5911,218.8092,167.9022
330.7818,258.3019,219.6754,167.5835
326.2402,251.4122,220.0683,168.0343
322.0612,255.8058,220.9722,168.8756
320.7377,255.5238,220.5544,170.5227
320.6437,252.5841,220.5305,171.4694
321.245,247.3781,220.8311,170.9847
334.2323,233.8807,219.4715,169.8054
336.199,213.364,218.6963,169.0231
341.189,191.2774,216.9827,169.4423
348.8127,171.987,216.5535,168.8967
356.2528,151.5739,216.8974,169.2217
360.2975,128.9451,216.064,169.8278
358.3675,116.6131,215.6848,169.0655
357.9873,122.586,214.3034,168.657
369.3195,126.6197,212.3748,167.3739
386.2113,119.1073,212.7253,166.481
382.8423,103.7327,212.9672,166.2887
366.9569,86.3917,211.6727,167.8432
357.4283,72.7883,210.5502,168.9013
357.7352,59.2762,209.6224,167.6914
364.1856,47.275,208.0268,166.6467
368.2793,38.3201,207.4948,165.2681
364.5948,38.0199,204.6351,165.4556
356.2108,43.8465,205.4434,165.3925
350.3685,53.9306,206.0997,165.2168
354.1421,59.319,204.3872,163.596
356.4578,58.6714,203.2596,163.1995
354.4826,53.7262,201.5226,164.5333
355.2392,56.5773,200.3383,164.1647
359.7143,56.9979,198.5862,163.8579
366.4301,62.6886,198.2354,163.4273
370.3623,72.3411,198.3685,163.7409
376.7858,89.4952,197.1379,165.1787
382.4565,108.8259,195.1628,166.3601
388.5229,127.5332,193.4632,168.0727
391.8669,147.4471,192.9111,169.4326
384.5841,161.0662,193.3845,173.0676
393.426,182.4493,191.6342,171.4592
406.5612,189.8479,194.1078,168.7378
402.6317,186.0726,193.0572,169.9974
385.7939,182.9726,194.7539,171.3019
368.0247,181.5983,195.5838,172.8938
365.6648,185.2002,193.0002,173.4811
378.1355,190.1175,193.2948,172.4104
378.4872,186.3151,192.4244,173.8356
369.1878,186.8453,191.659,174.2015
361.745,192.5586,191.3183,174.6772
357.403,195.9901,190.5271,176.8794
352.2073,202.3394,189.7673,177.0956
347.815,210.238,189.3891,177.889
344.4091,216.8293,188.4229,178.4871
343.0722,224.6328,187.3037,178.1142
347.7356,232.549,185.2787,177.8413
353.6618,238.6234,183.9892,178.3937
358.7202,240.3142,182.5625,178.5346
362.3955,239.3056,181.1004,178.5964
365.7606,235.1824,180.1838,180.2807
368.593,232.7695,179.4374,181.0252
368.6798,231.7767,179.7968,182.2574
367.6844,235.1285,179.4995,182.0979
372.4561,240.9437,179.1218,182.3092
375.6669,243.4919,178.0661,181.6729
375.9049,245.3599,176.9512,182.2255
375.3793,250.4488,176.4877,181.9699
366.5464,253.3295,176.4216,182.4404
360.905,258.0206,175.5096,183.2842
365.4839,266.0452,174.0001,183.0509
371.0789,273.0267,172.9772,182.4867
372.2571,277.7086,173.8173,180.8661
370.4285,281.7577,173.4383,181.1052
369.1008,287.5117,172.9163,179.3154
370.0665,289.3272,172.8403,179.1165
370.8341,293.0818,172.5864,178.1099
373.4614,296.0398,172.926,176.7887
377.3966,295.1271,172.4337,176.9688
379.6022,294.7312,170.8134,177.1306
382.6606,297.4377,170.0309,176.412
382.4917,294.4833,168.5054,177.4392
385.6954,292.606,168.2128,177.7144
387.8289,294.2509,168.0787,177.1409
387.8154,292.7785,167.5497,177.3904
389.0622,294.9937,167.3418,176.1082
384.4439,290.9374,165.4931,176.3621
376.9147,289.5495,164.1709,175.5933
370.2345,286.8015,162.3801,174.8468
372.7549,281.8541,162.2901,172.4675
376.2274,271.5403,161.7877,171.0718
377.7665,261.9712,161.4238,169.9494
367.37,257.5779,161.8557,170.4733
362.6691,251.3293,162.0963,169.0517
367.0932,239.9014,161.0493,167.9116
368.8409,230.3961,161.6163,166.5383
368.9476,221.5462,160.9012,165.2729
370.3326,214.9144,160.4128,164.0359
370.749,209.5776,158.7496,162.5108
371.5177,203.8909,157.7982,160.6923
371.4832,198.0771,156.9054,158.9637
371.0942,192.8384,156.2594,157.5976
371.4849,188.9637,154.0307,157.5576
374.8442,187.0276,151.1888,156.1387
378.1172,186.2352,148.8514,155.2413
379.5511,186.0158,146.9241,153.4072
380.3679,185.6006,146.0357,151.8978
381.0926,185.4233,144.2092,149.9181
381.3198,183.3209,142.7779,149.1484
380.3519,184.27,141.4936,147.4459
379.1727,183.9888,139.8648,145.9
376.5415,183.7941,138.7663,144.3482
375.1837,186.3918,137.3744,142.2969
374.7207,184.6329,136.3931,141.4527
368.3771,183.6845,135.6418,140.1243
361.3424,182.8593,135.4809,138.5436
356.0704,182.242,134.5893,137.7343
350.9517,183.6452,134.1195,136.8668
349.2302,185.944,132.4897,135.508
344.3654,184.8329,132.605,134.779
340.8724,184.7576,131.8666,134.0004
342.0638,184.8724,131.3806,132.5038
332.4075,183.0992,131.7751,131.8882
330.313,185.0566,129.9623,131.1276
325.5401,184.8454,129.7249,130.1867
325.7065,188.235,128.2191,128.3076
322.2885,187.4839,128.2348,127.5969
318.5753,188.212,127.7077,125.9891
313.3401,189.0403,127.0719,125.4142
308.2966,190.2834,126.081,124.6464
305.7551,192.7833,124.6398,123.8969
310.6332,198.5211,124.1995,122.7601
318.4711,203.0498,123.2455,121.1124
324.1713,205.2388,123.041,121.0669
329.1997,206.3429,121.9843,120.7659
336.8233,206.067,121.2389,120.6871
335.0496,204.0488,119.9325,121.195
330.1299,202.502,119.0649,121.3688
325.4039,202.0431,118.4823,121.0176
321.0045,201.5079,118.3099,120.6598
316.9942,200.6184,117.9693,120.9121
312.2022,200.3536,117.3096,121.303
308.5499,197.4643,116.6965,122.3059
306.7971,197.112,115.5898,122.2118
305.1376,196.6264,115.4233,122.6967
309.3779,199.1421,115.1507,122.0113
314.9792,198.5651,114.3764,123.559
315.5572,196.5807,113.8329,124.1758
316.445,194.179,113.861,125.1925
318.0297,191.4617,113.4114,126.2879
323.0998,190.8954,113.0663,125.7858
328.6394,188.7803,113.2525,126.5976
335.3131,187.8237,112.8689,126.6461
341.5136,186.1412,112.2093,126.9302
345.1069,184.3126,111.4052,127.5786
347.681,183.7936,110.4411,128.601
361.0217,187.3081,108.5419,128.9059
365.8516,185.2352,107.5045,129.6997
369.378,184.7358,107.6607,129.1497
374.0918,182.7831,106.808,129.5951
376.3802,180.9365,106.6125,130.0526
374.8786,180.5365,107.0239,129.9072
373.1562,179.0155,107.5896,130.6962
370.5629,177.6575,107.3593,130.8523
368.3499,175.9553,108.0692,131.4005
366.6916,174.7028,107.7075,131.2993
366.7747,172.5811,107.5921,131.9095
367.803,171.9997,107.5914,132.1848
365.8105,170.7467,106.7424,132.861
365.8888,169.7251,106.0461,133.8729
366.1117,168.4294,105.3955,133.8724
366.2774,166.6306,104.2393,135.6361
365.0993,167.2047,104.4524,135.1855
363.7579,167.2805,104.6083,135.4778
362.9358,167.0558,103.8518,135.9519
362.2962,167.4323,104.534,136.8498
360.1129,167.2872,103.7976,136.9675
359.2655,166.8102,103.5768,139.2323
357.8398,168.1384,103.6927,138.5257
356.387,169.4354,103.5008,139.4409
355.3801,170.4654,103.162,138.232
353.2246,172.258,103.3536,138.271
349.2916,171.5707,103.8105,138.7417
348.4234,175.7483,104.1169,138.0068
348.3443,179.3624,104.2844,136.7311
345.2829,181.4929,103.8993,135.4099
343.5746,181.8008,104.2974,135.2882
340.8966,184.334,103.9127,134.8597
340.3969,184.7028,103.0023,135.7687
330.2287,186.5696,101.5808,135.3921
331.4729,190.8705,100.2488,134.9652
330.5601,190.9909,99.1358,135.0939
329.9369,193.49,98.8719,134.4823
329.933,197.0543,99.5707,133.9741
327.7571,198.3487,98.7926,134.4132
326.4181,201.5186,99.1554,133.3987
324.0813,203.9509,98.4325,132.6203
324.5455,205.6155,97.5992,132.9814
321.8724,207.1343,96.8805,132.3289
321.3531,211.0342,96.2322,131.7083
318.676,212.7974,95.7152,130.7677
318.8197,215.6727,94.7342,129.6136
314.9682,217.6717,94.6928,127.7732
316.6314,220.0633,93.7024,126.0642
314.6127,233.2697,94.5457,121.6022
311.379,234.832,94.0177,119.4835
312.0837,235.4186,93.4719,118.9958
309.2006,238.6044,91.6555,118.9795
309.1853,250.6797,91.605,115.779
309.8011,251.2072,90.3782,114.3733
309.4216,255.0157,89.1298,114.035
307.8211,256.1272,87.3476,114.1569
308.2886,261.004,86.4511,112.459
309.7839,263.3534,85.6008,111.2074
309.9124,267.4719,84.9993,109.3062
309.9023,269.1275,84.4749,109.3046
309.1024,272.6563,83.6743,108.0371
308.1423,283.1931,84.8303,103.7014
303.5875,283.3801,83.8724,102.9003
298.983,284.4605,82.8063,102.4138
287.9863,286.8464,82.0247,100.9966
285.1912,289.2674,80.7902,101.0978
282.1191,288.8616,79.4062,101.1219
279.4719,292.4583,78.1439,101.2008
269.6456,296.2032,77.7182,100.0647
267.7468,297.4788,76.5043,99.3813
266.9764,301.0664,76.2303,98.0269
262.4978,302.0676,75.6198,97.3454
262.1806,305.9054,74.9288,96.5809
261.3952,308.2201,74.4536,95.1294
260.2777,309.917,73.5184,94.5622
258.3675,310.3047,72.4738,93.7533
258.4437,314.1375,71.7678,93.1218
259.4248,314.7716,70.713,92.7041
260.0592,318.3741,70.2882,91.5311
259.9427,321.2288,70.2862,89.6804
260.4902,323.3445,70.0323,87.9124
261.7561,324.1047,69.5854,87.3038
268.7166,327.1829,69.4048,86.5683
268.7225,329.1179,68.7212,85.6959
269.2753,330.7784,68.468,84.3392
270.1144,333.5967,67.3614,84.4428
270.1563,333.3523,66.6804,84.3605
271.1516,335.3867,66.0303,84.4146
272.1532,334.6579,66.041,84.6548
272.4026,337.2806,65.8774,83.4332
272.2486,336.6348,65.9607,82.7284
273.3441,339.625,65.1642,82.5325
279.0729,340.355,64.9394,82.8079
275.9653,341.3865,64.6832,82.4485
275.4051,343.028,64.5535,81.4555
274.4575,342.5576,64.7028,80.321
274.766,343.1559,64.2991,79.2846
275.5259,341.3765,63.721,79.467
276.4753,343.6194,63.7313,77.8742
276.5434,343.3666,63.7812,77.2725
282.4768,345.0875,64.2569,76.2172
288.2745,345.7857,64.9248,75.5087
288.3382,347.1248,65.0042,74.6591
293.9751,348.5356,65.1075,74.4179
293.0139,349.1888,65.3094,73.5013
298.2249,350.7827,65.1747,73.7474
298.9078,342.3753,64.0266,75.7213
300.075,345.1636,62.5947,76.5029
310.5423,339.1356,56.6252,82.9544
305.766,338.8603,53.5057,86.8395
308.1485,333.4055,51.5306,89.162
309.6382,332.5265,49.5619,91.1017
311.2259,321.2298,47.7207,92.8662
310.6918,323.3055,47.0015,92.8511
309.8739,319.0446,46.4938,92.1812
309.4414,317.3828,46.4633,90.6062
309.4926,313.0719,45.9584,89.7379
307.5717,308.8472,46.6305,89.2874
308.0846,306.8168,46.3168,89.3229
300.5508,303.2392,46.3405,89.5305
298.9385,301.1528,45.2074,90.2576
298.7825,298.517,45.4364,89.2497
299.6349,297.2549,45.5734,88.5184
299.6775,293.8705,45.3565,88.2916
298.5959,291.0692,44.4078,88.2165
298.3525,289.1186,43.9724,87.1244
298.7217,287.1297,44.0351,86.2106
300.651,286.3504,43.9088,85.0977
300.5428,282.862,43.8831,84.4984
294.6871,282.3657,44.2659,83.9806
294.1527,279.43,43.4307,85.6582
293.2121,278.4595,42.7293,85.6569
293.0259,276.3847,42.8347,84.6376
293.2877,276.3884,43.1592,83.7655
293.5022,275.6568,43.3418,82.8119
293.3686,274.255,42.4499,82.9081
292.8615,273.6687,42.4754,82.1984
291.7381,271.1878,43.6478,81.3274
297.6337,269.4666,42.8956,81.4132
296.7673,267.1461,43.1826,80.9426
295.8973,268.4068,42.9848,80.1618
293.5457,273.8083,45.9001,76.99
295.6326,272.183,45.9681,76.5232
295.8735,268.1457,45.9743,76.55
297.288,266.8261,46.255,76.047
296.5051,264.8755,46.3196,76.1071
288.6145,265.5819,47.8306,75.2144
289.0556,263.0863,47.8837,75.1792
280.396,263.2698,49.7791,74.1385
278.2287,261.4298,50.7062,73.7487
276.0605,258.6774,51.3503,73.8605
275.5579,257.9692,52.067,73.603
275.2276,256.0792,52.8771,72.7937
274.6842,255.6808,53.2029,72.5129
274.2119,252.9477,53.5677,72.3993
276.2753,253.2243,53.2734,72.2918
275.8712,249.874,53.8181,72.26
273.6403,248.527,54.9917,73.2441
275.6294,247.069,54.8157,72.791
277.5413,244.2807,54.2965,73.1365
282.9736,242.3483,54.2773,72.9844
284.0112,239.6825,53.7589,73.6832
289.9801,239.7782,53.8055,72.6634
289.5914,236.4296,54.1836,72.5917
295.9653,236.335,54.0289,72.2836
297.5161,235.0995,53.7552,72.2938
304.6776,232.7286,53.5949,72.4683
304.7356,230.8367,53.2859,72.1164
304.6207,230.8271,54.1459,71.4373
311.5841,229.0063,54.0724,71.3372
314.125,227.4103,52.8091,71.7737
320.0394,226.5761,52.8788,71.7825
321.7989,226.3671,52.5197,71.6493
329.7644,231.1694,52.4982,70.1161
329.4565,230.0456,52.928,70.133
337.1958,233.7906,52.2993,70.5486
338.9011,232.6277,51.9204,70.3502
335.6552,233.4724,54.069,69.8607
345.3067,236.6286,52.9732,69.5676
347.9152,232.9027,51.0237,71.098
350.5404,238.9109,50.3746,69.7517
353.6453,233.7245,49.2741,70.9447
354.9887,235.8077,47.4599,71.6469
353.5758,236.4627,48.7667,70.0357
355.3667,241.5519,48.6297,68.3066
355.6938,239.9805,49.0221,67.6295
354.2402,239.5817,48.9407,67.8485
354.9827,240.0273,48.5442,67.2241
351.2416,240.682,49.7416,66.4544
354.1826,243.7634,48.722,65.5322
359.854,240.2868,46.3766,67.3355
359.8487,246.3475,46.0691,66.2294
361.825,244.0685,44.697,67.1595
364.892,248.2638,43.6338,66.8898
363.928,245.8798,44.5718,66.3123
366.9171,248.4319,43.1896,66.1922
367.5746,247.6161,43.7035,65.1767
365.906,247.4484,45.0212,64.3313
367.4034,249.1487,44.6917,63.6195
364.4219,247.0646,45.9468,63.0192
367.0788,247.3473,45.1813,61.9561
369.3059,246.3828,44.0292,61.573
372.1008,247.0247,43.3054,60.3767
370.9444,243.1378,41.8531,61.2987
372.1188,243.6184,40.9459,61.0168
370.5583,242.9291,41.5172,59.7814
375.9677,241.0682,40.2811,59.7268
377.2103,242.0659,40.2074,58.714
376.6848,242.3717,40.7958,57.5032
379.2748,241.8551,40.2056,56.3078
378.405,241.9819,40.8987,55.5466
381.8228,240.154,39.6775,55.3896
383.8584,239.4652,38.8261,55.0922
385.034,239.237,38.2242,54.6128
386.2835,236.6147,37.0276,55.4384
386.9864,236.3933,36.2683,55.9368
387.2992,235.1011,36.744,55.1851
386.5263,233.803,35.5978,55.3778
383.4567,233.43,34.9187,56.1759
383.1589,235.9505,34.2925,55.7227
378.5604,235.2515,33.5678,55.6843
374.1382,237.3414,33.0052,55.5196
372.8442,237.237,32.0601,55.1046
364.6863,237.7267,34.0623,54.0146
364.0562,237.2697,32.6505,53.9693
360.6219,236.2758,32.0172,54.2128
356.3912,237.4654,31.8905,54.1176
357.3,236.4144,31.1123,54.8667
356.5395,239.1802,30.6261,53.8616
354.97,242.2317,32.2183,51.1449
354.5075,241.8724,31.6401,50.673
354.5281,241.6284,30.8683,50.6158
354.7705,244.7923,30.6092,49.8203
355.3855,245.4114,30.9423,48.5148
354.8123,245.6091,31.529,47.9389
356.0532,247.184,31.6836,47.2709
357.253,246.1371,31.7859,47.5228
358.5065,250.5853,31.5084,46.6011
362.3612,249.6679,31.1014,46.2726
363.1193,249.0944,31.0128,45.3003
366.5312,247.3459,31.0542,45.0973
366.6949,247.2318,30.8987,44.5033
367.6689,245.8784,30.8429,43.4947
368.7544,239.0696,31.0109,41.8657
369.7713,232.9711,30.6631,41.4747
374.2205,229.9355,30.6317,40.742
375.4703,227.9425,30.0361,40.4164
378.9796,227.2703,29.7569,40.9832
383.618,225.5519,29.4789,40.1098
388.2518,223.5675,29.0018,39.9291
391.6307,221.6064,29.0509,39.0967
395.1673,218.6168,28.4805,39.3092
400.014,217.2694,27.9225,39.3088
404.1045,217.1396,27.6545,39.0882
408.0753,215.4724,27.502,38.9952
409.4671,215.164,27.2218,38.7946
413.746,215.3481,27.462,38.6032
415.8316,215.4342,27.3652,38.2686
419.5398,214.9193,27.7348,38.1508
420.132,215.6285,27.694,38.0237
420.3039,215.1257,28.0026,38.0252
420.461,216.1151,28.3064,37.7609
420.301,215.5056,28.4878,37.9396
419.9619,215.5016,28.7465,37.686
419.6809,213.6878,28.5953,37.5566
419.5899,213.8135,28.7272,37.4049
419.4535,213.2554,28.585,36.9622
418.6091,213.078,28.4476,36.6423
418.4585,211.628,28.3173,36.3067
418.607,211.5455,28.1633,36.4189
418.5741,210.7361,28.0961,36.0837
419.0436,211.0499,28.1131,36.098
421.6293,210.0298,27.9554,35.8245
422.4838,209.5365,27.6884,35.9278
425.3028,208.8359,27.4655,35.6276
428.8011,206.0998,27.2156,35.2941
429.2116,204.6855,26.9109,34.9547
432.6962,203.4725,26.6241,34.7727
433.7862,201.6281,26.3684,34.4009
437.8066,198.9661,26.4305,33.9108
441.7397,196.4366,26.1123,33.7015
444.8207,194.3534,25.9246,33.6345
448.0335,193.2424,25.6672,33.8028
451.1419,191.1512,25.2659,33.8865
454.6192,185.2867,25.4139,33.5641
457.911,183.1144,25.4756,33.1699
446.2517,177.3581,25.0408,33.5463
438.0238,174.8031,25.0128,33.422
440.5386,172.7244,25.1585,33.4783
439.6874,170.5542,25.5844,32.9026
438.7869,168.3615,25.6834,32.7905
434.4707,167.6734,25.4248,32.8148
429.8787,166.9439,24.8207,33.2736
422.026,165.0689,24.4768,33.486
416.5215,164.3028,24.4966,33.3732
410.9215,166.0449,24.4152,33.3108
409.8927,161.1091,24.6784,33.2113
404.9855,159.918,24.3755,33.4824
393.7611,158.4126,24.3933,33.7246
385.7263,157.2637,24.6087,33.5738
378.6153,157.9475,24.503,33.5323
373.0435,156.6305,24.2072,33.6125
371.3339,156.1211,24.2553,33.6027
380.4968,157.6121,24.8764,33.2475
386.8104,155.6523,24.9442,32.9788
393.6477,154.8006,25.313,32.4566
411.1188,157.0516,25.4813,32.0619
414.8099,156.8747,25.2919,32.2144
403.0834,155.3529,25.3756,32.4119
2
0
0
0
0
1
370.3682,158.6435,18.7694,22.2373
377.86,157.5384,19.0488,22.1399
387.2554,156.2208,19.3343,22.3164
392.9308,155.4373,19.499,22.6484
398.6245,154.2406,19.8667,22.8695
399.6397,153.6742,19.5838,23.0407
396.6911,153.246,19.2309,23.2691
391.5538,152.5004,19.0383,23.7014
383.7662,151.8914,18.9016,23.5292
378.6138,150.994,18.6747,23.4537
373.4586,151.1096,18.6814,23.6765
366.2437,150.4527,18.7869,23.6248
361.3719,150.6393,18.8122,23.62
356.173,152.9694,18.7264,23.7788
351.2092,152.8895,18.9082,23.75
346.1131,152.9832,19.2351,23.736
341.3029,153.7807,19.8026,24.0256
343.0548,155.0623,20.0837,23.4429
344.5196,155.5161,20.3021,22.8671
346.574,156.4276,20.5954,22.7047
348.1058,155.9986,20.6216,22.5456
350.7943,155.5012,21.1791,22.3303
354.0017,154.432,21.8015,22.3201
357.0633,153.0955,22.5525,22.7132
362.8748,151.3156,22.8609,23.3551
368.5037,149.8294,23.518,23.6527
373.9714,148.1254,23.5198,24.1249
379.819,147.3759,23.957,24.0369
383.8285,146.858,24.2076,24.2898
386.5159,146.4107,24.6867,23.9959
389.3894,146.7706,24.8284,23.8624
392.2121,147.2061,25.049,23.5496
395.6179,146.4085,24.9315,23.768
399.2061,146.5475,25.913,23.6986
402.1604,147.2399,25.912,23.7172
405.7378,147.4764,26.4011,23.7039
409.0426,147.5058,26.6092,23.7603
411.4719,146.7536,25.6431,23.9327
411.2705,145.9375,24.7103,24.5528
410.1622,146.3659,24.5309,24.6725
408.8721,144.7401,24.0351,25.2295
407.671,143.7615,24.1114,25.1624
405.1146,143.2187,23.8756,25.2324
403.3364,142.9533,24.1481,25.2011
401.6012,142.5551,24.482,25.1507
400.25,141.6905,24.1809,25.3529
398.4249,140.9481,24.3902,25.3494
397.2326,140.3278,24.3486,25.1642
396.0407,139.7883,24.1521,25.1484
394.6061,139.8794,24.4025,25.1449
393.6606,139.9238,24.2529,25.0167
392.6674,138.8818,23.8612,25.4062
391.0896,140.0709,23.7951,25.1717
389.3537,140.2152,23.3784,25.1426
387.5949,140.7061,22.5748,25.1293
385.8819,141.413,22.1108,25.1151
384.685,144.6778,21.3684,24.9578
382.9112,145.4497,21.3008,24.5774
381.4874,147.9994,20.8438,24.4811
380.0368,148.8278,20.2769,24.3209
378.883,149.4215,19.8707,24.2178
377.1374,150.4442,19.6228,23.7615
374.8604,151.1845,19.4277,23.5032
370.8536,153.4323,18.7216,23.4047
366.2466,152.8533,18.4999,23.1257
361.8576,152.2886,18.2133,22.957
359.3399,151.8369,18.1336,22.8015
357.1047,151.597,18.0587,22.4781
353.4721,152.2862,18.421,22.0296
