1
276.72,73.0779,21.7935,68.3161
276.6359,73.0312,21.9617,68.4096
276.7745,73.4889,21.6845,67.4941
276.5435,73.5812,22.1466,68.5826
275.8602,74.451,22.2162,68.14
275.7765,74.1413,22.3837,68.7594
275.7603,72.856,22.416,68.7224
275.5155,72.167,22.9056,68.7964
275.4261,72.3096,23.0844,68.5112
276.1501,72.5051,22.9495,68.1202
276.0475,73.5047,23.1548,67.4261
276.0423,73.4975,23.1651,67.4405
276.9068,72.768,22.7355,67.6003
277.2724,72.8169,22.0043,67.5025
277.4392,73.0725,21.6707,66.9912
277.2135,73.035,22.1219,67.0663
276.432,73.4922,22.41,67.4267
276.2939,73.0297,22.6862,68.3517
276.3427,72.2,22.5886,68.7077
276.2419,72.2725,22.7903,68.5627
276.4193,72.4859,22.4355,68.1358
277.2169,73.4463,22.1361,67.5108
277.1692,73.2057,22.2316,66.7105
277.1471,72.6437,22.2758,67.8346
277.2627,71.5306,22.0446,67.4834
277.5129,71.0328,21.5442,67.1995
277.3675,70.72,21.835,67.825
277.0206,70.7618,22.5287,67.7414
276.8692,71.2904,22.8315,67.9763
276.818,70.9356,22.9339,68.6859
276.8375,69.4281,22.8949,69.0753
276.6592,69.0378,23.2516,68.5381
276.8339,69.7934,22.9022,68.3434
277.0447,70.6207,22.4806,67.9962
277.3499,70.4405,21.8702,68.3567
277.4581,70.2573,21.6538,68.7231
277.6644,69.5722,21.2411,68.8034
278.5083,69.7284,20.8368,68.4908
277.3372,69.8628,21.9075,68.2221
277.8757,69.6848,22.118,68.5782
278.0069,70.2477,21.8555,70.0451
277.9614,69.0431,21.9465,71.1419
277.1063,68.2747,22.3271,71.3491
276.8317,68.2547,22.8763,70.0495
276.6656,69.5267,23.2085,68.8366
276.9234,70.5858,22.6928,69.3583
276.5398,71.646,22.142,68.5561
276.7687,71.3696,21.6842,69.1088
276.7232,70.7445,21.7752,69.063
276.5425,70.2441,22.1366,67.4699
276.1925,71.2342,22.8368,66.7707
276.6329,71.5895,23.2396,66.06
275.774,70.7166,23.6766,67.8059
275.7623,69.811,23.7,69.6171
275.5622,68.7604,24.1001,69.0382
275.1015,68.529,25.0215,68.1618
275.019,69.0416,25.1865,67.1366
275.1243,70.6928,24.976,66.4971
274.7232,71.3325,24.4598,66.5361
275.0872,70.9993,23.7317,67.2026
275.4942,70.6048,22.9175,67.9915
275.6183,70.8983,22.6694,67.4045
275.4363,70.9057,23.0335,67.3898
275.8033,70.3007,23.5956,67.3035
275.2567,71.2257,24.6888,68.0638
274.2423,70.4867,25.3818,69.5419
273.7401,69.2877,26.3863,69.201
272.8927,69.624,26.6984,68.5283
272.878,70.4034,26.7279,66.9695
273.2031,72.1469,26.0777,66.1956
273.7694,72.0948,24.9452,67.6335
273.8899,70.9776,24.7041,68.5338
272.9011,69.7224,23.996,69.7014
273.0014,70.8034,23.7956,68.8861
272.9173,70.1334,23.9638,67.5633
272.6927,70.4259,24.4129,68.2938
272.1833,71.4296,25.4317,68.9546
271.7509,69.5957,26.2965,69.8987
271.2482,68.4784,27.3018,69.3513
270.367,68.575,27.6633,67.7569
270.2747,68.6038,27.8478,66.3148
270.3971,68.9503,27.603,65.6218
270.0728,68.8915,26.8992,65.7393
269.5687,69.0586,26.5654,65.4052
269.0209,69.0252,26.3299,65.4721
269.1932,69.8185,25.9854,65.2132
269.0872,70.0611,26.1975,64.7281
268.7469,71.7686,26.8781,63.9427
268.4759,68.685,27.4201,63.5326
268.2581,70.5372,27.8556,63.7853
268.2041,70.751,27.9637,64.6881
268.1421,70.8804,28.0876,64.4292
268.4018,72.6794,27.5681,64.8626
272.3292,73.716,27.7589,64.1303
267.8774,83.9481,27.327,67.6721
268.062,81.5582,26.9577,71.0747
267.949,81.4289,27.1837,74.1728
268.5089,80.0853,27.5323,76.86
268.4938,79.6947,27.5625,79.1543
267.7961,79.5942,28.9577,80.9015
267.1109,79.1629,30.3282,81.7642
265.6911,77.7742,31.5342,81.2741
264.2661,75.7254,32.7359,80.4271
263.6943,76.8493,33.8795,81.4941
262.4799,77.7039,34.6151,81.478
261.4627,77.1704,34.9437,82.545
260.6255,75.6926,34.891,83.7736
260.8977,75.1869,34.3465,84.7849
260.3353,73.5222,33.7224,86.3653
260.0192,71.3813,34.3545,87.1258
258.7198,71.8259,35.1705,88.0196
258.7643,72.5143,35.0815,88.4531
258.7293,71.6076,35.1514,88.4516
258.6483,71.7521,35.3134,88.1626
258.6548,71.5649,35.3004,88.5369
258.6265,72.0688,35.357,87.5291
259.2731,73.3273,35.8703,86.8187
260.979,72.653,36.0694,86.362
261.065,71.5825,35.8973,86.7007
261.9194,69.9007,35.9925,86.4559
265.647,70.2595,35.7466,87.5407
266.4206,71.3131,36.0128,89.0605
266.8962,71.8644,36.9019,89.7982
269.5524,70.7149,37.1896,90.2305
269.5467,70.6396,37.2008,90.3811
269.6514,69.6432,36.9914,90.4937
269.8557,70.2193,36.583,91.2196
270.7142,70.5382,36.7474,90.5819
270.3688,71.7618,37.4383,90.01
271.4996,70.9018,37.0558,89.8506
271.7111,70.74,36.6328,90.1743
272.7248,69.8961,36.4728,89.9948
273.7784,69.6911,36.2275,90.4047
273.5943,71.4339,36.5958,90.6461
274.2184,72.3644,37.221,90.6586
273.1226,71.3585,37.5278,90.7855
274.7791,68.677,37.9988,90.4725
274.6693,68.6104,38.2184,90.6058
274.5638,68.4294,38.4295,90.9677
276.8956,69.3356,37.5872,91.0659
276.7732,69.2362,37.8319,91.2648
276.6777,69.0728,38.0229,91.5916
276.7111,68.4547,37.956,90.9152
276.7346,68.2224,37.909,91.3798
277.5059,70.2516,38.2738,91.1363
278.8687,70.5613,39.3689,90.5169
278.9139,71.922,41.1991,89.7161
278.6662,72.0537,41.6944,89.4527
278.2142,71.2368,42.5983,89.1407
277.9674,70.7174,43.0921,88.2224
277.8232,72.0472,43.3804,87.5149
278.1437,73.162,44.6861,87.232
277.8164,73.0065,43.3758,87.5429
279.1258,71.7094,42.7039,88.1902
279.9218,69.0473,43.0569,87.6797
280.7793,69.1227,43.2854,87.529
281.5216,69.3248,43.746,87.1247
281.4458,69.0557,43.8976,87.6629
281.2694,67.0633,44.2504,87.7322
281.6467,65.8221,43.4959,88.2496
280.7453,65.0596,43.3392,89.7748
280.7603,63.2716,43.3091,91.3715
280.8537,62.6544,43.1223,92.6059
281.5996,62.1571,41.6305,93.6005
282.2428,60.7173,40.3441,94.4752
284.1163,58.9113,38.5924,94.0967
284.5358,57.9578,37.7533,94.0451
286.1304,58.5476,36.5073,94.8084
288.1055,59.1567,36.4207,95.5222
286.8369,60.7441,37.0174,96.2284
286.8899,60.5764,36.9114,96.5638
286.7364,58.0727,37.2184,95.6783
286.6576,59.0121,37.376,95.7565
285.0833,61.6391,38.5635,96.3856
285.8429,62.4502,39.0357,96.7547
285.5278,61.4887,39.6658,96.6728
284.5563,60.327,39.5938,96.9812
284.4698,58.9232,39.7669,95.7525
285.3438,56.6849,40.0224,94.2186
287.0472,58.3549,38.6013,94.8502
288.2554,62.5764,38.1546,96.2562
288.6841,62.338,37.2973,96.7329
288.7972,60.2309,37.071,96.9999
290.0782,57.5035,36.4825,96.5342
290.1714,56.3001,36.296,95.0286
290.6195,58.1896,35.3999,95.1122
290.9504,61.5052,34.7381,96.1463
290.966,62.218,34.707,96.64
291.2396,62.0524,34.1597,96.9711
291.2031,58.5817,34.2327,96.2303
291.0229,55.2194,34.5932,93.3982
290.7706,58.4631,35.0978,90.6654
291.8989,63.5075,34.6881,91.6588
292.132,63.5014,34.2219,93.525
292.4935,61.6464,33.499,95.3628
293.4195,60.7078,33.5326,95.3544
293.6473,60.59,33.0771,95.5899
293.9305,61.3338,32.5106,95.9834
294.2525,61.6359,31.8665,97.2557
294.4538,62.1355,31.464,98.1395
294.4021,61.5092,31.5675,99.3921
293.8745,59.8049,32.6226,98.9852
292.6576,56.6928,33.135,97.524
292.8148,58.8169,32.8206,95.1857
292.8152,62.049,32.8199,96.2046
293.8112,63.2137,32.7131,97.6459
294.1129,63.4011,32.1099,99.175
294.2543,58.5664,31.827,99.2711
294.1716,59.4579,31.9924,99.399
294.3544,60.6995,31.6267,100.7472
294.2587,61.8619,31.8181,102.2786
294.2042,62.2353,31.9271,103.4851
293.9985,61.6702,32.3385,104.6154
293.7376,61.0697,32.8605,103.8203
293.436,58.0523,33.4635,101.8773
293.013,58.5751,34.3095,98.8538
292.9564,62.1601,34.4227,97.5343
292.993,64.4678,34.3496,98.7193
294.0145,62.8024,34.2555,100.101
294.3418,61.6994,33.601,100.3399
294.437,60.3146,33.4107,99.1926
294.5452,60.4603,33.1942,98.9011
294.4429,60.8156,33.3988,98.1906
294.2463,63.4583,33.792,98.6776
294.0639,62.6119,34.1567,100.3705
294.0535,58.5471,34.1777,100.6237
293.645,54.7705,34.9946,98.3116
295.1016,56.7027,34.0363,96.4021
296.3194,59.1854,33.511,95.2571
296.6006,64.5171,32.9485,95.8997
298.1246,63.5941,31.7839,97.7457
299.3946,60.9409,31.1321,99.2755
299.7253,60.128,30.4707,99.0032
300.0773,60.3306,29.7667,100.4801
301.5017,61.2153,28.8078,100.6006
301.16,66.0386,29.4914,100.3231
301.1596,64.9647,29.4922,100.5883
300.8396,62.028,30.1322,100.8026
300.6534,57.6152,30.5044,98.2204
301.4866,57.6219,30.7096,96.3355
302.2315,59.371,31.0685,94.6858
299.8335,63.5017,30.3692,95.5829
300.7108,65.7223,30.4464,96.6368
301.9132,64.1277,29.8897,97.978
302.5519,60.3671,30.469,96.2151
302.8619,61.8521,29.8489,96.9301
303.7586,64.7655,29.8967,96.6267
303.0381,65.3847,29.5,97.2262
300.1595,65.687,29.7403,96.6216
299.773,65.1473,30.5134,95.8661
300.5305,62.4065,30.8367,95.8329
301.1495,62.1154,31.4426,94.5713
300.9934,62.4853,31.7548,93.8315
300.3599,68.4407,31.1896,94.7452
301.5797,66.0311,30.5847,95.8949
300.9507,68.3046,30.0027,96.8679
301.1586,64.3571,29.5868,97.3903
301.0965,67.9787,29.7112,97.5186
300.9479,66.5534,30.0083,98.5223
299.0075,68.5799,30.1558,100.0694
299.604,65.7847,30.854,99.9858
299.4953,64.4081,31.0716,100.8359
301.4454,60.9303,31.0095,100.1149
301.1723,60.5931,31.5557,98.8816
298.8979,62.6782,32.304,96.6117
299.9352,71.6596,33.9928,93.7026
300.1899,70.7138,33.4833,93.7233
303.9711,52.0574,35.2305,90.0743
298.8922,70.7235,34.3428,91.4016
306.8161,52.4653,36.9362,87.3474
294.7483,67.7468,35.4261,89.7574
300.2289,66.0813,33.6641,91.2485
301.9619,48.2649,35.6872,86.6276
295.2268,72.9992,34.7627,87.5405
299.8494,69.8777,32.7019,90.1912
299.2878,71.7367,33.825,88.2705
303.8496,74.4445,37.2304,84.6447
298.2943,82.136,37.5542,83.6443
298.7236,80.8557,34.9066,86.2049
302.8834,55.0966,35.484,84.3414
299.2019,74.9266,34.0334,86.9858
301.4326,59.8979,34.8974,85.0913
296.5715,69.129,34.0407,86.0238
296.5826,68.3848,34.0185,85.7509
303.7962,51.4712,37.1618,80.923
301.4552,51.8022,38.3589,78.5186
289.6756,49.4516,39.4527,76.3073
291.8147,80.7103,38.6033,77.2247
291.6968,83.3645,38.8391,77.0563
292.0737,86.925,38.0853,78.51
293.5213,86.8792,36.9133,80.3248
297.7594,61.1919,37.0842,79.8168
298.1341,59.9594,38.0598,78.8319
293.6101,69.8227,38.4701,78.1081
295.47,76.2369,36.4744,80.7959
295.6993,78.333,36.0158,81.7895
294.8457,74.5806,35.988,82.3542
295.41,83.6224,34.8593,86.9263
295.4441,79.9302,34.7911,88.9439
295.8473,76.6074,33.9848,91.9558
295.4338,76.2765,34.8117,92.6177
291.8909,85.0667,36.2876,93.7371
291.5967,83.5577,36.8761,94.8427
289.8664,82.3059,38.3976,95.4074
288.2337,75.3689,39.6889,97.4361
288.1416,75.159,39.873,99.8823
286.7861,74.1198,40.5191,101.9607
287.1599,74.3202,39.7715,105.7727
281.6353,77.6872,40.0813,111.9261
280.8825,72.7472,41.5869,115.0812
279.9563,67.6159,43.4392,113.7738
279.5712,68.8252,44.2095,113.6837
277.8245,72.7288,45.3618,115.2408
274.3418,79.982,47.5591,117.4227
272.3113,78.277,49.1656,120.8327
271.2321,73.2706,51.324,123.2484
266.5618,71.9579,52.8479,125.8738
266.0315,73.0871,53.9086,128.9564
265.8158,75.6327,54.3399,132.0665
266.8379,73.9812,55.0822,135.3695
266.6336,72.3563,55.4907,138.6194
266.6372,67.0377,55.4835,137.6511
266.4761,66.5282,55.8057,138.6701
264.3854,67.0751,57.0795,140.4839
263.4963,68.9352,58.8577,142.6767
261.3552,70.0118,60.1201,143.5433
261.169,67.4867,60.4924,145.5388
260.5447,62.8665,61.7411,145.5091
262.1814,61.709,61.5795,144.7125
258.9059,62.5748,61.9358,146.0782
247.275,71.5094,66.4572,143.826
247.0974,72.2808,69.9825,145.4532
247.6571,69.6524,72.1182,147.455
249.4996,65.6245,71.7547,148.8677
250.7981,64.076,69.1577,148.6288
252.346,64.9968,66.0618,150.0745
253.6525,67.3186,63.449,151.9388
254.3408,68.4818,62.0723,152.8474
254.583,66.0805,61.5878,154.4264
253.7868,61.3948,63.1803,154.0846
252.8539,62.0167,65.0461,152.8408
244.45,64.2349,68.7491,151.6805
241.3283,65.3008,71.668,152.8732
240.2294,64.4453,73.8658,154.5843
242.8196,64.1129,75.5975,155.2491
243.1818,61.7397,74.873,156.4996
244.1896,60.4263,72.8575,155.6249
245.8787,60.215,69.4793,156.0476
247.2798,62.5642,66.677,158.1507
247.9152,67.0336,65.4062,159.3575
248.2038,66.7301,64.829,159.9645
250.2087,64.2793,64.1944,161.4908
249.6029,59.4796,65.4061,160.9322
248.5806,59.6628,67.4508,160.5659
240.4471,62.613,69.9958,161.5264
241.7935,62.8286,70.7922,161.0952
243.4519,62.7535,70.9727,161.2453
245.3937,61.0437,70.5914,161.1626
245.9685,59.6994,69.4419,160.3566
248.1095,59.9855,68.6224,159.7843
252.9553,60.6035,65.8106,161.9883
253.4856,65.6872,64.75,165.5086
252.9695,65.2573,65.7821,166.3684
252.9642,64.3324,65.7927,168.2181
254.2002,62.6337,66.8321,168.1043
253.0197,59.4667,69.1931,167.3817
252.4906,60.4323,70.2513,169.0104
251.6658,61.3595,71.901,170.7582
251.1917,63.7153,72.849,169.7031
254.7862,64.0464,72.9763,169.0408
254.5134,62.6539,73.522,168.1752
254.8027,61.2907,72.9432,167.2537
257.3902,60.3425,71.3924,169.1502
263.1745,63.9304,70.6969,172.8473
263.3177,62.8109,70.4106,175.0864
264.1268,61.8296,68.7923,177.049
264.6805,60.9484,67.6849,178.8113
264.3718,54.9539,68.3024,176.0105
264.3445,58.6854,68.357,175.8842
263.9397,62.5016,69.1667,175.5866
265.9907,61.2943,68.7421,174.3237
268.2423,65.4664,67.8909,176.9352
270.5404,62.7982,66.969,178.5973
271.6997,61.969,68.3318,176.5742
271.7798,58.8265,68.1716,175.5054
277.2775,59.6285,64.4935,177.56
276.7263,61.5341,65.596,177.3708
276.1184,63.2922,66.8118,177.4938
276.4973,61.6767,66.054,180.7249
278.3989,58.7489,65.9462,182.8848
277.458,54.8344,67.8281,179.5405
279.682,57.5392,67.0906,181.5518
279.2608,55.0362,67.933,179.1056
279.9113,58.1014,66.6321,180.3876
281.0909,58.2838,64.2728,183.724
282.8103,57.4143,64.5402,185.4628
282.5109,55.6779,65.1389,185.1999
284.5228,53.6718,64.8581,185.469
289.0656,53.6962,63.256,185.4203
290.6496,57.0152,63.7997,186.2061
290.1579,58.0275,64.7833,187.9144
289.5591,57.2345,65.9808,189.5004
288.4405,56.5701,68.2179,190.8293
287.8283,53.0422,69.4425,190.1267
287.8647,54.4033,69.3697,191.2958
287.7756,53.1507,69.5479,189.8942
288.4364,56.7144,68.2262,190.5465
287.5,56.0879,70.0989,191.7995
285.6182,55.234,69.9354,193.5074
283.8808,52.8842,69.4617,194.2583
284.4613,50.2797,68.3006,195.5165
285.3436,49.1596,66.5362,193.8091
286.8749,51.816,67.3647,192.3876
284.3322,53.9723,68.5641,191.9609
281.7201,53.5446,69.8866,192.8163
278.7879,52.289,71.8133,195.3276
278.3465,50.3719,72.696,195.1532
278.3042,51.1188,72.7807,193.6593
278.2883,51.4003,72.8124,193.0964
278.5969,54.7374,72.1952,194.4114
278.279,53.7075,72.831,196.4712
277.5576,52.5164,74.2739,198.8533
277.1845,52.9042,75.02,198.0777
284.6957,48.3065,72.3147,199.0618
285.4856,48.4877,70.735,198.6992
284.4177,50.8051,72.8707,198.1018
284.0633,50.794,73.5795,198.124
281.3229,51.4324,74.98,200.9276
278.3218,50.8714,76.8362,202.0496
277.6883,46.1802,78.1031,203.0414
277.4219,45.1732,78.636,200.823
278.8765,48.0382,79.9368,199.3029
278.3281,50.1392,81.0335,199.3124
277.7607,49.4348,82.1684,200.7212
277.5744,49.0158,82.5409,201.5591
277.8396,48.4151,82.0107,202.7605
278.3791,46.2835,80.9316,202.7257
284.1719,49.5189,82.1809,200.5333
281.1073,52.1061,84.0411,199.6278
280.0621,51.8977,86.1316,200.0446
279.2407,50.7995,87.7744,202.2409
278.2258,47.2009,89.8042,205.0454
278.5656,39.8424,89.1246,206.3556
279.3995,45.0771,91.9328,204.8383
278.8505,47.6178,93.0307,204.2602
275.7345,50.7343,94.7485,202.5414
272.3797,50.3182,96.939,203.3736
272.4637,48.318,96.771,202.8045
274.6427,47.9906,96.9712,203.4594
285.8683,44.7057,92.8053,205.4578
291.127,45.5132,91.3432,203.8427
290.4579,48.791,92.6813,201.7657
287.6336,51.935,93.8581,199.9496
289.1626,51.873,95.2661,200.0736
291.2199,49.3382,95.6437,200.6509
295.7359,45.5698,95.626,203.6806
295.1916,42.1561,96.7147,205.9569
296.5898,49.0738,98.5215,205.9313
296.2616,49.4318,99.1781,205.2153
298.4538,49.4936,99.4288,205.0917
298.0311,49.273,100.2742,205.5329
299.8404,49.8106,101.3145,204.4577
302.1079,49.4372,101.4408,205.2044
303.9477,49.5062,102.4355,205.0664
300.98,50.2549,103.6814,203.5691
295.9133,50.6477,104.4367,202.7834
295.6719,49.7052,104.9196,204.6684
295.3429,49.5639,105.5774,204.9511
295.0793,47.3264,106.1047,204.6841
295.6548,46.5183,104.9537,206.3003
295.4725,49.7341,110.0693,204.6198
294.6789,50.2361,111.6565,203.6158
294.3954,49.8677,112.2235,204.3526
294.5928,48.9072,111.8289,206.2735
282.1786,47.5786,112.3144,208.9307
280.302,44.1009,111.1514,210.97
280.3439,44.281,111.0678,210.6098
276.8646,45.3412,113.1069,208.4895
276.5492,45.9006,113.7375,207.3706
274.1217,45.7457,113.6753,207.6805
273.7083,43.073,114.502,208.105
275.7967,42.6336,115.2665,208.9837
275.2839,42.7695,116.2921,208.7121
274.0705,46.3245,118.7189,206.5826
275.4884,52.216,120.8734,204.7802
274.7934,49.5619,122.2633,205.0885
274.3114,50.4484,123.2275,203.3155
273.3485,54.7069,125.1532,199.8163
273.8359,55.0021,124.1785,199.2258
274.2377,55.5792,123.3747,198.0717
271.3668,64.4184,129.1166,190.2772
266.8579,65.8023,128.2936,187.5094
266.6221,63.5986,128.7653,187.0517
270.4907,43.7395,125.894,192.7089
273.0006,56.5616,125.7776,191.5824
277.1135,60.9103,127.3211,187.7697
277.8952,67.5487,130.6106,184.1986
280.2339,71.5714,135.6392,181.0061
279.795,67.2985,136.5171,184.6652
276.6066,67.1045,137.937,185.0531
274.7952,63.9577,136.5736,186.3606
268.7778,67.7544,138.6411,183.7509
272.4274,67.8801,136.3195,183.4995
269.5248,71.5771,137.1888,181.0415
269.1919,72.2172,137.8545,179.7613
267.0471,68.639,137.2403,182.0139
263.6683,65.3273,134.1411,183.7089
264.9941,64.8554,131.4896,184.6527
261.8593,66.273,132.8847,181.8174
260.681,70.3731,135.2413,178.4714
258.0572,75.8722,140.489,177.1567
260.7741,73.9689,144.8688,176.0565
271.5874,75.3479,148.0451,173.2986
257.7291,76.7954,150.9167,170.4034
251.7321,78.9115,157.9406,166.1713
223.5988,76.4087,154.0226,166.1615
213.4613,78.269,149.5316,167.3942
285.1785,81.4884,148.2279,165.8563
265.6217,84.3074,148.4908,165.0746
211.7463,83.2331,149.5781,167.2233
198.0223,69.246,142.7321,175.6009
197.4038,70.4025,139.05,178.2071
196.4619,73.7298,136.0342,181.3516
190.9159,71.1312,132.4306,181.6501
199.4642,76.2855,129.8666,181.03
215.4277,79.5366,131.489,179.3205
226.4903,82.8405,138.124,172.7127
230.9937,88.8578,143.5179,165.4784
248.5888,91.1042,146.53,160.9856
247.7768,91.1009,148.154,160.9922
255.0778,91.3814,143.1104,160.4313
257.528,87.3611,133.5197,163.7815
250.2857,84.2314,129.6504,165.4524
251.259,88.7394,127.7037,165.5395
255.5919,91.8853,123.5594,163.7692
255.61,89.3801,119.0963,164.3528
242.3211,90.4226,115.1343,162.2677
250.274,98.8084,116.2932,158.2945
253.7802,102.4145,121.9551,151.0824
249.6521,108.093,126.0049,143.9317
245.2778,109.4303,126.4319,141.2573
245.7184,107.2894,121.4246,141.4129
249.4512,105.0334,113.9591,141.8764
259.5023,106.445,105.6636,142.9889
265.6073,106.3946,101.0896,143.0897
276.013,108.3124,102.7453,142.9986
285.9244,108.6776,105.5445,142.2681
287.4772,107.9499,102.4388,143.7235
290.4482,107.4866,96.4969,144.6503
293.9564,107.2857,89.4805,145.0521
297.1809,108.3255,86.6129,142.9724
300.7972,110.8782,82.8826,141.3694
309.3175,113.6868,82.9203,139.1679
309.6748,116.1833,85.5891,137.5582
312.6633,114.4887,83.0163,137.5433
304.9954,113.1275,78.1869,136.9047
323.8847,113.9383,79.6475,135.2832
310.5642,118.2839,80.1243,133.1329
300.2356,119.2344,81.3024,131.2319
303.5663,119.7646,84.3548,130.1715
303.3459,120.4771,88.0685,128.7465
310.5235,122.8157,90.2779,127.3822
302.988,124.4298,88.7057,127.4827
294.0939,125.1133,83.3637,126.1158
284.0605,123.7887,77.8671,125.5695
283.2085,124.1847,76.4754,124.7775
283.2791,126.7045,79.3948,122.7984
281.5197,129.1117,82.9136,121.0637
280.7339,128.0411,84.4852,120.093
280.0223,128.4411,82.7854,119.2932
269.332,132.065,79.5033,118.2109
260.6635,132.341,75.7541,117.659
264.7111,132.9307,73.5426,116.4796
266.2455,134.0579,73.3611,114.2252
276.3558,135.009,73.0933,112.323
276.1418,136.6404,70.7041,111.8775
274.971,136.5866,64.7329,111.9851
274.0332,138.3765,58.5917,111.0777
275.7998,140.9219,55.0584,108.5414
280.2039,142.1787,53.6197,106.0277
286.5367,143.2437,55.3231,103.8977
285.4275,144.3968,57.5415,101.5915
291.4528,147.509,57.4724,100.1596
291.7261,151.7051,54.552,98.8891
285.5363,152.5853,50.7928,97.1287
288.1666,154.6159,47.7476,95.283
291.9986,155.6255,46.4915,93.2637
298.5858,156.6384,45.8252,91.238
299.5423,157.7281,45.9556,89.0585
300.3269,159.545,44.3864,87.4383
301.8566,163.1916,41.3271,86.0338
303.3161,163.9062,38.408,84.6048
304.4217,164.5741,36.1967,83.269
305.1463,165.2288,36.5072,81.9594
304.7637,166.0409,37.2726,80.3352
304.736,166.7959,37.3279,78.8252
303.8475,168.121,35.6753,77.8899
299.9871,169.3993,33.362,77.0056
297.6737,170.7323,31.5129,75.9586
297.172,171.2648,30.9452,74.8935
297.5164,172.0281,30.2564,73.367
295.0924,171.7781,29.0584,72.3554
294.1376,172.4403,28.0168,71.0311
291.6879,173.1781,27.164,69.5555
290.9162,174.1441,27.3057,67.6234
291.6786,173.9734,27.1572,66.5886
291.3084,173.8693,27.8976,65.4383
291.9505,173.7079,27.9684,64.406
291.6814,174.3415,28.5067,63.1387
293.5476,173.078,28.7713,61.6686
293.5665,172.9576,28.7335,60.594
296.3302,173.5485,28.4027,59.4121
299.23,173.5424,28.9838,58.1483
296.9414,174.1409,28.4905,56.9512
294.6594,174.4769,26.8467,56.2791
295.019,175.0542,26.1276,55.1246
295.0987,175.1726,25.9682,53.7138
295.4364,175.1187,25.2927,52.671
295.3262,174.4139,24.3896,51.8333
295.6488,174.2969,23.7445,50.9717
295.3629,172.4839,23.2442,50.31
295.3029,171.9522,23.3642,49.266
295.719,169.1155,23.5724,47.6567
295.7067,169.9968,23.5969,46.9146
295.6741,169.8995,23.6622,46.0991
295.1537,170.3089,23.704,45.2805
294.7764,169.0056,23.471,43.9366
294.8112,170.2455,22.4375,44.348
294.5619,167.8234,21.984,43.4789
291.3062,169.0732,21.9737,41.9109
291.3042,170.0413,21.9778,40.883
291.0114,170.2323,21.6702,40.501
288.4248,170.3158,21.5495,40.334
288.2324,170.5897,21.0566,40.6641
286.4162,170.5845,20.3175,40.6744
286.369,169.9938,19.5501,40.9941
282.427,169.4748,18.9012,41.1787
280.4029,169.0835,18.7255,41.1166
280.0213,168.6523,18.6479,41.1381
276.6079,167.7058,18.7565,41.3516
275.571,167.4933,18.296,41.7765
274.9763,167.0262,17.7994,41.8679
272.3714,167.5121,17.1603,41.7316
271.3271,167.2022,16.7818,41.5291
268.6258,166.2103,16.4953,41.0747
266.3494,166.8389,16.2417,41.4197
265.9957,167.901,16.949,41.7002
264.0684,167.4055,17.5309,41.873
260.3768,167.8224,18.2668,41.8701
257.9166,168.2381,18.1244,41.8826
256.5658,170.0173,18.3016,41.6901
253.8401,170.1965,18.7023,41.3317
253.3188,169.1897,18.9013,40.8146
250.7511,169.1582,19.0,40.8776
249.332,168.6551,19.3119,41.0417
246.602,168.1889,19.6728,41.1243
243.9979,167.8551,18.8796,40.9345
242.1449,167.8224,18.3816,40.1591
239.9103,168.7743,17.9256,39.897
240.1599,169.313,17.4263,39.6288
238.5805,169.6124,17.3993,39.8263
237.8841,169.9261,17.9931,39.9978
235.4658,169.4799,18.771,40.0786
232.1649,169.4994,18.7615,40.0395
227.8397,169.4831,18.3292,40.0721
224.6685,170.4881,18.1224,39.6994
224.7022,170.0931,18.055,39.6798
222.0375,170.024,17.7272,39.818
220.4808,169.6324,17.6226,39.7968
217.6644,169.8906,17.6389,40.0828
214.5381,170.2665,17.4371,40.1377
211.9883,171.1318,16.9081,40.0152
209.9199,172.194,16.2867,39.477
209.246,172.342,16.0859,38.4065
207.3195,172.8005,16.1628,37.4895
204.9698,172.4792,16.4028,36.6457
203.9721,172.5533,16.9278,35.7624
201.0773,172.9726,17.598,34.9238
200.1095,173.1962,17.3421,34.4765
194.9961,173.8953,16.776,34.5175
193.1104,173.5005,16.2848,34.5966
192.4933,173.4767,16.1125,34.6442
189.9729,173.3046,16.2474,34.9883
189.5811,172.8768,16.3227,35.1358
188.4425,172.704,16.4649,35.4814
185.9571,172.4592,16.4012,35.971
184.1081,173.1003,16.4728,36.1394
181.16,172.6793,16.5371,36.2523
179.7613,172.6597,16.4075,36.2914
177.8626,172.4275,16.5547,36.0258
176.1246,172.6873,16.387,35.5062
176.5694,172.7675,16.2156,35.3458
173.981,172.9214,17.1148,35.038
173.3951,173.082,18.2867,34.717
171.3714,173.1246,19.3773,34.6316
168.5303,173.0993,19.7652,34.6822
168.4369,173.139,19.1884,34.6029
168.2686,173.2703,18.0196,35.093
168.8299,171.9332,16.8969,35.5467
169.4034,172.3582,15.75,36.152
169.3486,172.3318,15.1429,36.2047
169.1319,172.3886,14.8696,36.0911
168.4378,172.5344,14.8573,35.7994
167.9928,172.7058,15.0516,35.4566
166.7091,173.185,15.5363,35.1924
165.6698,174.1712,16.217,34.6179
164.9615,174.7984,16.9313,34.0657
164.7934,174.0647,17.2677,34.1202
164.2778,174.0472,17.5857,34.1553
163.6995,173.7406,18.0235,34.0494
163.1265,173.226,18.4446,34.3539
162.8359,173.1982,19.0259,34.4095
162.6572,172.7415,19.3832,34.5758
162.9466,172.6289,19.56,34.801
163.6782,172.9887,19.6208,34.8434
163.9181,172.5454,19.1409,34.9664
164.5899,172.3958,18.5546,35.2654
164.824,172.2749,18.0864,35.5072
165.7701,172.4359,17.6891,35.9328
166.3154,171.8577,17.3455,36.3422
166.8338,172.1279,17.0558,36.5487
166.9106,171.7119,16.9021,36.6357
167.2026,172.1331,17.0618,36.5371
167.5591,171.8538,17.0939,36.3507
167.9099,171.8255,17.135,36.4073
168.0268,171.7931,16.9012,36.4721
168.1003,171.7787,16.7543,36.5008
168.1071,171.7578,16.7407,36.5426
168.1975,171.6338,16.5598,36.7907
168.1372,171.7341,16.6805,36.5901
168.0544,171.8743,16.8461,36.3098
168.084,171.8197,16.7868,36.4189
168.0841,171.7241,16.7866,36.61
167.866,171.628,16.4816,36.8023
167.863,171.6467,16.4875,36.7649
167.7906,171.8095,16.6323,36.4392
167.8041,171.9692,16.6054,36.1199
167.839,171.9971,16.5356,36.0641
168.1803,172.1185,16.5819,35.8214
168.1326,172.2366,16.6774,35.585
168.1087,172.2375,16.7251,35.5832
167.6229,172.2872,16.9715,35.4838
166.9252,172.7827,17.639,35.2209
165.5731,173.2759,18.1363,34.97
165.2691,173.4743,18.7443,34.5733
165.0176,174.5208,19.2474,33.9699
164.6759,174.6292,19.1864,33.7531
165.0837,175.0783,19.1109,33.5949
165.9346,174.7695,18.882,33.476
167.9249,175.2513,18.5552,33.2433
168.8767,175.2988,18.0952,33.1483
171.6893,175.3943,17.4585,32.9573
172.1224,175.57,17.2914,32.6058
173.9414,175.3079,17.1085,32.439
174.4454,175.3448,17.4713,32.3653
175.0475,175.7542,17.6481,32.237
178.7491,175.8728,18.5434,31.9997
181.0763,175.8821,18.8103,31.9811
182.5579,175.8919,19.3832,31.9615
182.5958,175.5947,19.3073,32.556
183.3297,175.0325,18.5637,32.9562
186.388,174.5698,18.1884,33.1639
186.9776,173.9625,17.7237,33.6641
190.3167,174.6828,16.7578,34.3655
192.7655,174.1715,16.1075,34.6802
194.9892,174.2227,15.868,34.5778
195.8494,174.0009,16.2344,34.3257
197.5691,173.6358,16.9849,34.3577
200.1822,173.649,17.452,34.3313
203.1271,173.3496,17.3165,34.2109
206.0987,173.607,17.0946,34.4111
207.0237,173.744,16.6733,34.8515
208.6369,173.4199,16.3013,35.4996
209.8311,172.2717,16.0628,35.6462
212.3817,172.7826,15.9641,35.339
214.8336,173.1454,16.0195,35.3219
217.9247,172.6315,15.5106,36.3497
221.1801,172.0689,14.7219,37.4749
224.3636,171.2943,14.0961,38.3064
226.9951,170.4254,13.8623,38.6074
229.4802,168.3661,13.9221,38.4144
232.3547,170.0703,13.9082,38.5906
234.8875,171.259,14.596,38.3705
237.2156,171.3299,15.038,38.2288
239.5907,171.4736,15.4268,37.9415
242.0021,171.1743,15.7621,37.8031
244.0938,171.0045,16.0234,37.402
246.334,171.4635,15.9802,37.2234
248.4731,171.6129,15.383,36.9247
251.5231,171.9562,15.0539,36.9595
254.8728,172.083,14.7992,37.4219
257.1812,171.4458,15.21,37.9782
258.6097,170.2573,16.0209,38.1543
261.2778,170.3607,16.6881,38.698
262.9006,170.0956,17.2926,39.2282
265.0896,168.5515,17.6446,39.1631
271.1556,169.424,17.415,39.0051
273.888,167.8674,17.4607,38.9694
277.7056,166.706,18.4875,38.1425
279.7527,167.8397,19.1522,38.2545
280.126,168.9158,19.2118,38.5209
284.1004,169.2542,19.3743,38.6552
287.3469,171.0701,18.5928,39.1029
292.6865,170.1449,17.622,40.1443
296.2412,166.8604,16.9719,41.8688
299.5808,167.5872,16.8609,42.8782
302.4712,166.828,16.9152,43.5631
308.283,167.4907,17.1141,43.9266
308.5491,168.3856,17.4352,42.9899
312.4497,169.5542,17.2425,42.3436
313.9765,168.8751,17.5196,42.8691
311.6965,158.2743,18.6991,42.0968
323.5368,168.0717,19.8033,41.3042
325.523,169.2047,20.1419,40.7627
332.2298,170.5726,20.4898,40.6071
334.6772,170.7244,20.7774,40.3036
335.0929,170.9522,20.8102,39.8478
336.0309,171.9955,20.6504,39.4774
341.3505,171.4341,21.0589,38.9004
344.4936,171.5994,21.5583,38.5698
347.378,174.0149,22.6034,37.9975
347.0272,173.3009,23.305,37.7042
355.9985,172.5461,24.4578,37.4777
355.7193,172.1808,25.0162,37.3248
355.3893,171.8035,25.6763,37.1888
355.261,172.3208,25.9329,37.0534
355.8783,173.206,25.5995,37.0857
357.962,172.1834,25.0178,37.3382
360.7536,173.4703,24.7789,37.4364
363.2606,174.4204,24.2061,37.3128
365.437,174.5914,24.2383,36.9708
365.0658,174.6916,24.1082,36.7704
364.8833,174.7448,23.6063,36.6641
364.8232,174.2289,22.8691,36.8385
365.0984,173.3462,22.3186,36.9085
365.8527,172.8377,21.6496,37.0859
367.2552,172.3414,20.5068,37.2475
368.3423,171.9878,19.9614,37.1402
368.3587,171.7648,19.9286,36.7827
368.3208,171.522,20.0044,36.4706
366.964,171.2269,20.335,36.2667
367.2084,170.6037,19.8463,36.7163
366.1795,169.9008,19.5182,37.3268
