1
190.1189,221.3845,42.0609,106.1245
188.1131,221.1711,42.445,107.4093
186.3728,221.5788,42.9927,107.9242
185.3239,221.3021,42.6459,106.6539
183.8308,223.1194,42.0531,104.3741
182.1431,229.0779,42.1368,104.992
180.4509,232.727,42.9471,103.7011
179.2016,235.7338,43.2157,103.8123
180.0867,238.1403,44.1583,104.9233
180.9915,237.7354,44.9739,105.8913
182.4696,237.5903,45.4026,107.2588
181.8114,236.7693,46.2641,107.3498
181.3608,235.9948,47.3727,108.0118
180.0196,235.2884,48.3364,108.9462
179.109,234.5134,49.7764,110.4431
186.7172,222.9849,52.115,110.4908
186.9171,219.9151,54.6063,109.4853
189.2683,216.9967,57.5726,110.6014
190.9463,216.5337,59.6894,113.5353
192.181,215.2225,59.9325,114.6853
194.4123,218.3548,60.8425,116.0722
196.6221,219.1721,61.383,119.2243
199.1366,220.7682,62.706,120.6621
204.3875,224.3365,62.1202,119.998
210.3055,230.0627,60.347,120.5061
215.2268,232.2637,58.5817,120.7574
218.5257,232.5467,57.7165,120.943
223.6514,231.2876,57.6145,121.0506
227.6848,229.65,57.7329,120.9535
237.5961,229.2362,56.8602,119.726
239.2625,228.1889,57.7573,119.3432
241.2751,228.003,57.9741,119.3051
247.2865,228.1601,58.8555,119.0554
251.2449,227.4532,58.4889,118.0849
255.5437,228.0251,57.689,117.7343
260.3466,228.6824,57.835,117.6588
264.656,229.5758,58.3953,117.0949
268.095,231.9347,59.0941,115.9516
270.7323,232.3238,60.0889,114.7949
273.9394,234.2878,60.1005,113.5019
276.6358,236.1085,59.8005,111.7758
279.9831,237.3668,58.5909,111.334
282.8359,237.186,56.8953,110.4905
284.9625,235.5504,55.0143,110.6748
284.8731,236.0417,52.5342,111.3942
284.9373,236.7466,51.2225,111.6328
285.7234,234.6944,50.5185,111.9894
285.0599,234.6065,49.7244,112.6007
284.4988,233.7173,49.9324,113.8196
284.5229,233.603,50.3396,116.0816
283.0292,231.7754,51.459,118.0666
279.8403,229.5081,52.4677,117.5756
277.1986,228.5581,53.1007,116.9871
275.4029,228.3183,53.442,117.1635
274.0357,226.5478,53.0598,116.8292
272.6227,227.4471,52.8688,116.5034
271.0931,230.3348,51.6269,115.8148
270.4224,231.6916,52.2776,113.3639
268.2029,236.3014,54.9105,111.2454
262.7956,239.7773,57.2246,108.8804
259.7869,240.7564,59.8252,105.5949
254.0192,240.9861,59.4054,104.3439
253.4531,243.6131,60.5142,102.1875
244.6903,244.13,60.3219,101.4525
240.0199,245.3799,59.8822,101.6815
235.4669,245.4506,59.2143,101.4241
230.8289,247.4845,58.6536,100.595
226.4173,247.3607,58.4269,99.6327
221.5238,248.0274,58.3366,97.441
216.1709,247.1319,57.0972,95.789
212.0353,246.6829,55.7966,95.5922
206.3545,246.3563,55.8565,96.0267
196.7444,243.6412,57.3067,96.077
188.4611,238.6243,58.3155,95.4188
180.0144,236.156,58.9188,94.8986
174.4719,236.5902,58.3036,94.6666
169.9969,237.7915,55.8419,95.9356
167.1443,240.2692,54.4694,97.7852
162.7452,238.4556,54.9076,97.3082
157.5433,236.448,55.815,96.7315
153.612,233.4118,56.6835,96.2426
146.7984,233.8915,55.6241,100.5313
140.0129,231.6142,56.5823,102.7326
133.0541,228.9165,55.1714,105.8669
131.079,226.9661,56.1524,106.664
128.464,226.1925,56.4676,108.0974
125.8982,224.5913,54.7085,110.3151
122.7377,224.5992,51.5691,113.1918
118.5172,224.5104,50.2454,114.6892
115.8487,224.7665,49.2091,114.8618
115.3359,223.8208,48.7111,114.3217
111.6726,222.687,49.1965,114.9946
111.2367,219.7893,49.9163,114.7317
110.7011,218.8196,52.2414,115.3004
110.0492,218.7601,54.4632,114.8106
108.7836,216.4799,54.3837,115.744
108.0626,213.876,54.2271,115.0734
105.424,214.2759,54.548,113.9054
103.7151,215.2178,53.9541,113.8007
103.2791,214.7264,53.5401,113.5362
104.7452,212.7473,52.8712,113.3881
106.6722,207.6101,51.5881,111.3681
109.2467,205.0289,51.7713,111.6379
111.3471,203.0175,51.4154,112.5975
114.941,200.1023,50.7738,114.81
117.482,197.3513,50.8539,116.1818
116.1457,197.5932,51.7876,115.3728
118.8359,198.2111,51.2223,115.925
123.7363,197.8767,49.4238,116.753
129.9369,196.7838,47.8287,117.6348
134.8498,196.1912,45.9629,118.3251
139.9819,194.9571,45.2468,118.5736
144.3771,193.0361,45.3382,118.5422
146.7655,189.6409,45.5211,118.5675
148.8991,187.1716,45.2065,118.6285
152.0094,186.0179,45.8811,118.1673
153.8056,185.7542,45.6028,117.7256
156.3352,185.1706,45.4985,116.9434
158.9904,185.7886,45.7942,115.8167
161.9787,186.778,46.3032,114.7852
164.7665,186.4287,46.9348,114.9203
174.2597,184.8184,46.7432,114.9752
176.0126,180.8071,47.7757,112.3062
177.7466,179.1972,49.338,113.0933
180.6048,178.4631,49.9262,114.0969
183.0977,176.9429,50.6574,115.1418
185.2824,175.9007,51.2998,114.8072
187.6609,174.9021,51.0256,114.2372
190.7953,176.7614,49.3737,113.4375
195.328,176.9809,47.5753,112.3817
199.1541,176.6613,46.1097,112.2613
202.0788,175.2084,44.2308,112.7568
204.0718,174.1798,43.5388,113.1311
206.2513,172.4028,43.774,114.2744
207.4763,170.1169,44.7697,114.766
208.2751,168.4314,45.9211,115.8303
208.3949,166.4524,46.7075,116.3919
208.3834,165.2507,47.7122,116.4938
208.2529,165.3847,48.8747,115.9988
209.8077,165.3888,49.6388,115.899
211.5158,164.9162,50.117,115.9533
213.5869,163.3377,50.2401,116.1346
215.9987,162.804,50.3263,114.9752
215.3215,163.7667,49.9882,114.0205
217.7987,160.972,48.9623,111.1506
219.186,163.5127,48.2392,109.631
222.005,164.2585,47.7067,109.7059
225.1346,162.8624,46.5116,110.8781
226.227,162.0447,45.2788,111.1991
227.5673,165.9743,44.4259,111.1781
230.4678,163.8848,43.8382,111.5836
233.2715,164.5774,43.4874,111.1847
232.5837,167.1659,44.2819,108.8711
234.8645,168.8248,44.3816,107.7786
236.7764,167.3063,45.7014,104.9699
238.4106,168.764,47.6524,104.5634
239.1272,168.4862,49.7902,105.296
239.9908,165.0795,51.4589,106.5802
241.5525,164.3404,52.3223,107.6357
244.685,162.2496,52.6554,107.0278
246.8055,161.9973,53.3442,107.5193
248.1927,162.7678,53.3173,107.4238
249.1944,162.5977,52.1596,105.6712
251.4008,163.2062,50.0959,104.9949
256.9217,159.9561,46.5261,105.7643
259.1846,159.6776,44.6237,105.4652
263.2425,160.3249,43.0778,105.5073
266.4864,160.9034,42.168,105.236
269.2228,161.4499,41.2556,103.8986
270.7113,163.3885,40.9492,101.7776
273.2264,162.8319,40.7876,101.4191
275.6972,165.0403,41.5599,100.3804
275.7908,164.4315,43.2632,100.9422
274.3285,164.893,45.6526,100.2314
274.1702,164.3306,48.5788,100.8111
273.875,161.733,51.4895,101.9996
273.1225,161.5189,53.6814,103.0798
272.0593,160.9125,55.3169,104.1478
271.4391,160.177,56.6824,105.4686
271.6775,158.7074,56.9905,106.2426
273.0542,158.6436,56.6596,106.3366
275.0796,158.2068,55.7991,106.1998
274.7836,159.5859,55.6824,105.0235
275.8127,155.5555,50.1063,106.88
276.7746,154.2787,45.8669,107.0937
277.3468,153.5749,42.6535,106.9064
279.1075,153.183,40.801,106.2398
279.7872,153.4443,39.4074,105.1942
281.2268,153.906,38.7514,103.9277
281.3826,155.2346,37.9408,103.1909
280.3194,157.2661,37.6726,102.5314
279.5863,159.3314,37.5803,102.339
279.6949,159.7265,38.1713,102.2856
279.7817,159.1526,38.897,102.5544
280.5592,160.6217,38.971,103.1021
280.3961,161.0035,39.3548,103.4999
280.1602,160.6803,39.6877,104.5181
280.0832,160.8437,39.5729,104.6342
280.8421,160.6544,39.564,104.0108
282.4832,160.494,38.6949,102.9808
282.3251,158.9932,37.6745,103.3711
282.1385,160.05,36.619,103.3476
283.4716,159.4504,36.4256,103.9979
283.4187,158.1133,36.435,106.2784
283.4122,156.4462,37.3253,108.4374
282.6304,158.455,38.1776,109.9498
281.1519,159.2645,40.0826,110.8721
280.4732,162.2795,42.4079,109.7603
280.3839,162.4337,44.0555,109.4833
281.0606,163.4935,45.0707,109.6801
280.9853,163.0441,45.2507,110.7156
280.9477,162.979,45.5429,111.4669
280.5523,163.0777,45.88,112.362
279.4988,162.6532,45.2694,113.2697
277.7246,163.1803,43.4764,113.5653
277.4082,164.1443,41.3159,113.5993
277.7934,164.682,39.5569,113.9336
277.845,165.5985,38.3284,115.2108
277.4894,164.8441,37.4156,116.517
278.8824,166.125,36.7223,116.9545
279.3616,167.4758,36.703,117.4646
277.9685,168.6898,36.922,116.8808
276.0371,171.3365,37.4868,116.807
275.1228,171.8495,38.2126,116.224
272.2094,172.9818,38.7809,116.1245
270.8997,174.0962,39.6097,116.1355
269.8047,175.2922,39.5877,116.3625
269.2998,176.2197,38.9925,116.8448
268.3844,177.2285,37.972,116.9857
268.7076,175.7507,37.0136,117.7694
265.9229,174.5665,35.909,118.5641
263.7342,173.4482,35.701,119.0917
261.6165,173.5522,35.7095,119.5457
258.5786,173.769,35.7146,120.6866
256.2895,175.8951,35.1488,121.9378
254.0497,176.6185,34.8233,123.1058
252.5094,177.8984,35.2574,123.5175
249.7447,179.4913,35.452,124.2417
247.6642,180.1119,36.0097,123.6479
245.7677,183.2755,36.5591,122.5697
243.5671,185.4513,37.4304,122.0104
241.2055,187.0546,38.1947,120.9027
237.7329,189.0455,39.7144,119.6422
234.2193,188.997,41.424,117.828
230.2431,190.6585,43.0623,116.8014
227.1139,191.3574,44.7469,116.1854
224.3149,189.7731,46.0198,116.8998
222.4617,188.169,46.2029,117.6215
220.9037,187.0817,46.3346,118.6376
217.7904,187.0352,46.5046,119.6251
217.1693,186.6867,45.824,121.2342
215.447,185.8765,45.785,122.9836
213.5048,184.4574,45.28,125.1383
211.8763,185.6293,45.2913,126.9769
209.6743,188.3064,45.133,127.5911
208.0751,188.1192,45.5277,129.073
205.1635,189.1959,46.7328,129.2758
202.7165,190.519,47.7836,129.2885
199.5941,190.1034,48.5119,129.9455
196.4876,190.0088,49.103,129.8874
195.6595,192.9165,49.3296,128.3124
192.9058,193.6342,49.348,127.3127
191.8734,192.3239,49.4267,125.6716
190.746,191.7415,49.3144,124.0823
187.9179,190.7209,49.278,122.814
187.2409,190.4114,49.1828,122.7934
187.6009,188.5577,48.7555,123.2652
187.261,187.2048,47.8238,124.5891
187.006,187.1223,46.9089,126.1645
187.5694,186.062,46.7006,127.149
187.8067,185.5114,46.9661,127.7805
187.3286,186.4718,46.8881,128.3492
187.5961,188.4314,46.9532,128.4905
187.4661,188.4665,46.8014,128.3206
189.7676,188.8823,46.5267,127.3871
189.8756,189.6212,46.3885,126.595
189.137,188.3194,46.686,126.4591
188.4079,186.9262,47.1968,127.5631
187.2312,183.2771,47.8333,130.2013
185.3763,179.0311,48.3299,133.2815
182.6674,172.9036,48.4869,136.7427
179.3762,175.3528,50.3876,136.564
178.2445,179.3844,53.016,137.0746
177.86,184.3312,55.3151,137.3233
176.8351,182.6648,57.1969,137.8005
177.1389,184.191,58.4311,137.247
178.5127,184.4398,58.176,138.0343
179.8073,184.0927,57.2385,137.2085
180.9769,184.4478,56.1676,138.0546
182.3108,183.2966,53.8797,138.7637
182.1238,181.8198,52.689,137.4073
182.5964,182.1689,50.6978,136.4936
182.9397,184.5241,49.1872,135.5152
183.1673,186.0692,48.2615,134.3968
183.0838,188.0707,47.702,133.4646
181.2912,189.2999,48.2062,133.0931
178.6497,190.6283,49.9883,132.2405
175.8226,192.1861,52.0626,131.4076
175.3482,194.1798,53.6154,130.7556
172.678,195.165,53.8023,130.3777
171.7596,197.6874,53.897,129.8973
167.1218,198.2913,54.6819,130.6192
164.0834,198.4664,55.0958,132.6407
158.1752,197.8562,56.7352,134.249
152.9482,199.2714,59.0385,134.711
148.7083,197.9685,60.4069,135.1031
146.6116,197.0939,60.1478,136.1348
143.3819,197.9188,59.6277,136.7322
142.0515,197.7445,58.6003,137.0337
141.181,198.2853,56.9483,136.2559
140.6387,196.6671,55.9421,136.0823
140.3943,197.1465,54.4604,136.9499
139.0873,198.4764,53.0288,137.7692
138.265,198.3174,51.9993,137.7478
136.2241,199.105,52.023,138.3649
132.7682,201.8443,51.8214,138.3423
129.4237,203.0011,52.1727,138.2108
127.408,205.2376,53.4246,136.8963
125.457,205.5871,54.4786,136.2302
123.9484,207.0799,55.286,136.6068
123.3054,207.6769,55.1771,137.0173
121.7064,207.8106,54.9548,137.3179
122.2281,208.5318,54.8285,136.7875
122.6953,208.4516,54.262,136.361
123.095,207.989,53.3838,136.2151
122.7195,208.7092,52.8688,135.4435
123.3531,208.4486,52.0418,135.2939
124.5567,207.7596,50.8531,135.4196
125.4136,207.7038,49.8072,135.8969
126.3535,207.2775,48.848,135.746
127.1826,208.4634,48.0558,134.7028
128.4649,208.404,47.1551,134.319
129.5532,208.5958,46.4602,133.819
130.7294,209.0669,45.7994,133.7309
132.2757,209.7607,45.1575,133.5779
133.8409,210.3101,44.6065,133.5771
135.2038,211.2568,44.2549,133.5978
136.6108,211.7965,43.8235,133.6661
138.196,212.4556,43.7898,133.3237
139.8488,212.406,43.9205,132.8421
140.7265,212.0621,43.8265,132.3446
141.1044,212.3982,43.8665,132.353
141.1838,212.8736,43.8921,132.5428
141.6064,213.4762,43.9035,132.2499
142.0741,214.7833,44.0429,131.6914
142.8109,214.0598,44.269,131.8142
142.2364,212.875,44.1492,132.0424
142.03,212.3841,44.3689,131.9535
141.6432,213.0934,44.4553,132.2394
141.4435,213.6065,44.3607,132.0279
141.2391,214.3274,44.166,131.5004
141.2009,213.9721,44.3479,131.0275
140.5886,213.9045,44.0058,131.1093
140.2166,214.8874,43.9078,130.5701
139.1172,212.4488,43.5626,131.3916
138.4996,212.6176,43.4087,132.3069
137.4201,211.4335,43.2616,132.9193
137.5702,212.1974,42.8441,133.1766
137.3767,211.04,42.7428,133.7543
136.213,209.946,42.5359,134.2202
136.2928,212.7642,42.3467,133.2861
136.7287,212.2737,42.1272,134.3301
135.9027,211.6888,42.4492,134.8115
135.4614,212.051,42.5733,135.0962
135.9536,212.1133,42.407,135.9136
136.3647,211.8485,42.3955,136.3179
137.2968,211.6057,41.9535,137.0669
138.4676,211.9515,41.5963,137.3454
139.0567,211.7599,41.5673,138.1202
140.603,212.3099,41.7705,138.217
141.0472,211.2995,41.3287,138.793
142.27,213.587,41.1028,137.8814
143.722,214.4113,40.9627,137.2795
144.9872,215.4948,41.1529,136.3937
145.3653,215.9749,41.6569,134.5674
146.0119,215.3862,41.5537,133.4726
146.3969,216.0982,41.0959,132.4398
147.9745,215.8037,40.4347,133.0507
148.3638,216.3379,40.2428,132.5848
149.4432,218.3053,40.3145,132.3697
150.0768,218.4158,40.3864,132.3263
150.4065,220.3806,40.5755,131.5163
151.3367,221.7657,40.934,131.3838
152.0633,221.5925,41.151,131.8766
151.8034,222.4137,41.2251,132.0801
151.8966,221.3742,41.5676,132.4285
152.128,223.4988,42.0066,131.5257
152.5418,221.5302,41.8119,131.6515
153.3138,222.3376,42.007,131.2432
152.7872,225.6249,43.1125,129.2328
153.4842,225.4142,43.5486,128.773
153.3511,224.6487,43.5948,129.3815
153.5755,225.6832,43.986,128.2894
152.7573,226.1954,44.6771,127.1194
152.3933,225.8954,45.1205,126.0364
152.8919,226.3583,45.6523,125.8484
150.9002,228.1966,46.2243,125.5188
151.8367,229.6936,47.1192,124.4534
150.7851,231.3542,47.8562,123.2653
150.3465,228.0484,47.8496,123.5227
149.3116,227.5227,47.9388,124.2147
149.6465,226.5339,48.2636,124.706
148.0574,225.5439,48.4463,124.6543
148.437,223.8974,48.4765,124.3378
147.3559,224.8418,48.3309,123.9853
148.0601,224.4108,48.8042,123.8054
148.9722,224.0407,49.3487,124.2435
148.5497,223.8029,49.3153,125.0521
149.3542,223.7026,50.1305,125.9228
150.2859,222.9017,51.0492,126.7428
150.9123,223.9123,51.4485,126.887
151.9162,221.7872,52.4141,127.6368
152.8874,222.1751,53.5393,127.9497
153.0087,223.0297,54.3728,127.836
153.8796,223.2486,54.7246,127.8061
155.1435,223.2431,55.0003,127.9881
155.964,223.1274,55.1075,128.1929
156.8261,224.472,55.2486,127.1563
156.6359,225.0783,55.8233,126.1979
157.5167,223.8417,55.3997,126.8754
158.565,224.2692,54.7416,126.8677
160.0519,224.1927,53.8558,126.5621
161.1207,224.6503,53.1132,126.1934
159.9722,224.5906,52.2667,125.9818
162.4945,224.2865,51.4096,126.5195
162.5701,224.8308,50.5748,127.0593
162.3689,224.9399,49.9522,127.0819
164.2181,224.7625,48.9273,127.893
165.9655,224.2234,48.445,128.5517
166.7363,223.7676,47.5911,129.5245
169.4553,223.2898,46.7669,131.1403
171.1626,223.337,46.3314,131.7856
174.278,222.5286,45.8067,132.3463
177.6343,222.4358,44.9812,132.3581
180.6288,223.034,44.2217,132.3422
183.3747,222.8639,43.4169,132.1558
185.5444,222.4721,43.2287,131.5541
186.2648,222.2594,43.2437,130.6053
188.6156,223.0566,43.3744,130.0614
190.1982,223.067,43.2484,128.9127
191.5022,223.8347,42.8789,127.832
194.0224,224.5862,42.8132,127.9715
195.3056,224.6967,42.5445,127.9184
196.5606,224.6062,42.4709,127.502
197.3872,224.607,42.2122,127.2645
199.1919,223.3303,42.3326,127.5096
200.8568,223.8333,42.5401,128.5543
203.0751,221.4701,42.4419,129.832
205.141,220.8461,42.2276,130.8865
206.9839,219.239,41.8552,131.9534
209.2529,218.7574,41.6935,132.2779
211.4631,219.1383,42.3457,132.6227
212.6876,218.738,43.0664,132.8025
213.3562,219.884,44.1705,132.1569
215.9116,222.0306,45.7439,130.5408
218.5659,223.1084,47.221,128.8817
221.9669,224.9387,49.1092,126.4247
225.0045,225.3854,51.0081,124.359
228.6437,227.5559,53.2353,122.8072
231.1383,228.9255,55.6254,121.9238
233.8515,230.3405,57.9873,121.525
236.2621,230.1289,60.0397,121.2784
239.6606,230.0763,60.8859,121.1224
242.7624,233.6848,63.983,118.4833
250.4848,233.4232,64.1091,117.1061
257.4503,232.0327,63.5427,116.5217
265.3039,224.6948,61.1194,119.5211
274.2053,215.2377,58.2366,123.7409
275.0838,230.0865,58.0368,119.8948
285.9284,225.4154,55.7157,119.4866
296.3742,219.7252,51.718,121.6984
301.4533,223.5392,49.7343,121.6619
309.4753,221.5402,49.0431,119.7628
315.9106,220.9855,48.8469,119.7369
322.885,222.8782,48.7631,120.2873
327.4875,226.5731,48.3926,119.7555
335.9844,223.847,48.5956,118.8916
338.5525,227.9492,51.0942,117.3598
358.2757,210.452,53.1026,116.4337
369.5675,203.1566,52.8587,118.9988
370.0644,197.8774,52.2269,123.3574
371.5368,197.7235,52.5958,125.9207
371.3754,197.0886,54.2264,126.5968
371.5108,196.6796,55.3009,126.1378
370.5953,196.131,56.0748,124.2255
369.4683,198.9948,56.7364,124.2532
367.2256,203.4301,56.9769,124.478
366.8737,205.9236,57.457,123.5157
365.4185,208.7679,58.8603,121.4791
2
0
0
0
0
1
412.4301,217.0352,37.8054,118.1994
409.5707,214.1024,38.3537,118.4135
405.7906,212.7183,38.4808,118.4934
403.5647,209.256,38.1355,117.7773
400.1254,205.9743,38.187,117.6837
397.6368,203.8788,38.0438,117.1308
394.4331,202.1696,37.9969,118.1399
391.8399,200.5693,38.1323,118.5548
388.8596,199.8206,38.6899,118.1141
385.4925,197.3706,38.806,117.8704
381.2963,195.0885,38.9361,117.9295
376.0869,193.6678,39.3413,117.9302
372.1315,192.4306,39.7779,118.3239
368.8639,191.374,39.6369,118.4976
365.9584,190.5802,39.199,119.2969
362.9971,189.4606,39.2671,119.9318
359.6626,190.8054,39.9322,118.9862
356.8435,192.3021,40.9672,116.8621
354.6857,193.1579,41.9182,114.829
352.5688,193.0499,42.7632,112.994
351.1655,192.3577,43.5513,110.6468
350.335,191.0576,44.4349,109.1939
349.6199,190.9361,44.8641,107.9113
347.8184,188.918,44.8712,107.9488
344.4935,187.8307,45.4184,106.8884
343.3934,183.3085,44.7251,106.4377
344.112,183.2157,43.0544,106.895
344.7871,179.9939,41.7713,107.4363
345.7101,181.1543,40.4442,108.0183
345.8114,180.8997,39.7019,107.6535
346.7444,182.5026,39.136,107.1923
346.3544,184.1338,38.7112,106.6986
347.2118,183.5159,37.7533,106.5846
347.9211,182.6071,36.7129,106.143
347.6545,183.388,35.8383,105.077
348.1016,184.2842,35.2742,104.3719
347.3101,186.9672,34.83,102.9184
346.4202,187.525,34.5991,101.855
344.9376,185.4775,34.3699,101.9907
343.222,186.011,34.7299,103.0439
341.9946,185.5639,35.0814,103.8072
340.9873,186.4828,35.0729,104.1471
340.888,185.9528,34.7812,104.429
340.0195,185.8802,34.8053,104.4112
339.1822,186.2346,34.9753,104.3971
337.5856,188.3369,35.1842,103.405
336.4501,189.4668,35.2424,102.3997
336.9022,190.6832,35.3971,101.6497
336.8655,193.1114,35.004,102.0721
335.7653,193.1936,34.9829,102.1199
334.9097,194.0639,34.6936,102.06
333.4366,193.0809,34.4256,102.4851
332.9424,190.6231,33.8741,102.8879
332.1406,189.5634,33.5564,103.3211
328.3928,189.0445,35.2777,103.1723
324.909,190.4475,36.9883,102.3551
322.1734,189.5285,38.2161,102.0079
320.7247,189.0141,38.8075,103.1234
318.4422,186.8333,39.7933,104.1299
317.4634,187.4867,40.6728,105.5428
317.5622,186.3369,40.6786,106.3453
316.6721,185.3345,40.5932,108.0437
315.2556,185.9439,40.7517,110.593
314.5957,186.5949,40.8051,112.5398
313.784,188.8293,41.1224,113.4465
311.9553,188.0073,40.9552,114.1579
311.5917,190.2027,40.5935,113.9405
310.8024,190.5875,40.9908,112.8369
308.6658,191.6986,42.4597,112.0705
305.6318,191.5401,43.7422,111.4161
303.5846,192.6075,44.5317,110.7481
301.4777,193.355,45.5106,110.5662
299.6431,194.5397,46.4369,109.5524
296.8131,194.087,46.3238,109.5442
294.138,191.1924,46.1442,109.729
292.9389,189.8797,46.0494,111.1287
291.5077,189.5862,45.8415,112.8718
289.7174,188.7929,46.0927,113.9916
289.5618,187.5183,46.1768,113.984
288.7605,186.27,46.1982,114.3786
289.8877,184.5606,45.4486,115.3409
291.559,183.7173,44.4677,115.95
292.6708,183.6324,43.2398,116.4062
293.0418,185.7475,42.2666,116.4507
293.742,186.3909,41.8286,115.9193
293.7923,185.5744,41.6323,115.0319
293.5799,186.0273,41.9954,113.81
292.7446,184.7977,43.4049,113.0643
291.355,184.5713,44.4406,112.515
290.3359,184.0238,45.1149,111.935
289.5696,183.1379,45.5206,112.261
288.4233,181.2401,45.9513,112.4386
288.0749,181.1552,46.4583,112.7594
287.8338,179.3144,46.7537,112.7438
287.3195,177.6558,47.2336,113.2641
288.736,175.7944,47.5481,113.6234
288.6086,175.2311,47.8363,113.7751
288.4051,173.4588,47.6755,113.8943
287.4193,172.2519,47.6536,113.8869
288.0704,172.4395,47.3269,113.3026
288.7891,173.3594,47.0515,112.8522
289.353,174.1292,47.0022,112.2274
290.1265,174.6297,46.6316,111.6713
290.87,174.7813,46.7895,110.9138
292.3692,172.4648,46.3884,110.7024
294.7425,170.6673,45.5643,111.1057
297.3366,169.8978,44.9014,112.4328
300.5396,170.6784,44.143,113.4718
303.9489,171.9107,43.5475,114.4669
306.614,171.8252,42.9542,114.6796
309.2436,173.0368,43.1349,113.8387
312.2101,172.3977,42.629,113.8945
314.8419,171.9907,43.0658,113.3334
316.0242,172.9906,43.5708,112.707
317.6517,173.6865,44.3084,111.7349
319.0191,172.7733,44.7685,110.9345
320.4777,172.53,44.9161,110.3643
320.9191,172.0368,45.475,109.5433
322.4463,172.1015,45.7482,109.4657
330.8493,170.656,45.3121,109.5299
331.622,169.5555,44.5394,110.0587
333.0146,167.7396,44.1657,110.1039
335.5026,167.156,43.9243,110.3121
336.5821,164.9071,43.3125,112.3668
337.9651,160.7526,42.8036,114.7429
336.3408,159.3254,43.2526,116.1938
334.7914,155.5795,43.2365,118.1654
333.5992,153.0182,42.8394,121.385
333.3103,150.8527,42.2149,125.332
331.8002,145.7089,42.1121,126.8312
330.7205,139.8037,42.153,123.9037
330.0123,138.4305,40.9526,122.2899
329.7253,140.2211,39.9129,122.6901
329.6511,141.0182,38.8337,123.362
329.2204,141.4959,38.3696,123.1975
329.5666,141.3781,38.2304,124.6079
329.6231,144.0993,38.0437,124.5629
330.2883,147.8916,37.6158,124.1311
330.9358,150.1782,36.85,122.3491
330.5668,153.65,35.617,119.6688
329.8219,157.0766,34.9744,117.9196
329.6189,161.5831,34.5808,117.9269
329.9259,163.8889,34.2503,116.5713
331.0529,164.8509,33.8052,114.9817
331.7591,163.5233,33.3183,116.142
333.5399,163.9857,33.4068,116.6578
333.7749,164.3364,33.7824,117.4296
334.946,165.1116,34.109,116.711
336.2787,166.3396,34.2194,116.2534
337.1981,167.3391,35.3808,113.5
337.9516,169.1184,35.8886,112.4044
339.1126,170.243,35.8277,112.5568
331.8865,179.4473,36.6135,111.8854
328.9006,174.3391,36.6156,112.2129
329.571,176.3244,35.9567,112.6719
330.331,176.8967,35.2512,113.4626
330.9005,176.6433,35.2929,114.5909
329.5911,182.6817,37.3035,113.5421
337.637,183.317,36.4784,116.3472
337.4005,180.1497,36.738,116.5005
306.4874,156.6767,38.3105,117.075
313.4983,160.5902,38.1213,119.3913
323.06,165.7708,38.7192,119.2918
332.4895,172.619,38.68,119.9982
333.0357,183.7666,39.2276,116.8239
339.1476,189.6416,40.9355,114.9197
338.0372,199.4316,41.3162,115.222
338.2197,206.3768,41.2637,118.3747
339.3419,212.6503,39.7804,119.5814
341.1098,214.8022,38.5637,119.3264
342.3392,217.0654,37.726,120.4182
342.7088,218.3448,38.1543,121.5225
342.5526,216.4022,38.9962,120.5333
342.8941,215.7272,39.7989,118.4804
342.099,218.5095,40.5054,116.6543
341.6552,217.7162,40.3794,115.4857
342.3846,221.322,39.804,115.5689
342.7758,219.3493,38.8354,116.1827
343.5437,219.0277,37.7925,116.7613
343.3086,222.5567,37.7362,116.5637
342.9006,223.0693,37.2135,116.3081
342.4862,223.2795,36.436,115.0221
342.6175,222.1148,35.8787,114.0018
343.2242,222.2606,35.1237,113.488
343.8682,222.3958,34.6951,112.701
344.4896,222.2144,34.32,112.4151
345.8904,221.0267,34.2379,112.034
347.0595,221.561,34.3194,111.2305
347.7868,221.0608,34.738,110.2326
348.9123,219.5522,34.7055,110.3087
349.1545,218.1229,35.0848,109.9725
349.9154,218.5678,34.8058,109.9781
350.1883,218.701,34.2972,110.7335
349.5206,217.4406,34.8525,110.6446
348.8104,216.6541,34.6942,111.7285
347.8937,215.6613,34.656,111.8887
347.0249,214.6441,34.523,111.9646
346.7917,215.728,33.9486,111.269
346.6763,216.7494,33.537,110.6956
346.4572,217.5874,33.5971,110.0013
345.6096,216.3331,33.9395,109.7691
345.4501,215.8206,34.5236,109.8673
344.587,215.8945,35.7539,110.4627
342.8503,215.0441,36.3927,109.4032
343.3798,215.0451,37.7032,108.1312
342.4107,218.0013,38.5166,107.1413
342.76,216.0219,39.0453,107.1917
341.1325,217.7896,40.0836,106.4868
340.3234,215.9763,40.1757,106.2381
340.0432,215.6256,39.5173,105.3299
339.31,215.4051,38.8236,104.2503
338.5003,215.5867,38.7049,103.1974
337.0511,216.0731,39.0077,101.9653
334.5737,216.4812,39.8772,101.0185
332.0487,218.724,40.8839,99.1354
331.4723,215.5823,40.9361,100.214
333.99,216.4543,41.2621,99.3642
336.1188,216.2385,41.092,98.8389
337.7327,216.5272,39.8499,99.7855
339.0466,215.7616,38.9076,101.5882
339.9244,216.2714,38.3557,103.172
338.405,210.1782,37.5178,104.5796
336.2374,211.4203,37.152,103.2337
334.1367,215.2438,36.4341,101.4168
331.1575,215.8344,36.9852,99.1311
327.9302,216.8404,38.1558,96.1379
325.1877,214.4399,39.5715,94.558
321.3843,213.4167,42.0834,93.046
313.9112,210.1893,43.8478,92.7565
