1
81.6584,150.2853,27.8546,30.859
82.5367,148.871,27.2614,31.8576
81.7235,147.5564,27.6024,32.361
81.5844,146.4506,27.9103,32.2436
80.7072,144.7454,28.1044,32.7354
80.4081,144.5342,28.4123,32.8416
79.9138,142.7204,28.8886,32.879
78.3913,141.1481,29.7395,32.9772
77.1983,139.6815,30.3056,33.4423
76.2187,137.1196,30.5204,34.394
76.1163,134.5846,30.6592,35.7413
76.1315,134.2399,30.7447,36.3078
74.6265,132.4938,31.725,36.5107
74.5472,131.0132,31.9288,36.8698
74.0065,127.3178,32.0504,37.6209
73.7884,125.7518,31.7927,38.4658
72.7808,119.914,31.6829,39.7656
72.9357,116.0723,31.3793,40.8788
72.5967,113.1514,31.3274,41.1904
72.288,109.7053,31.7206,41.2692
71.5631,106.5469,32.1056,41.3367
72.9605,104.6458,32.4185,40.8527
73.4073,102.5392,33.1784,40.1453
73.8521,100.487,34.049,39.5698
75.646,96.8889,34.5306,38.9048
76.4255,95.4901,35.6968,38.5083
78.4077,91.5634,36.3977,37.9661
80.561,90.9309,37.2878,37.5821
81.7481,87.8888,37.8817,37.0671
83.8559,86.6997,38.4568,36.9476
84.926,84.5914,39.5475,36.4249
86.0059,81.405,39.7885,36.0204
85.697,78.8983,39.7476,36.0188
85.3415,76.2738,39.4865,35.9547
85.1504,73.4515,38.5742,36.0495
84.9269,71.125,37.627,36.3561
83.8326,68.3793,36.8915,36.5517
82.0561,65.9088,36.6449,36.5604
80.2421,64.273,36.9284,36.6485
78.5554,63.4764,36.837,36.4373
79.1244,61.8455,35.541,37.0434
80.38,61.1595,34.2229,37.2518
80.7911,60.1348,33.3227,37.5012
78.4657,59.2403,33.4622,37.7945
78.26,58.4362,33.1709,37.7065
78.4802,58.8132,32.4645,38.3204
78.5884,59.4143,32.3512,38.3432
79.2542,60.1934,32.0485,37.627
79.0055,61.1462,32.2512,36.3199
79.4018,62.2083,31.7542,35.2516
79.2287,62.3915,31.3504,34.3485
79.994,61.6231,30.155,34.2185
80.358,65.3688,29.5871,33.5981
80.3273,69.0778,29.3989,33.7253
81.2969,71.4169,29.1596,34.5362
81.9659,73.7584,28.8783,34.7992
84.5545,75.622,28.6703,35.3535
86.6388,77.8487,28.69,35.4175
88.8368,79.8642,28.6645,35.5466
87.4813,82.3695,28.2295,35.9541
87.8843,84.1528,27.7112,36.5485
88.0493,85.4394,27.5111,36.9413
90.1941,85.5101,27.6158,37.1652
92.5376,86.0063,27.5199,37.458
92.2101,85.3447,27.266,38.0081
94.6608,84.931,27.2344,38.5911
94.6817,84.7697,27.1647,39.0093
95.1362,85.0172,27.3727,39.2735
95.5289,85.3456,27.482,39.4854
95.5601,85.8625,27.6844,39.5869
95.5965,85.3462,27.7033,39.7854
95.8179,85.2277,27.6759,39.8912
95.3186,84.5409,27.7267,40.252
95.0257,84.6398,27.6866,40.282
96.9441,84.7797,27.7993,40.3256
95.8347,84.9156,28.0467,39.8425
95.573,84.7397,27.9927,39.6756
95.711,84.8639,27.8233,39.4676
95.9391,84.8257,27.6054,39.4141
95.7075,83.8934,27.6278,39.2622
95.7672,83.6023,27.5754,39.0796
96.4411,83.3316,27.5977,39.1084
96.3542,82.548,27.7545,39.4191
96.9335,81.1015,27.7179,39.7828
97.2015,80.4259,27.5037,40.2715
98.0155,80.195,27.3499,40.6872
99.1805,78.9914,27.1199,41.1622
99.6141,78.1404,26.9512,41.6001
100.1747,77.4523,26.8573,41.965
101.0174,77.7322,26.7996,42.0889
101.4372,77.4814,26.7897,42.2513
101.3113,76.5613,27.1509,42.1884
101.4503,76.9414,27.3899,42.4243
101.7673,76.6103,27.3309,43.1088
101.977,75.8008,27.2563,43.8595
102.1434,75.5485,27.4861,44.0303
102.3093,75.911,28.1948,43.7734
102.7641,75.2068,28.636,43.3461
103.2948,75.5576,28.9574,42.8198
102.5763,75.006,29.2322,42.8913
102.0648,75.1917,29.1437,42.873
101.8405,75.3195,29.1302,42.3437
101.847,75.6157,29.4403,41.7413
102.0041,75.9611,29.8357,41.0165
104.5882,75.2667,30.2997,40.2736
104.276,75.6443,30.3128,39.6556
103.8862,75.5656,30.3941,39.0221
104.6404,75.427,30.2918,38.5027
104.5278,75.7237,30.1953,38.1589
104.4986,74.8383,30.2121,38.4437
104.5459,73.8532,30.3715,39.1608
103.735,73.4012,30.857,38.6728
104.2876,73.1603,30.4356,38.4467
103.8368,73.3764,30.3198,38.9037
104.1325,74.0625,30.0027,39.1147
104.6457,73.4877,29.5123,39.6794
105.1408,74.6924,29.3628,39.7077
105.5206,75.8009,29.4935,39.283
103.4181,76.8326,30.5704,39.0098
104.1586,78.9171,31.0457,38.9582
105.7128,77.5295,31.2112,38.9721
103.4061,78.9753,31.9228,38.7975
101.1369,80.0958,32.4771,38.9338
96.3359,80.9409,33.1184,38.2698
91.5869,81.5853,33.0432,38.0206
91.5293,82.6685,32.9068,37.8093
96.0257,82.4034,32.7354,37.8459
95.8665,84.4801,33.3461,37.6439
97.9262,84.3333,34.0764,37.2567
97.4853,83.4393,33.525,37.8313
100.2789,84.2417,32.7683,38.6386
100.1492,85.6015,31.8397,39.6107
99.8487,87.2619,31.334,40.7532
99.3161,89.3964,31.8481,40.5723
97.5709,90.4526,33.6347,38.8163
96.9629,92.4564,34.8836,37.3841
97.4331,94.2045,35.1096,37.1222
97.4261,94.2946,35.3261,37.2928
98.4276,95.0001,35.4832,37.2705
99.4431,93.8162,35.6725,37.4526
101.1943,92.6071,35.5961,37.809
103.7411,91.2905,35.2048,38.1504
106.3984,90.4779,34.5795,38.1753
108.5475,89.0817,34.2961,38.2346
109.3843,88.1836,34.7997,37.7301
110.9067,86.7707,35.088,37.6086
112.1657,86.2886,35.4303,37.4689
113.1142,85.3299,36.0049,37.738
115.518,83.4803,37.1899,37.2981
115.7166,83.6128,38.4296,37.06
115.4708,83.7589,39.5684,36.7049
116.6577,84.2666,39.7743,36.3365
117.7937,84.3362,39.7489,36.061
117.8541,84.2671,39.2642,35.8391
118.0919,84.2916,39.0236,35.367
118.321,84.3663,38.0702,35.1027
118.5462,84.4076,37.2395,34.7686
119.5415,83.5304,36.0065,34.924
120.2973,82.1034,34.8919,35.1281
120.0574,80.7279,34.0672,35.2794
120.0392,80.2826,33.8178,34.637
119.995,79.9196,33.0226,34.1244
120.817,78.9925,32.9222,33.6279
121.5616,78.8253,32.7842,33.5646
122.1619,79.3108,32.6553,33.4128
122.9471,79.3626,32.6072,33.2013
123.8156,79.1953,31.872,33.1076
125.0571,78.1538,31.063,33.329
126.5521,77.2119,30.6341,33.5883
127.0576,76.9308,30.1769,33.9071
128.1441,76.5426,30.7502,34.1859
128.8238,75.6918,30.7547,34.6495
129.6623,74.7351,30.8452,34.9345
131.4244,73.367,30.8801,35.3332
131.6424,73.4674,31.5732,35.0227
132.6948,72.9348,31.6491,35.5918
133.4499,73.1941,32.0031,35.5021
134.4994,73.5974,31.7791,35.5732
135.286,74.0504,31.6388,35.3444
136.6638,74.2449,31.6824,34.4883
137.9072,75.2236,31.4978,33.8902
137.5864,75.9856,30.5794,33.4811
138.2827,76.9254,29.2241,33.4163
139.2989,77.5727,28.4355,32.7857
141.4178,77.369,27.7834,32.3507
141.7187,77.9857,27.315,32.1384
143.56,79.1662,27.0355,31.9937
143.8514,79.9935,26.9377,31.9678
144.259,81.6924,27.78,31.1881
144.5757,81.9851,29.1108,30.1932
145.6174,83.4907,32.1707,28.4582
145.5236,84.7763,35.6474,26.4531
143.1003,85.9123,37.3394,25.6271
142.3574,86.9327,39.4731,24.4529
138.9901,90.3245,39.6102,24.3953
137.4619,93.6648,39.6739,24.2935
132.5577,89.9527,38.2921,25.2094
123.6246,113.2389,34.5843,28.7095
126.8689,114.9891,32.7464,30.5035
129.9734,117.5296,32.2352,31.5173
129.8041,116.2438,31.8285,32.2541
128.2193,116.9798,31.6697,33.1544
127.5961,115.0042,31.2562,34.1409
126.7822,113.7557,30.6953,34.6035
127.4555,108.4316,28.8064,36.7861
126.6812,104.0531,27.2354,37.7912
124.5119,104.4894,25.7482,39.1271
124.2872,104.9608,24.4437,40.6881
123.1877,105.2392,23.6496,41.6573
122.1074,108.5173,23.1878,42.6741
120.5298,112.3438,23.1311,42.9737
124.1048,89.7131,27.4547,39.4162
123.2061,88.982,30.9934,35.6618
120.7786,90.9442,33.0032,34.5982
118.1554,91.4535,34.4493,34.4736
115.7139,90.5279,35.262,35.0091
114.3497,89.7573,35.5494,35.4184
113.9928,89.1098,35.3579,35.6286
112.7033,89.0047,35.0944,36.0873
112.7983,88.097,34.3831,36.3065
112.7819,88.0445,33.3907,36.4877
112.6275,87.7258,32.379,36.8779
113.2328,88.4878,31.8246,36.5782
114.0972,88.5182,31.5351,36.3164
115.1784,88.9577,30.9956,36.3161
115.6547,89.0661,30.6989,36.0474
117.3025,89.8011,30.2823,35.6324
118.3513,89.3002,29.8467,35.4255
120.2378,89.1933,29.1805,35.694
122.3627,89.3025,28.6163,36.1286
123.6597,89.1582,28.2116,36.2822
124.6045,89.3472,28.1138,36.6832
126.5281,89.295,27.8097,37.0727
128.3317,89.067,27.5324,37.281
130.695,88.401,27.3715,37.5124
131.7648,86.8585,27.2961,37.7109
133.1724,86.2361,27.6401,37.4896
134.8122,85.7384,27.5735,37.4399
135.3278,84.7554,27.7901,37.2808
136.4026,83.7691,28.144,37.0969
138.3877,83.8773,28.6384,36.4845
141.152,82.2173,29.4494,36.4836
142.4345,81.7971,30.0962,36.0226
144.5947,81.0376,30.4043,36.0653
146.2524,80.2683,30.9,35.9178
148.0228,77.5336,31.127,35.9052
150.8582,77.9465,31.7085,35.5268
153.8291,77.2936,32.5089,35.1608
156.9929,76.4944,33.3358,34.8347
157.6349,74.695,34.9812,34.6241
158.1429,73.4928,36.4209,34.6297
157.4097,73.1631,37.6131,34.6954
157.0476,72.3252,38.2373,35.2799
156.8376,70.7615,38.6957,35.5173
156.0937,70.811,38.7724,35.6788
155.7746,68.7049,38.6989,35.5609
155.7086,67.9295,38.5723,35.4762
155.6488,65.8836,38.057,35.7415
156.0391,64.6193,37.3492,36.1654
156.7709,62.6238,36.844,36.3938
158.2519,61.4575,36.1924,36.8019
159.6238,60.287,35.6787,37.2203
161.285,58.722,35.2802,37.5073
162.1383,56.3726,35.0981,38.2461
162.289,55.4375,35.069,38.6799
164.2081,51.7943,34.9667,39.2402
165.9614,51.1915,35.2474,39.6484
167.2261,50.2815,35.3384,39.576
169.3647,47.2632,35.7739,39.0813
169.2427,46.3627,36.8871,38.256
169.154,46.2507,37.707,37.7675
169.3962,45.7584,38.385,37.5163
169.3744,45.7107,39.105,37.3271
169.1418,46.2329,39.6244,37.3025
169.996,46.4198,39.9588,37.302
170.0218,46.3153,40.5289,37.1732
170.5047,46.1895,40.7644,37.1228
171.4648,46.0445,40.6995,37.057
171.9753,45.4304,40.5804,37.6008
172.4075,45.2052,40.5132,38.1874
172.1808,45.5655,40.642,38.102
171.9586,45.2882,40.6502,38.7087
171.8123,46.5107,40.4856,38.6598
171.1979,47.7052,41.2443,38.2482
170.744,47.9223,41.9646,38.0
171.0357,48.6895,42.1287,37.8599
171.637,48.8173,42.2054,37.5754
171.3835,48.686,42.389,37.2128
171.6987,48.4574,42.3588,37.229
171.3441,48.9418,42.1719,37.2143
171.5401,50.4147,42.0143,36.9015
170.8223,51.0343,42.2808,36.547
170.4702,50.712,42.5674,36.4638
169.9421,51.2552,42.7,36.2427
168.699,51.0082,43.0004,36.2708
168.5453,51.1794,42.7205,36.4713
168.3754,50.9598,42.8704,36.5009
167.327,50.9187,42.718,36.5325
167.2175,50.8815,42.8146,36.5736
167.6283,50.7778,42.4901,36.7826
167.6386,51.2204,42.3806,36.4558
168.502,51.1242,42.2031,36.328
169.155,51.5122,41.9803,36.3327
168.958,50.9643,41.886,36.1143
169.7987,51.4074,41.8678,36.1523
169.7966,50.745,41.6877,35.9005
169.0763,50.5966,41.5396,35.7032
169.5346,50.6874,41.7523,35.7608
169.1172,50.4584,41.4901,35.5607
169.5322,49.8407,41.3534,35.5749
168.2806,50.0477,40.8709,35.5715
167.9713,49.5503,40.6749,35.3078
167.6765,49.2922,40.1133,35.3745
167.3739,49.3735,39.6875,35.5223
167.2541,50.0079,39.1925,35.5586
167.4563,49.8174,38.8562,35.4105
167.079,50.3412,38.7551,35.357
165.9546,50.4851,38.3247,35.5991
165.9877,49.3434,38.2575,35.8719
165.7525,49.3715,38.2541,36.1234
164.8952,50.3392,38.0696,36.1565
163.8527,51.1484,37.739,36.1012
163.4288,51.0068,37.36,36.635
162.9362,51.9673,37.3054,36.783
161.612,53.2345,37.3181,36.9551
160.893,54.5527,37.3526,36.6202
159.7563,55.8241,37.2768,36.513
158.6752,57.1457,37.4908,36.2081
157.708,56.6179,37.708,36.0781
156.9465,57.4151,37.632,36.0726
156.0508,57.5394,37.6879,35.6656
154.237,58.7776,36.9934,35.6457
152.8517,59.6807,36.4581,35.8493
152.2813,59.9775,35.2007,36.3407
152.132,60.262,33.8964,36.406
150.3642,60.1496,33.0008,36.3842
149.1929,60.0682,32.5837,35.9981
155.6394,61.7909,35.1027,33.6042
153.6053,63.1922,36.7639,31.9027
153.0306,64.3054,37.75,30.9916
152.6348,65.2642,38.6044,30.1661
152.9098,66.3041,39.0712,29.6961
149.805,66.1327,37.5144,30.392
150.1666,65.0414,36.7069,30.9805
147.8582,65.3379,35.4142,31.2569
148.8103,64.5173,35.0161,31.3673
149.4188,64.2308,34.8136,31.3207
149.9717,64.7478,36.0143,30.4397
147.1187,64.2648,35.4963,30.7778
150.5789,64.7389,36.8024,29.9694
149.4721,64.8423,37.9608,29.4861
148.7855,65.4022,38.5465,29.192
146.2627,65.1686,39.0291,28.8748
147.3057,65.3901,39.2819,28.7027
145.177,65.1451,39.4765,28.4912
147.4634,65.6439,39.9668,28.2463
147.5735,67.9972,40.9425,27.9611
142.1255,67.354,38.4708,29.4722
146.0612,68.3158,38.7339,29.0257
147.3901,71.0431,39.8286,28.7088
146.2119,72.502,40.2299,28.6038
148.9225,75.6771,40.8806,28.4327
145.9272,76.7502,41.2956,28.4305
145.9468,77.369,41.1581,28.3781
146.0152,79.9266,41.7798,28.4385
