1
740.0385,226.728,81.7329,175.5708
741.5312,227.0165,81.2958,174.823
755.1653,232.4559,81.2491,174.2584
763.9102,230.9194,81.8098,173.3827
764.7338,229.6559,81.4017,172.017
775.593,214.9381,79.1476,168.8776
777.3655,216.0537,77.7341,165.0057
783.1129,229.7951,88.553,150.6413
792.1408,223.3695,87.3566,149.5514
795.0531,218.6298,86.5178,151.3378
804.5775,218.6029,88.6365,155.3696
810.7967,218.9443,90.1625,157.8725
809.7932,217.2583,90.7973,159.4741
819.5501,224.4675,90.9818,159.5678
827.0569,222.4131,90.4922,162.1699
827.5102,221.0811,89.3868,164.432
826.5108,202.0023,90.5581,164.7635
846.6318,223.2083,85.7851,160.6023
852.6945,225.6888,82.3506,160.0904
864.4763,223.577,84.7598,162.0229
870.4426,213.4364,84.4287,165.473
873.1319,213.1148,85.6861,166.0368
872.6734,212.3708,86.2717,166.7326
883.7956,211.0748,87.8413,167.1412
888.8894,211.0305,87.4732,167.1971
898.1272,206.328,86.6826,167.2214
898.1248,204.6309,86.4118,166.8883
908.4934,207.837,87.2648,165.2515
913.4771,209.631,87.2084,164.9126
920.325,210.9855,87.3914,164.8012
920.6324,210.983,87.2701,165.0485
928.7349,212.0587,87.4537,165.8809
932.9328,206.499,87.8014,167.0832
936.6841,200.4396,86.856,167.3502
937.3525,198.5845,85.6245,166.8378
950.0548,209.5295,83.392,164.3476
949.0205,191.633,83.7305,162.521
950.8011,194.0126,84.6914,161.735
950.1412,194.5131,85.4479,161.2191
949.1953,201.2529,86.4597,162.3717
947.2614,208.0918,87.0503,162.7152
945.2752,207.1483,86.6517,165.6964
949.1387,206.7701,85.2914,166.7058
949.7542,204.224,84.6809,168.6695
954.8703,201.0692,84.4305,170.3842
958.032,190.7473,83.781,171.2181
960.4008,188.042,85.1191,169.2224
962.7451,187.6291,87.1711,167.6201
962.5042,187.008,88.4061,167.5059
968.7052,193.9134,86.4325,166.5808
970.1882,192.2847,87.0498,169.1785
972.9538,192.6354,87.2103,171.4108
975.1011,192.1305,87.6476,172.4452
980.3207,196.5499,89.0073,173.73
984.1509,199.2817,90.5117,172.8658
985.1423,199.1264,91.5213,173.6913
984.7446,199.142,92.1287,174.0695
991.1264,204.2514,93.7028,172.6449
995.337,203.1401,93.3372,173.273
1000.0372,201.1579,92.8014,175.0512
1003.9487,196.9265,92.2506,176.5269
1005.9484,196.8927,91.4788,178.9571
1006.7892,202.8882,90.2944,180.3552
1005.46,210.7111,90.2067,180.5148
1004.085,211.6862,90.3848,179.1676
1006.6243,212.0691,90.2442,179.1996
1008.2229,215.1325,89.6448,178.7365
1006.0881,219.5836,90.0015,178.434
1000.7847,219.198,91.1643,179.0394
995.1338,215.227,90.6616,182.2662
990.6516,212.1529,90.1027,184.1116
982.5027,209.804,92.104,183.7533
971.9782,210.577,93.0696,182.1048
961.0726,206.6453,93.7691,182.3407
948.9495,201.3794,94.003,183.0038
937.6151,196.2582,93.8673,183.2949
927.6075,195.6451,93.5855,182.2362
915.6514,196.1645,94.1852,180.5555
903.1414,200.4751,94.3417,178.3286
890.4407,203.6402,94.5668,176.5834
869.1012,208.261,94.3196,178.1717
854.6901,213.9943,94.4197,176.6025
831.4308,212.6778,95.2251,177.0267
809.9045,212.4974,96.8709,175.7436
786.4403,208.1346,96.0595,174.7792
759.0222,204.7563,96.2013,175.667
730.0054,199.5924,95.6801,177.0651
705.6986,193.1141,94.3213,177.5373
683.7999,186.3394,94.2334,177.0023
662.1409,182.548,94.3588,175.3925
641.5603,180.2295,95.3432,172.76
622.074,180.0525,94.075,172.804
604.2362,178.5643,93.7312,172.8838
591.2069,183.6109,93.8284,169.7766
573.8403,186.7226,94.3213,169.1271
560.6123,188.5793,96.563,167.5829
541.1243,190.8455,96.5214,167.9982
523.4565,194.6893,95.2088,169.3001
515.7169,197.155,93.3133,167.1033
506.7332,200.4075,91.8918,166.4032
494.884,200.3151,92.1456,166.5554
478.154,198.8516,92.3746,166.6255
462.0534,200.0017,91.4911,168.077
454.7676,208.3951,98.2922,161.8209
451.125,203.5107,104.3654,159.2894
437.0845,199.6561,104.1882,161.1428
432.3258,198.9673,111.7681,157.6442
410.5211,207.453,113.6825,155.221
405.3646,216.48,113.7713,153.8422
387.6024,223.6067,114.783,152.0014
380.0852,218.924,111.874,154.1639
369.694,217.2961,109.2565,155.3807
362.0846,219.5808,106.8797,160.4307
353.0265,224.9803,104.0393,164.0149
344.6848,223.2351,102.4022,165.925
341.9739,221.4599,102.2451,168.2798
332.9154,222.6103,106.8114,164.3903
328.5035,220.1614,108.0543,163.9604
315.8396,224.7067,107.6952,164.0315
304.1948,229.0562,107.2247,162.5403
299.9989,226.313,102.1203,165.0801
294.9954,224.883,97.9851,168.5648
291.4837,228.0337,95.0774,170.3323
287.6297,227.8588,94.2509,170.9647
282.0951,230.7287,93.9519,169.4493
279.4296,229.1301,93.4364,167.9078
273.8388,230.8318,93.9674,165.2884
272.5191,234.8282,92.7636,164.0508
270.2244,234.1375,92.1745,163.9686
271.0559,230.0432,92.9977,161.9089
267.0299,226.0871,91.2774,160.874
265.1042,224.4073,90.0271,160.6469
268.0696,225.1251,88.8067,159.9449
273.1456,232.807,87.146,160.3784
276.7234,231.6557,86.9887,161.3949
283.1703,231.2501,87.9089,159.8967
291.7768,238.9517,88.4508,158.7922
298.0224,243.2758,87.7893,159.0804
303.8254,240.7648,89.1999,158.6212
314.9398,246.6493,89.127,159.5489
322.1388,244.4005,91.1164,158.0534
326.7353,243.0226,91.6506,158.0515
328.3425,238.4366,93.1339,157.9512
336.8762,232.394,92.8703,156.1537
338.0467,232.5614,90.3517,154.9055
337.4802,241.3274,87.7676,153.8786
336.6268,240.1954,86.375,156.1969
334.9168,244.6895,85.7497,157.2082
328.4137,247.6512,88.1409,156.6387
327.2392,253.3639,89.401,157.755
327.3975,254.0589,90.1707,158.6798
329.0683,259.6123,88.0956,158.5913
332.8974,262.089,86.1307,157.7987
333.4657,262.6057,85.0805,156.4658
338.2149,268.7661,84.4448,154.9062
340.789,267.1568,85.3163,155.3136
339.0419,265.5203,85.6746,155.2444
341.9349,265.567,87.0472,155.0413
343.0011,262.4595,87.4574,155.1997
342.0654,260.027,87.2019,155.2288
345.4148,262.2311,87.8079,153.8934
348.5166,258.5564,89.4101,152.104
352.9497,257.1143,90.1334,151.103
358.5328,254.2468,90.1643,150.7114
363.448,252.0748,90.2401,151.5021
366.785,254.0934,89.2874,151.2407
372.9354,258.6199,90.1145,149.9383
380.7837,257.6224,91.6424,149.4764
383.6222,252.7111,91.2218,150.8636
385.9629,252.284,90.3294,149.5334
392.9583,247.9462,90.3652,149.9587
398.0556,245.7455,90.1143,150.0345
402.2072,242.6019,90.5167,151.0612
407.7532,239.8236,90.2531,152.0745
413.3907,241.7232,91.1904,150.816
418.8106,243.1563,91.2362,149.5075
422.7962,234.9298,88.5478,150.4553
428.4487,238.1846,87.3766,150.2048
433.3591,243.0035,85.0188,150.3672
438.815,248.4457,83.7934,147.8764
442.6008,241.726,81.3711,148.4107
447.9355,243.8933,80.4374,147.0802
453.152,249.4614,79.292,144.3614
457.0156,253.4741,79.0839,141.6029
460.6658,254.77,78.6413,139.9616
465.7569,256.3762,78.4733,137.9528
469.785,256.0721,79.2122,136.7788
472.9104,252.0534,80.5793,136.0773
475.8351,258.9511,80.9995,134.8329
480.9107,251.25,81.6118,135.475
482.6331,256.9435,80.98,134.4383
485.1069,247.66,78.0879,131.2423
490.0454,239.2246,73.1837,132.6004
493.9481,246.1621,70.5199,129.1754
497.8673,251.9625,69.0909,126.049
502.4761,257.1529,66.9056,124.15
506.7631,253.3378,64.512,123.1293
511.003,258.4653,63.4404,121.7203
515.015,262.6912,62.4339,119.2392
518.262,259.5211,61.5058,117.2153
