1
35.9076,62.2128,69.8626,90.4462
40.5505,68.3257,69.2521,89.5735
46.1811,74.7068,69.0851,88.487
54.617,79.6794,71.768,86.3428
62.9516,83.0944,72.5322,85.2438
71.3337,85.9025,73.3374,83.8381
79.6296,87.9709,73.7717,83.0514
87.5393,89.2065,73.7228,84.2426
97.3573,94.1738,74.5187,83.8597
108.8708,98.7987,73.3503,84.6073
119.3683,99.9382,70.89,86.3628
126.515,98.3146,69.1804,88.8944
133.5116,95.9408,66.9166,90.4437
139.0764,92.5856,65.2052,91.6434
143.7803,89.6483,64.339,93.0093
148.7377,86.6054,64.5847,92.9201
153.4249,83.1165,64.985,93.0535
160.3804,80.1543,67.0787,92.6569
175.7849,76.4156,67.698,90.9233
191.9652,74.8148,67.6201,89.1597
208.8877,75.353,66.8438,87.2778
225.4527,75.304,65.9484,85.7313
241.7195,76.2297,64.9521,84.161
257.6409,76.6894,64.2797,83.2739
268.0921,77.6859,67.4415,81.923
278.796,78.0987,68.7262,81.5294
288.7664,76.4748,67.5748,83.3658
295.5444,74.2319,65.3796,83.0334
297.285,71.9852,63.8152,81.8632
291.7798,73.5151,62.695,80.0046
283.0395,74.2708,61.3783,78.5047
270.0835,73.4541,60.8793,78.0003
256.6761,72.1087,60.9937,78.6063
242.1656,71.6447,61.4128,78.9601
227.6719,71.913,61.9236,79.3514
212.7648,72.8822,63.0812,80.5431
195.9738,71.6153,63.909,82.4913
180.7218,74.2394,65.8956,83.5256
172.9227,78.7327,65.038,82.9671
161.6471,85.9904,65.2276,84.6192
154.2409,91.7669,65.3988,84.9483
145.5537,88.911,64.9553,85.9821
139.5439,88.3081,65.5795,87.6493
133.4854,89.9388,65.8131,87.1385
128.6624,91.1354,65.7186,87.8932
124.8849,91.5757,65.59,88.3187
121.6458,93.1101,65.744,87.6328
118.7439,92.5599,66.1911,87.3668
116.0892,91.1904,67.4078,87.9781
114.2586,89.594,67.9483,88.9848
114.1619,88.137,69.527,89.5
119.4353,83.5096,69.5162,92.6711
127.7143,84.1631,71.6089,91.8235
148.1115,84.2141,72.1804,91.0199
168.0737,84.1535,71.132,90.7847
185.6668,82.3986,71.25,89.5416
205.2561,81.3135,71.7207,86.4047
223.7027,80.4375,69.7621,84.7333
241.6135,79.8903,68.1004,83.452
258.0875,81.1391,67.2162,82.0758
272.3835,81.9708,65.9473,80.8067
287.8254,78.4641,64.4304,81.7553
296.6476,75.5733,64.0137,82.9213
304.9245,72.7511,64.3617,83.4317
312.0106,69.9138,64.1113,83.4573
314.2664,67.7744,64.2473,83.1566
310.5446,67.5402,65.2964,83.4598
302.8453,69.2845,65.8805,83.8502
287.6677,72.9558,67.9413,84.7551
270.4827,78.1052,69.5543,86.1849
251.5521,82.2842,70.9781,85.9969
231.9082,85.0543,71.6239,85.0915
208.0799,85.356,72.5287,84.4522
183.5033,85.9564,73.3176,85.7587
166.2501,84.762,73.3866,88.3045
141.4079,83.2539,74.5478,93.2063
123.5012,80.109,75.613,98.0419
96.686,74.2766,78.0571,100.349
81.0189,69.6913,80.8909,101.2495
67.5667,66.1403,81.0156,104.1666
43.6853,64.7129,83.2101,103.4167
31.3559,68.1094,88.5504,100.3922
15.6357,68.5366,89.3605,99.8456
2.06,70.3742,89.0136,98.064
2.3516,68.5336,87.7131,97.0729
1.5863,68.909,86.6093,95.7183
2.9521,69.7985,85.7078,95.3134
2.7207,67.5585,84.2017,96.97
4.7957,60.7212,82.7767,99.3333
4.8865,65.5359,82.1492,101.0466
6.2373,61.8475,81.2901,102.1186
8.6186,61.5208,81.0473,101.4476
10.3537,67.0846,81.9709,98.7624
16.3555,68.5517,81.724,96.4497
30.1011,73.2936,81.9968,94.4745
37.6326,76.3129,83.7843,91.1923
42.9128,80.1657,83.3632,89.815
50.3952,82.9627,83.6432,88.9708
60.6446,90.9463,82.3238,90.8801
71.846,89.5537,82.6066,92.6836
89.5508,93.3994,82.5991,94.5363
109.7596,94.958,82.5925,97.2569
128.63,94.0126,82.0732,100.8701
150.2591,94.7504,80.9634,102.1737
174.606,96.1627,80.3595,100.6519
191.5639,98.1919,82.9361,99.6562
217.0691,105.2116,83.1585,98.6008
236.3519,108.2442,85.077,96.8433
268.2404,111.3172,82.7281,95.6532
288.729,112.4223,81.1836,95.9619
309.1383,111.5134,80.8742,97.8483
320.1301,108.7959,81.4484,99.6937
339.2018,105.178,80.382,97.2266
346.412,100.4551,78.2712,95.7656
352.0187,96.1951,76.5728,95.1211
353.4163,92.6271,76.74,95.678
349.7971,86.2059,77.2141,96.842
341.0739,82.4238,79.1399,98.455
325.8901,75.3914,81.3348,100.7745
310.3131,70.829,84.1762,103.4755
294.4195,68.9158,86.4215,105.2203
277.8866,69.2073,87.1976,105.1359
272.7047,70.6458,88.4502,106.4509
268.6363,72.9386,89.4751,110.4501
263.1945,73.4696,90.9749,113.6008
260.434,69.3387,90.82,119.5108
260.0093,66.7673,90.1992,125.7624
254.7995,82.3089,92.0745,125.4579
241.0199,84.3278,95.1454,122.5169
225.4289,76.0664,98.0205,119.4189
195.3799,77.7892,96.7875,116.5082
189.0788,75.0062,95.9147,114.0445
170.4118,73.9773,94.7586,110.5234
163.02,73.7856,93.2899,106.8911
162.3763,74.1232,90.7642,104.668
174.7363,77.5453,90.3215,101.8625
193.0217,76.9825,91.3709,100.2843
210.4057,86.0188,88.3631,104.4377
228.4247,90.6376,86.1083,104.2955
237.8045,93.3139,84.2867,104.2141
247.6229,96.8331,81.1896,102.117
252.8028,99.8014,78.3653,98.2651
254.0166,102.4038,76.0456,95.3294
250.7203,103.4302,73.7804,93.8931
246.8761,105.8814,71.5521,92.4688
241.7583,107.8415,69.9228,91.1001
235.7277,108.2509,68.3836,88.9478
231.3909,106.0866,67.9589,87.2511
225.3902,102.3053,66.8007,87.0344
225.8782,98.8753,65.7619,86.6333
231.4222,87.6218,65.9143,84.1112
241.2213,84.7306,66.8138,82.5039
258.1676,85.7445,67.6635,80.9841
275.9738,86.7945,67.8102,81.0143
292.0462,86.8932,65.836,81.075
301.2757,83.212,64.695,82.7755
307.5627,76.9047,64.3277,82.4445
312.8239,74.93,63.415,84.246
314.6426,73.7907,62.9004,84.4667
312.0008,72.927,63.5095,83.5296
306.5776,73.6682,64.6826,82.1656
301.5453,77.4808,65.3752,81.9331
294.3915,84.9926,65.6153,82.8172
286.5842,99.1468,66.1667,86.3299
280.1289,105.4951,67.4321,88.9858
276.1833,107.3851,68.7831,91.9297
271.3158,104.0568,69.9693,94.0808
258.0352,95.9794,70.7456,94.3727
243.7982,86.0144,71.6499,91.9164
236.8985,81.7675,72.3247,90.2984
228.8716,77.3507,73.699,89.7332
220.2845,73.4754,74.8345,89.8661
213.9613,71.535,75.968,89.9036
214.6128,72.0345,77.9383,89.3919
211.5765,73.4079,78.3773,89.3938
195.1359,75.7817,80.3234,89.4048
179.7504,78.0522,81.1819,90.3713
164.06,88.2904,82.6697,91.0818
160.3297,92.8573,84.3521,89.771
163.6216,94.9462,83.7939,89.4776
171.2111,95.8109,82.3087,88.9208
169.963,93.1385,80.5654,89.1321
170.6783,92.1282,78.9805,88.3625
185.4974,92.8024,78.4536,87.2825
193.1565,94.3129,77.5428,85.3845
199.4518,94.7744,75.7519,84.0793
204.6169,92.1532,74.3844,82.8297
207.9404,87.8702,72.9199,81.2042
216.8664,84.1302,71.9628,80.4761
222.6883,80.5016,70.7213,79.4643
220.6022,78.4475,69.2279,79.1621
220.8429,77.6802,69.1152,78.2488
221.8556,77.4682,68.853,79.2248
222.4597,74.3488,68.3841,80.861
224.6026,74.8814,66.6325,82.8566
224.3711,79.3628,66.2793,82.0215
223.7653,81.6397,65.6964,80.618
223.7718,83.8914,65.2128,79.4123
225.0876,82.3576,65.3347,80.0552
227.7435,80.6128,66.7891,80.9366
235.6005,79.4507,70.7149,81.6128
250.3014,78.3224,72.9984,83.2136
269.6739,79.3243,75.2559,85.5273
278.9066,77.7697,76.2913,89.5847
270.0254,73.4503,77.2876,92.7374
260.3983,72.2458,77.4849,94.2423
242.9666,74.1834,78.1982,93.5965
239.3913,78.3665,78.3449,93.5104
244.6867,82.5537,78.3542,94.57
251.4426,86.4326,78.8228,96.0253
246.6554,89.5269,78.3464,97.7849
230.8595,87.5263,78.2891,100.4303
212.156,85.2508,79.6204,100.0608
193.551,82.6589,82.5056,99.468
175.2543,86.7856,85.0467,96.9527
158.9724,95.1495,84.3959,95.2566
151.8186,104.5616,82.4735,94.4992
150.0017,108.4081,79.4534,95.1215
152.8267,109.4049,76.8623,95.8536
157.5195,103.3697,77.1828,96.6982
168.572,95.7799,78.1124,96.6069
174.9757,88.2028,77.6771,96.3885
183.9229,79.3558,76.3683,97.167
194.3782,69.7361,75.6736,97.805
207.2909,64.982,74.9732,97.2522
219.7562,60.3731,74.8281,97.2366
229.8234,55.8763,74.2027,97.4221
236.5126,58.6196,73.1643,96.3311
240.1508,64.7852,72.6192,93.8301
238.3964,71.3682,74.1854,91.2461
231.3829,76.5076,75.7031,88.3665
219.6178,80.2205,76.7629,86.3552
213.5286,80.6813,79.472,86.3127
208.7645,88.2896,80.5996,86.3091
191.7826,101.427,81.6484,84.5586
187.2229,111.4013,82.3558,85.9753
187.678,111.6665,82.7619,87.03
192.4097,104.1815,83.8986,87.3307
197.5823,101.1496,83.6306,91.5211
207.7551,88.4216,82.849,91.7938
219.0629,84.4578,81.1821,93.023
221.8033,68.366,80.1336,95.9183
230.472,79.4934,79.3782,94.7625
233.613,83.8751,79.4533,94.0818
239.3274,89.0243,78.7807,93.4274
242.59,93.4445,77.9588,94.4452
244.9563,97.5095,77.1103,96.058
244.6487,99.3728,76.1628,98.4987
234.4273,93.2008,76.908,96.6957
229.242,96.2707,77.3645,97.5321
216.1619,99.7535,77.498,97.4886
205.7621,103.0369,77.5696,97.3655
204.2249,103.3423,78.1359,97.8198
201.9693,109.4883,79.6937,97.5611
199.6273,114.3669,81.6808,95.0363
202.4164,114.205,82.0777,94.8138
206.4069,111.5392,80.961,96.5969
216.4412,106.601,79.9024,97.55
227.4463,97.8888,79.6941,100.796
229.9505,97.9345,79.8597,102.7982
230.4559,95.1684,80.3673,105.0531
224.9576,84.743,80.556,109.0629
212.6152,86.0703,81.8983,110.1349
207.9457,86.397,84.1024,112.2805
203.5985,77.374,86.0005,116.1413
199.9764,69.7255,88.122,119.3493
202.9272,71.0233,89.9181,120.9774
206.5394,69.299,89.7479,122.0352
206.4685,64.1326,89.8603,123.4587
213.7836,59.4239,88.0567,127.0592
209.5552,59.8093,89.2236,126.461
206.3062,61.8672,91.0217,125.7527
201.3806,64.4034,94.3414,125.1286
197.3385,67.0584,97.353,124.5279
175.6816,57.7121,101.2409,117.0593
167.8612,61.7248,103.7275,111.798
147.1311,65.9271,102.5864,109.055
131.159,72.2953,99.826,107.5681
128.0585,74.6108,97.3272,106.6068
125.5202,73.4347,94.177,106.2693
128.7335,66.9779,92.2371,105.667
141.05,62.1263,91.3327,104.875
168.2755,54.1691,92.6974,102.1522
186.2421,54.489,91.9855,100.3567
206.7767,59.5234,90.6503,101.049
228.8045,64.2791,88.9166,103.8272
252.0246,66.7852,87.7475,108.8354
266.7388,79.9247,88.278,112.3853
275.5839,80.2423,89.448,116.3328
271.0171,73.2477,91.2021,119.5459
264.9394,67.7858,92.5996,124.2067
258.5919,65.1591,94.3083,128.1671
253.2542,66.0729,95.5034,130.3247
250.2294,65.0096,96.9906,132.1842
249.529,65.2322,98.0786,131.6472
248.5543,66.4997,99.7815,132.0665
246.4424,66.7108,102.3231,132.9626
233.8999,68.5965,106.5356,132.6051
219.6225,80.0628,109.6445,132.1568
206.603,82.3025,112.4298,129.39
192.0667,85.2626,110.6613,126.4985
207.8443,85.4753,110.7771,125.604
209.8305,84.0763,106.6323,124.7403
223.798,84.1658,99.097,126.3801
231.9687,86.0191,94.9548,126.5547
239.4633,90.9803,93.2218,122.813
240.5497,91.085,90.6773,119.0257
239.172,88.4079,88.4605,118.6083
239.4549,78.9412,87.1751,119.1598
242.2391,81.1379,86.4429,120.6856
243.2048,81.1085,85.9397,121.4235
236.6095,69.0264,86.3619,122.5238
203.8288,58.232,89.8027,116.4798
182.1844,67.8676,90.475,114.8419
171.8637,69.321,91.0951,110.8051
164.8802,77.1968,92.6609,108.9855
176.2255,73.2094,91.8707,107.0015
197.5317,70.517,90.1404,106.5837
236.8843,60.3147,89.8911,106.5252
269.0384,62.9002,96.5425,108.0582
292.9245,64.7336,93.278,107.1621
291.7742,58.0075,92.5734,105.7849
267.0833,57.3783,92.2565,104.756
232.9825,58.0934,95.9492,102.1993
192.1328,70.9902,94.3652,100.2624
178.6559,94.9964,93.4449,101.3582
186.9996,106.1986,95.6954,101.8044
184.4423,115.1571,97.9428,102.5546
191.5777,100.7326,96.236,106.1277
199.1539,93.8177,92.3098,111.7379
216.2954,82.2068,89.2713,113.4604
234.3505,72.3374,86.21,109.4298
238.9531,70.7147,82.6422,106.4495
228.6317,71.2295,83.9894,105.8506
215.9838,69.3569,86.8187,105.1006
204.0135,86.5432,88.0334,104.6871
201.4627,104.0704,88.7526,105.1752
198.8472,103.6868,90.1185,105.3788
228.7838,111.5133,87.2083,102.9333
258.7654,110.8711,85.3019,101.5347
291.2898,109.1748,86.3941,100.7432
312.8516,99.4276,90.3231,101.4338
323.943,83.2687,88.0578,104.0513
307.2963,69.8107,87.266,102.569
282.1488,66.9565,84.7115,104.8988
253.488,64.6368,83.8654,107.5204
228.7715,68.3931,87.0844,104.1916
202.5247,71.6293,90.49,100.7941
162.0112,83.1411,91.4735,99.3797
135.2218,90.6568,89.753,96.9081
134.2917,99.9234,88.4661,94.4066
139.1475,105.4102,86.0084,91.6584
182.8276,129.8724,87.0519,91.2193
191.7338,131.9449,86.8355,90.3681
191.9708,122.8292,85.9472,92.2896
197.7451,108.3955,83.0993,96.5817
194.9501,98.3789,81.4729,100.1279
179.6699,83.4907,83.6325,99.5284
162.0544,81.8961,85.4687,98.1009
140.5515,86.4025,85.7537,96.3635
133.615,92.0614,83.4895,95.2896
130.1815,95.0679,82.3114,93.8151
135.6549,93.3869,81.2481,92.6774
155.3383,81.4299,78.8975,93.3525
