1
145.4319,138.6547,86.3359,197.3931
139.9486,138.05,88.6329,196.8095
136.3239,139.3464,89.7922,198.4059
131.8868,138.745,90.1926,198.5469
129.5233,136.653,90.5541,201.7906
126.9259,140.5263,92.8057,202.2923
123.883,140.0124,93.5143,202.9148
120.0092,138.4722,94.0964,204.8659
118.6022,140.3403,92.1851,207.1218
115.6946,141.3704,90.6046,208.2321
112.1285,132.2774,89.0654,212.8937
108.0239,128.8293,89.4116,214.3283
104.4899,133.172,90.3722,213.2345
101.275,136.162,90.3424,212.797
99.5995,135.6933,89.8294,213.2337
98.2888,137.2685,88.4617,212.9578
97.0214,139.9622,87.1955,213.2551
97.8026,139.4283,86.4884,213.3074
96.4897,143.2499,86.6187,213.2451
96.3806,142.293,86.1283,213.5985
96.1672,146.1293,85.8467,212.9536
97.0628,145.1431,85.0071,213.9612
97.0939,146.1764,84.6978,213.5855
97.099,148.0147,84.6355,213.3596
96.2132,150.6991,84.2281,212.5839
96.5825,152.8573,83.6133,212.1144
96.052,154.66,83.536,211.6154
95.702,154.8165,83.5199,211.0523
96.7163,156.2173,83.5018,210.9965
97.2473,158.252,83.4333,211.2566
97.3184,157.7175,83.1413,210.4474
98.2114,161.9233,82.8704,209.3535
96.437,160.8761,82.897,207.8059
96.7677,163.6201,82.3242,206.2861
99.2258,165.8633,82.1227,206.5583
98.2771,166.8263,81.4122,205.0243
98.943,169.1283,81.5631,205.338
99.1303,169.0928,81.6357,204.7365
99.4609,169.7997,81.1497,204.4668
99.2329,171.0266,81.0664,203.8602
99.3247,171.4655,80.668,203.1021
98.9419,172.6907,80.541,202.713
99.2353,172.9097,80.1266,202.8833
100.3066,172.7903,80.0182,203.0501
102.2532,172.2162,80.3793,203.1553
103.0729,171.0061,82.0762,201.6588
103.4051,166.3227,84.8361,198.1807
102.3799,153.469,88.5426,189.872
104.0539,151.2818,93.5741,183.4699
106.0204,151.7921,99.4252,180.1997
108.9912,155.6254,109.749,176.3826
109.917,158.7121,123.0834,173.7077
107.1421,163.2615,135.0681,170.372
97.8341,176.41,149.2571,165.1483
89.677,180.8602,164.4303,157.9952
92.5541,186.6465,167.9625,158.1655
94.1172,187.3852,169.2271,160.2056
93.9631,181.3094,169.5871,158.7861
96.7177,180.8171,170.707,161.9392
97.0748,177.1419,170.6096,165.0248
94.0116,173.9254,172.7504,162.8878
93.3693,167.9228,174.7642,161.5007
94.1903,161.4995,175.9115,161.7684
87.5968,157.0968,175.8703,163.0727
89.0096,157.4477,170.3774,167.226
94.1936,153.6846,163.7937,169.2012
95.426,151.5372,158.3279,170.783
93.8017,149.8912,154.8168,171.8727
95.1044,148.5405,151.5434,173.3233
98.3482,147.472,148.1031,174.4201
98.2045,149.8579,144.7741,174.4266
98.3738,151.2873,142.8275,174.6183
100.6255,150.9041,142.4128,174.1292
93.964,153.7359,144.1503,172.935
94.4793,152.4599,146.4757,171.8915
89.5542,156.6272,150.4581,171.1834
89.8714,156.064,151.6449,171.0618
87.4401,155.664,153.4225,170.9487
89.7009,155.5074,152.5719,172.008
87.488,156.5901,153.6841,172.5251
86.9474,157.0771,153.5753,172.5394
86.2891,157.6299,153.4,172.2443
86.2074,159.735,152.9849,172.1359
88.7618,160.7424,152.4236,171.9353
87.8389,161.5459,152.9675,171.9645
87.9829,162.7975,153.1328,172.1316
88.076,165.254,152.6393,172.4216
86.636,166.4237,153.8469,171.7133
86.9749,168.9466,153.7356,170.2302
86.1689,171.1175,154.1393,168.6648
84.6195,173.3376,154.7467,166.8673
88.9743,174.6715,155.2944,167.7849
87.2189,174.2285,155.956,166.7565
90.3041,175.8022,156.8119,167.7871
88.2158,174.0779,157.4162,167.5636
87.4537,175.308,158.6343,167.7109
91.9478,175.545,157.9288,168.251
92.4768,174.2935,157.1205,169.1483
94.6423,175.5039,156.3665,169.6634
98.4967,174.0256,155.2284,170.8191
100.2597,173.4865,153.1177,172.1133
102.5137,173.4525,150.5153,173.8045
107.6341,173.5641,148.0329,174.8561
108.792,175.3704,146.2453,174.7927
109.8683,177.5336,144.4662,173.385
112.3842,176.7007,143.8474,172.9801
110.6312,182.0785,141.1703,171.1607
115.3612,181.4673,139.874,169.0463
117.7841,180.9589,139.9199,168.5557
117.0952,180.7298,137.8813,168.7908
118.03,182.1506,138.4231,167.9961
118.0393,182.3459,137.2017,168.2871
118.9797,182.2664,136.9203,167.6281
118.6935,183.4371,135.9402,166.5002
119.8763,184.5393,135.4434,165.0835
120.1899,184.75,134.6589,163.9784
121.5728,184.6211,134.4161,162.7694
122.3476,185.1125,134.05,162.3476
121.7191,187.2433,132.6481,161.0485
123.2541,186.3559,131.9729,160.1123
122.5621,186.7145,131.1934,159.7684
123.7575,188.2652,131.0623,158.4797
124.9141,188.737,130.7517,157.9667
125.9371,186.8891,130.9496,158.2157
125.508,187.0982,130.6417,158.1108
125.7443,187.6786,130.5724,157.4364
125.77,187.153,129.1121,156.468
126.946,187.0025,128.7486,156.005
127.0977,187.0597,127.6586,154.8181
128.5958,185.7266,127.5807,154.5404
124.4328,186.3187,126.824,154.2849
125.575,185.0011,126.9492,153.5433
123.3592,185.5784,127.3717,152.37
120.9057,184.2637,128.4038,151.1278
117.6917,183.4593,128.7768,150.5792
117.4808,181.8078,125.8595,150.2938
117.0439,179.8654,122.9926,149.9044
119.0143,176.268,119.7186,150.6822
119.9945,174.5803,117.0741,151.1427
121.4788,171.8581,116.2675,150.0814
120.8292,170.7388,116.5148,148.1438
118.9874,170.1059,118.6102,145.3997
117.0883,173.176,121.2516,143.9954
114.1448,172.3794,123.1881,141.8785
116.0926,170.7977,129.8678,140.6623
109.1133,171.1109,133.8994,141.2795
107.6945,172.2883,134.9925,142.9246
105.0571,170.8131,134.4446,146.1213
105.2974,168.5987,134.272,147.5484
103.5224,167.8345,133.6584,149.8276
101.506,168.7498,134.1577,150.1316
99.1364,167.8707,133.4246,150.6841
96.8683,167.5027,132.7596,150.3189
92.838,168.1567,133.0051,148.7911
92.8604,169.0748,130.968,149.2855
91.2614,165.7852,128.7947,149.1863
92.158,166.5125,126.5091,149.1975
93.0588,165.5698,125.0318,148.6951
93.4801,166.2344,123.8488,148.6922
92.4106,167.5116,122.9363,148.0884
91.909,167.2513,119.8597,148.1892
92.7021,164.7867,117.479,148.1295
92.2147,165.5838,115.8428,147.2425
92.5274,165.4454,114.3751,146.8442
91.5913,164.1005,113.0783,146.4203
93.0152,162.6187,112.9896,146.813
95.4989,164.4116,111.1222,147.2665
96.5423,156.5367,107.5064,152.8287
101.6018,148.2074,99.6725,161.6147
102.6529,141.9142,93.6896,170.0176
102.08,139.0726,89.7815,174.0823
99.5388,139.5449,87.4092,175.4936
96.0787,142.8727,85.6138,179.2817
94.5945,145.537,83.6079,182.5279
93.6757,145.573,82.7783,184.8401
89.4176,146.9564,83.4721,185.5299
84.7644,148.4202,84.227,185.4219
76.6197,153.2849,85.9711,185.6184
65.3164,148.8289,88.8889,185.3687
58.0302,142.5989,95.7669,182.782
49.8671,137.4677,98.6618,179.6446
44.9214,137.7091,98.2633,176.2329
41.7633,142.8151,106.0564,166.2875
37.4429,144.9501,106.0457,163.8369
30.5238,144.882,112.0709,159.3798
27.3644,135.7286,116.6324,155.2212
27.8987,135.5923,119.3793,151.9509
32.6349,123.4882,126.0692,145.7489
21.2011,136.1885,125.6363,145.5915
8.2275,134.4679,117.3605,149.6164
9.9417,128.7389,113.6876,151.4122
13.7202,129.8102,113.1312,151.6954
44.5668,130.7782,114.0285,152.5268
46.9475,138.5679,116.4477,152.2442
64.1303,141.4978,120.5088,151.2908
60.736,136.7204,120.7959,151.3658
58.5804,130.2821,119.3349,153.1456
56.7766,137.069,117.9233,152.1357
66.1887,144.8113,119.6069,147.0113
62.5156,143.8689,118.1803,142.7607
63.2181,146.674,114.9685,140.8365
63.2373,145.7953,112.9961,139.2223
65.5163,145.1902,111.188,138.4075
68.8453,144.6496,111.0907,137.0402
68.9191,142.7159,113.0811,134.8712
68.3749,143.4889,116.8583,131.48
66.4673,143.4018,120.6086,129.7758
67.8907,147.426,124.8718,126.6217
64.5196,152.6133,130.3555,123.3243
58.0528,157.0863,137.8452,118.7981
56.0326,152.8002,142.2952,116.8948
57.3375,151.0442,144.003,115.4855
59.6829,157.1106,142.4413,114.5609
60.501,159.4049,145.637,110.7668
59.1206,167.4809,149.2201,104.4785
58.5333,172.4953,150.7963,100.1601
61.6357,172.4039,150.3147,98.0276
63.5909,173.184,148.531,96.9482
68.7691,173.1062,146.8265,95.8064
68.2899,175.0545,145.5487,95.6113
66.325,174.2985,144.2674,95.8448
78.0201,169.2179,136.3486,99.1615
81.1225,166.267,132.5267,101.4582
83.9683,164.0802,128.7115,102.8024
86.9155,161.5434,125.4012,104.3446
90.1141,155.3088,123.6886,107.3014
95.897,146.023,120.0162,111.7754
97.4594,153.8676,120.5629,112.314
99.2371,155.4783,122.4607,110.1752
102.665,154.9137,123.1195,108.8365
103.4606,153.1476,124.5437,108.3052
103.555,150.8186,125.77,108.9336
104.817,147.1513,126.9246,110.6144
74.1491,147.4621,122.5917,111.2616
72.5024,146.2865,119.9855,111.5617
2
0
0
0
0
1
216.8499,175.83,37.4067,127.1148
225.0385,185.0495,39.9544,126.7003
224.2344,188.2756,41.9178,125.9658
224.4725,190.8654,44.7151,124.6538
226.4649,196.4367,47.4359,122.9972
225.3896,205.7487,49.4016,124.3474
226.4476,209.6992,49.7282,126.3026
227.5554,209.9266,50.4449,127.6538
222.3433,209.2426,52.6054,127.3642
221.9005,206.1502,54.3827,127.0713
219.8676,209.1823,57.01,124.6107
219.2549,212.4874,57.548,121.8635
224.7349,212.2491,56.1621,117.9822
229.1285,206.2568,53.7436,115.1668
229.836,204.9066,52.8376,112.4985
225.9212,205.595,51.099,110.3504
222.4227,205.1256,50.3201,107.2953
219.4563,191.789,51.393,104.9604
215.9324,187.6004,53.5457,103.6146
212.8824,183.3546,55.3452,104.3271
209.917,180.451,57.4108,106.0432
206.9434,175.0909,60.7713,106.1515
203.634,170.7688,63.5429,106.5207
200.6327,173.3562,73.0886,103.0098
195.9718,176.1875,82.9519,98.9316
192.606,175.5641,90.6132,95.6724
186.5226,175.6526,97.1992,93.5005
177.4663,175.2197,101.9855,92.5944
177.785,170.629,100.2871,94.9667
183.4415,169.2275,94.0333,101.9071
192.6207,170.3565,83.666,112.0738
194.9685,184.4445,80.7008,110.0112
201.0632,187.8944,77.0518,109.425
208.5947,193.5703,73.813,108.7814
215.8547,198.407,65.2972,110.9525
226.7754,204.4031,63.4188,106.682
241.3092,216.2009,61.6306,104.0224
250.0513,219.9668,58.0019,104.8193
263.241,223.1225,58.4355,105.6755
266.9577,233.456,67.9207,100.9297
286.9433,241.4168,75.8064,97.2486
288.645,253.7506,80.0987,94.921
271.3391,246.972,69.4335,101.5735
288.4346,251.2545,63.676,102.8065
317.9286,268.3615,62.7944,101.9141
311.6804,242.5043,58.0223,107.1938
324.5171,211.8371,54.6653,114.4696
346.4241,223.884,55.9017,116.9737
365.1278,239.1002,56.7118,112.7525
388.3804,231.1218,58.1157,108.685
