1
537.6624,206.1433,23.7087,26.633
535.1779,213.4362,24.4528,26.8344
532.8449,220.5648,24.8048,26.9572
530.2867,228.1564,24.8359,27.0295
529.234,234.029,24.7571,26.9339
528.8981,241.977,24.7035,26.9953
528.216,248.319,24.6168,26.6445
529.6511,254.0724,24.6209,26.6345
531.1549,257.711,24.487,26.5418
535.1727,260.8556,24.3153,26.6867
540.5844,261.8805,24.2094,26.7806
548.8073,264.4381,24.1935,26.6656
557.3496,266.9857,24.2035,26.5562
565.8449,269.3786,24.2694,26.7453
577.2872,272.2265,24.2559,26.7674
588.3953,272.9401,24.2003,26.77
598.9373,273.6512,24.5372,26.7758
610.0426,276.3264,24.6279,26.4612
619.6262,279.0106,24.7877,26.1035
630.0039,281.9035,25.4106,25.3058
637.7204,284.7444,26.2957,24.5904
644.7081,286.8419,27.2628,23.9532
650.5953,289.094,27.6586,23.0286
656.2266,290.1791,28.4096,22.2717
660.0584,291.5982,27.7999,22.2551
669.8441,289.0519,27.7159,22.4758
666.3959,289.0129,27.6284,22.5537
676.3383,291.7671,29.3927,21.2357
680.2908,292.2735,30.6223,20.2227
683.5088,292.4049,30.5184,19.9599
686.0124,290.8833,31.0914,19.5155
690.5039,289.1674,31.1857,19.4561
693.7295,288.1234,31.0218,19.4484
696.5803,285.3602,30.8887,19.4061
700.651,282.8467,30.3748,19.5795
705.1361,279.967,29.6708,19.8278
711.263,276.6339,28.3418,20.3491
719.6209,270.4241,27.0829,20.6717
726.9661,265.4306,26.2268,20.7771
737.2872,260.2577,25.6644,21.4069
745.4215,257.6877,25.6398,21.3488
757.9457,250.4358,26.5287,20.9387
771.3049,244.4384,26.6635,21.1443
783.1328,240.405,26.1221,21.2861
796.4768,235.6897,25.6201,21.5516
810.2797,232.2534,24.7253,21.9093
826.1054,227.3902,23.9782,21.9781
843.1297,223.5523,23.5106,22.0508
858.0935,221.3825,23.0824,21.9967
874.3191,216.8279,22.8827,21.8027
889.2907,213.0376,23.026,21.4011
904.1923,208.6522,23.0965,21.027
919.8283,204.2764,23.265,20.7092
934.9953,199.7767,23.0298,20.679
949.7357,194.4647,22.8465,20.5405
962.124,187.2557,22.9698,20.1371
975.0183,179.9121,22.4692,20.1222
986.7119,174.512,22.2924,19.8974
997.7797,170.1115,22.5383,19.5163
1009.3622,167.693,22.7975,19.2113
1021.0817,164.6829,22.1656,19.5298
1032.6067,163.3319,21.7522,19.968
1043.0918,164.752,21.755,19.9621
1051.7107,170.6712,21.5208,20.0262
1060.1962,175.1264,20.9138,20.7086
1065.0436,175.648,20.8425,20.7975
1071.0469,170.4721,20.7309,20.9536
1074.861,161.7775,21.0439,20.7586
1077.348,153.3981,20.6211,21.0197
1079.6691,146.6749,20.5118,20.8675
1082.075,140.0906,20.1997,21.0993
1084.7753,136.0015,19.8515,21.4181
1086.6442,129.4464,19.4802,21.6234
1087.3643,123.6935,19.7158,21.3991
1089.6859,121.1011,19.5419,21.5558
1092.1474,120.6111,19.6452,21.4188
1096.0309,115.7953,19.1306,21.5663
1097.8226,109.4287,18.8605,21.5986
1098.8452,98.3409,19.0094,21.2855
1100.5187,85.1699,18.9375,21.4262
1102.2395,78.4322,19.3246,21.2271
1105.7439,76.1396,18.914,21.4136
1109.6493,71.9462,18.7529,21.6044
1113.1408,65.2523,18.8798,21.3194
1120.2992,58.9223,18.7168,21.4586
1126.7381,54.1527,18.3521,21.7494
1131.2411,53.236,18.5753,21.411
1133.7295,49.8087,19.0093,21.2318
1144.1579,44.7991,19.4077,20.8958
1150.435,44.591,19.4082,20.7662
1155.7287,44.145,19.1524,21.1144
1160.3434,43.6174,19.1942,21.0789
1167.8496,39.6387,18.9091,21.4
1172.3344,38.7316,18.6774,21.5759
1179.1745,39.8155,18.6291,21.589
1185.8595,41.7711,18.8771,21.4909
1192.4162,45.6939,18.8933,21.3042
1199.9165,48.8203,18.59,21.5835
1205.7073,56.3759,18.977,21.161
1211.3684,67.5782,19.0656,21.0348
1217.6008,83.0873,19.084,20.9533
1223.1929,97.8584,19.2764,20.6649
1228.9672,112.1543,19.6103,20.1593
1233.7579,128.0994,20.2348,19.4244
1238.5076,143.9933,20.8974,18.6571
1241.5353,161.0911,21.2302,18.5315
1245.1514,176.0793,21.4921,17.9963
1249.1724,191.304,21.9357,17.2467
1252.629,209.4205,22.3646,17.1993
1255.5767,227.2136,22.2994,17.6538
1257.0573,246.9005,22.5583,17.996
1259.1465,264.1086,22.7503,17.9972
1259.6569,280.9645,22.8279,17.7864
1259.0462,295.3222,22.9558,17.5049
1258.8755,304.2214,22.7532,17.6572
1256.049,308.8987,22.971,17.5425
1253.2151,312.8051,23.1907,17.3572
1249.2125,315.05,23.5665,16.682
1245.5995,317.5959,23.7858,16.4409
1241.1857,322.1622,24.0041,15.9176
1234.7883,326.5898,24.0252,15.5783
1227.7345,332.8161,23.9133,15.7652
1220.4149,340.888,23.7611,15.9976
1212.2487,348.8071,23.6615,16.0614
1203.7373,357.2098,23.7335,16.2067
1194.601,367.3563,23.3416,16.7113
1186.0929,376.1024,23.2001,16.9129
1177.9591,384.4987,23.3419,16.7837
1168.2284,394.7843,23.4562,16.6344
1159.5215,405.424,23.1641,16.8169
1148.4423,416.6615,22.8373,16.827
1139.7108,429.7303,22.7871,16.6938
1132.8417,441.0915,22.8054,16.6622
1124.3881,446.3275,22.8349,16.7387
1119.6276,449.5414,22.3019,17.1899
1114.9336,455.37,22.1693,17.698
1110.6204,459.5781,21.6923,17.8498
1105.0463,463.7757,21.1604,17.9492
1100.8331,467.6938,21.1931,17.9818
1097.6471,470.5613,21.2577,18.0285
1094.3701,471.7059,20.956,17.8488
1092.4915,469.9217,20.5546,18.2982
1090.8375,467.0364,20.7349,18.3351
1088.8226,463.1632,20.5681,18.213
1088.6788,460.9412,20.3359,17.9768
1086.7077,456.2743,20.1772,18.0833
1084.7329,453.2781,20.0308,18.4438
1080.9956,452.9304,19.7698,18.6235
1074.74,452.2265,19.4141,19.0018
1072.4276,450.2288,18.8847,18.874
1067.4545,447.3913,18.7263,18.9914
1060.5615,448.8491,18.8852,19.104
1055.417,450.1679,18.486,19.0111
1049.4973,449.0775,18.2933,19.1867
1041.1262,442.8589,17.9952,20.0966
1038.3179,448.1304,19.0118,19.2652
1032.365,445.9949,19.1066,18.9144
1027.7785,442.8067,19.1125,18.6702
1022.7766,438.6136,19.5134,18.4643
1017.2586,434.4957,19.8778,18.5694
1013.5268,432.6727,20.1253,18.0919
1009.3918,429.1366,19.7024,18.0054
1004.8352,426.8486,19.7523,18.0496
999.567,424.0477,19.6838,18.0965
994.8654,421.9316,19.497,18.2908
990.7977,421.5063,19.046,18.6363
985.4883,421.5946,18.5803,18.4598
979.3713,421.4612,18.4681,18.7264
976.3953,423.9367,18.4625,18.2435
972.6046,423.9119,18.716,17.8047
969.0704,423.2891,18.5056,17.5945
964.9761,422.7849,18.5579,17.167
962.1654,419.4883,18.9832,16.6745
957.8482,415.7349,18.6749,16.6508
954.4103,411.9014,19.032,16.402
952.4574,408.0232,19.203,16.2216
951.1373,403.9226,19.0445,16.0272
953.538,399.2196,18.3903,16.678
939.7847,390.0876,17.7279,17.3942
940.5194,382.5469,17.1857,18.1077
944.2406,377.3862,18.1444,17.2276
946.7449,369.7157,17.3397,18.0884
945.3198,364.8447,17.377,18.4545
934.558,362.9704,17.5138,18.4011
934.8098,358.0342,17.9632,17.7901
937.0802,354.7145,17.684,17.8002
931.9345,353.3637,17.6485,17.6853
929.145,352.7404,17.6234,17.5309
923.6395,353.1688,17.9597,17.1383
920.7037,349.9433,18.7402,16.6467
916.398,344.8286,18.0206,16.6122
912.9627,339.9126,18.9749,15.9765
909.2272,336.8011,19.1031,15.7748
905.3242,335.575,18.6752,15.9398
899.9995,332.4208,18.4332,15.8949
894.6588,329.3591,18.3282,15.7261
888.9906,329.5797,18.5386,15.73
883.9104,329.6919,18.8373,15.5056
877.7299,331.4053,19.0764,15.2214
868.2407,333.062,18.8027,15.49
862.334,334.2321,18.5154,15.8386
856.658,333.7731,18.1746,16.307
850.561,332.5873,18.1538,16.4167
843.6628,331.7707,17.8795,16.6882
837.4562,330.213,17.5743,17.0782
827.9445,328.8258,17.4465,17.1167
819.1315,332.4567,17.3405,17.1296
813.8289,335.6046,17.0678,17.1793
806.7271,339.2878,17.3247,17.0113
799.9061,341.6032,17.4341,16.8913
792.3829,343.6222,17.6044,16.9105
784.8455,342.8367,18.1608,16.6667
779.458,341.8127,17.9407,16.8821
769.359,335.8146,17.5134,17.4197
767.431,332.3675,17.2238,17.8652
762.2633,330.9563,17.8276,17.4438
749.0701,327.6382,18.5945,17.093
744.8104,322.3274,19.5665,16.3932
739.6063,315.2329,20.4798,15.8655
743.1442,308.2319,20.1165,15.9633
731.2873,300.7978,20.9959,15.6085
725.6022,293.2988,21.2634,15.6421
721.3284,285.6909,21.5278,15.7533
716.4357,278.6386,21.4522,16.0527
711.6623,272.9494,21.0584,16.4962
708.1269,268.2799,20.6484,16.8582
704.5554,262.2993,20.3109,17.3493
701.075,258.5001,20.2459,17.9219
697.1038,254.2999,20.0225,18.1567
695.1958,250.4898,19.7518,18.6249
691.4982,247.4159,19.4304,19.1139
688.6465,244.799,18.9241,19.6904
686.0512,242.4145,18.4055,20.3071
687.7055,241.9903,18.222,20.6347
683.3532,238.5312,18.0317,21.2741
680.5199,237.4497,17.8643,21.846
673.4,233.2924,18.1488,22.1096
669.2178,230.0662,18.3325,22.0174
663.607,227.5847,18.6178,22.059
657.4619,225.3002,18.7645,21.6603
653.9569,223.9471,19.1989,21.6266
648.2293,222.279,19.0151,21.6374
641.9598,220.8771,18.8687,22.235
634.2883,220.1857,19.1269,21.9417
629.3734,219.9962,20.0271,21.7627
620.2623,220.3943,20.6004,21.5357
613.455,219.0764,20.4252,21.8732
605.6602,220.1355,20.4286,22.0641
598.1416,218.9859,20.9565,22.0419
590.3643,218.5171,21.806,21.803
582.3339,217.7556,21.7346,22.1309
572.3022,216.7494,21.9427,22.3384
565.1371,215.3005,22.2838,22.1951
557.1845,215.3478,22.2987,22.7116
549.5355,214.7134,22.7234,22.741
541.9938,214.0347,22.7649,22.8449
536.9613,214.7442,22.765,23.3131
529.0307,214.8684,22.7115,23.7014
523.8651,214.898,22.771,23.6422
518.7373,216.7913,22.7553,23.7072
513.4519,217.1308,23.0419,23.6711
508.5864,216.8903,22.427,24.1519
503.8658,218.0757,22.1969,24.3603
500.5419,217.7558,22.3999,24.3556
497.1227,218.9166,22.115,24.6243
492.1086,218.1437,21.7849,24.8752
489.6763,219.1207,21.4802,24.8598
486.9274,221.5175,21.2075,25.1955
483.0753,222.0321,21.2061,24.8084
481.567,226.9101,21.0425,24.5929
488.1253,229.749,21.1572,23.9554
495.0928,228.0779,20.9016,23.5669
2
0
0
0
0
1
462.155,258.9334,20.4625,23.0945
461.5602,262.8203,21.0549,23.0854
460.7172,263.4176,21.528,23.1036
459.715,265.9131,21.6903,23.025
459.2556,268.4717,21.9939,22.8303
458.4754,272.3527,22.3205,22.4712
458.8633,275.6668,22.1608,22.621
459.2236,280.1746,22.0563,22.2312
459.6613,283.2369,22.3974,22.1891
461.2915,287.6353,22.814,21.972
463.0641,290.4466,22.963,21.8906
464.2485,292.5773,23.0608,21.946
465.498,295.1536,23.0381,21.7458
467.2631,297.6532,23.2008,21.6704
469.4521,300.2753,23.1398,21.36
471.635,303.1751,23.0492,21.057
472.3178,305.5353,22.8923,21.1717
474.3925,307.9414,22.9701,21.1905
475.9077,308.2429,22.9665,21.193
475.6611,311.8704,23.4598,21.2023
477.5116,314.7189,24.0499,21.0224
475.5832,317.9258,23.5736,21.418
473.861,324.5189,23.3082,21.8341
475.9418,323.2838,23.4939,22.4411
474.3675,325.2804,23.4738,22.884
478.6488,323.7191,23.239,23.4443
475.5606,316.1726,22.3091,24.3248
469.4199,325.2161,22.3229,24.9622
462.5444,317.2603,22.298,25.1298
479.0601,310.5143,22.1794,25.4567
2
0
0
0
0
1
449.7061,333.8001,18.955,18.9703
446.4756,333.9943,19.3215,18.5819
444.865,335.0779,18.9926,18.4433
443.5848,336.7769,19.5535,18.0446
443.1264,337.1297,19.9683,17.339
442.6101,337.5424,20.0079,17.0103
441.9057,337.9966,19.9418,16.5935
441.9436,338.1425,19.866,16.3016
443.6401,337.8446,19.8166,16.4198
444.605,338.9904,19.8026,16.5228
446.5773,338.1715,19.7014,16.7193
448.2246,340.0977,19.7823,16.7245
449.7689,340.239,19.5946,16.9253
450.9999,340.2385,19.5528,16.9264
450.1577,340.1593,19.3036,17.0847
449.8482,341.9727,19.4403,16.834
448.4432,343.6915,19.369,16.7578
446.2109,345.6503,19.533,16.663
444.0685,345.8351,19.0305,16.7721
438.8228,345.5759,19.1158,16.8175
432.778,345.5797,18.8545,16.81
428.398,345.3561,18.666,16.7861
421.6239,344.5842,18.65,16.9268
416.5163,343.4629,18.5292,17.29
411.385,341.3327,18.3645,17.2848
406.6908,338.2723,18.3252,17.2776
400.1637,334.6346,18.2006,17.493
394.7226,331.1884,18.22,17.3009
387.8741,327.2543,18.3028,17.1884
383.0249,323.8173,18.155,17.0295
378.3637,320.3634,18.1972,16.9769
373.2921,317.2601,18.137,17.1544
369.6925,315.0406,17.8837,17.4013
366.5188,311.5427,17.7075,17.4075
363.2842,308.1438,17.6892,17.2544
361.476,306.0599,17.6208,17.2768
359.9879,303.3421,17.3774,17.1932
358.1269,299.9921,17.4605,17.0704
355.8537,298.4205,17.4658,17.0346
354.3106,296.1653,17.3765,17.0088
