1
276.7395,132.8087,87.6138,67.1138
274.3956,135.0379,92.3015,64.9958
272.7134,136.5394,95.666,64.3689
273.9581,137.8391,98.0088,64.1858
272.5802,140.3346,100.7645,64.0907
277.0908,141.1796,101.6932,64.888
278.3125,146.4112,101.7645,64.4838
278.9035,146.2334,103.0913,64.8395
278.0691,146.1279,104.7601,65.0504
281.0665,147.5381,106.4545,64.793
283.2319,148.8727,107.2913,64.7075
288.2205,148.8625,107.693,64.7281
289.4583,148.8475,107.8184,64.758
291.491,148.6775,108.9597,65.0979
296.5567,148.3026,109.3324,65.8478
305.1863,150.9912,107.9392,65.7593
314.2632,153.7564,105.5185,65.4731
319.7975,154.8794,102.1942,65.8087
323.4372,155.8884,99.9902,66.3282
324.2374,157.4995,100.9034,65.6197
330.4893,159.1701,100.9758,64.7938
334.3495,158.9628,100.7627,65.2083
340.8479,161.2229,100.2974,65.7006
325.9256,144.795,102.5583,65.9577
330.4805,148.8175,106.1766,65.5496
339.7562,148.431,105.7727,66.3225
337.3819,148.151,107.9218,66.8825
337.8643,149.6994,109.5979,69.0678
344.6282,145.9475,112.2869,68.4631
340.7281,148.3361,117.3547,66.4182
344.4317,150.0464,118.2649,68.5426
348.2129,155.7317,119.1691,71.2831
345.0664,154.3997,119.6974,73.9471
342.3815,153.226,119.1967,76.2945
340.3119,152.25,117.4007,78.2465
341.1929,150.0761,115.6387,79.6209
343.0999,147.6556,114.7947,81.4919
345.0548,144.802,113.8734,84.2106
346.7369,143.8224,113.5287,86.1697
349.5238,142.5607,114.0481,88.6931
349.5566,143.231,113.9824,90.4484
350.859,145.6818,114.5011,91.7937
352.4638,147.3192,114.4449,91.6723
352.8413,152.4426,113.6898,90.8771
357.3439,154.5871,114.0628,89.714
357.6901,154.58,113.3703,89.7282
359.962,156.564,111.9289,88.8626
362.7861,158.4924,109.3471,88.0723
363.5491,162.0171,107.821,87.0508
368.1081,162.4999,104.6512,86.0852
374.4474,164.0782,100.7023,85.8384
375.7819,165.9469,98.0332,84.9465
378.1411,167.7552,96.1048,84.1197
380.7695,168.1177,93.5947,83.3948
381.4985,168.9054,92.1369,81.8193
383.5716,169.7748,90.6393,80.0805
384.473,170.5444,88.8364,78.5414
383.9893,170.1301,87.2588,76.8249
383.4151,170.1055,85.9145,74.3813
379.9812,169.217,85.4838,71.2926
379.6642,168.0994,83.7415,68.7753
375.6263,167.2033,82.5828,65.9504
374.3883,165.9864,80.5691,63.8943
371.851,163.4922,79.1019,62.341
368.7308,161.9729,78.9438,61.1139
363.7475,155.8787,78.3587,60.6405
364.4707,155.6919,76.9123,61.0141
358.3847,152.3337,76.6175,61.497
356.8796,152.5224,75.4653,61.1195
355.5687,151.9495,73.972,60.2079
356.2054,152.5851,72.6986,58.9366
356.1129,154.1068,70.9038,57.873
354.1446,154.508,69.0356,57.0705
352.7747,154.4638,66.0952,57.159
351.9695,154.4853,64.006,57.116
346.6903,152.4654,61.8458,57.5219
344.1685,151.5885,59.7288,57.4856
339.7638,150.3624,57.9981,58.181
340.8587,148.7128,55.8084,59.7394
349.4354,146.7927,52.5031,61.8486
350.4486,144.3523,50.4768,63.3062
350.7064,140.035,48.2595,65.1342
345.7663,136.9415,44.5887,67.9333
341.2058,130.1802,41.9766,68.0465
342.2482,128.8654,39.8916,67.4072
339.6287,128.7304,38.7707,66.0873
340.2314,128.5637,37.5654,64.8692
340.7517,128.1923,36.5247,64.099
340.4906,124.3592,35.5631,62.861
340.3143,124.0938,34.4661,61.9425
340.6462,123.9363,33.8025,60.8404
337.5926,123.8878,32.9617,59.5478
338.475,124.7203,32.553,57.8828
338.2428,122.4015,31.6929,57.2223
338.6533,122.7133,30.8719,56.5986
338.1729,124.0131,30.5558,55.2761
336.6731,124.9769,29.7992,54.6005
336.9036,125.2885,29.3382,53.9772
335.2634,125.568,28.9822,53.4182
335.1375,126.1199,29.234,52.3145
335.0239,127.7743,29.4612,51.3772
332.1272,130.3405,29.3767,50.9471
331.854,130.6714,29.9231,50.2851
332.3564,132.1386,30.0854,49.685
329.1947,131.1488,30.6048,49.343
331.385,132.1326,29.7171,49.704
329.2115,132.6391,29.4446,48.691
330.4448,132.6471,29.2484,48.6751
331.0557,137.1588,30.2898,47.573
330.8679,137.3811,31.7979,47.1285
330.541,139.444,32.4516,47.6052
328.5312,137.2684,31.7971,48.4506
328.6682,137.0059,30.3524,48.9757
329.2381,136.65,29.2126,49.6874
326.0006,137.2562,28.8105,49.6212
326.0441,136.9476,28.7233,49.1
326.6052,137.3857,28.7304,48.2237
326.5426,137.0906,28.8557,47.6978
326.3346,135.9171,29.2715,47.8238
327.8131,136.9019,28.5533,48.0929
327.9271,137.0725,28.3252,47.7515
328.3504,139.2611,28.581,47.784
327.9521,139.152,28.2704,48.0022
328.4615,138.9104,28.3569,48.4854
328.5337,139.5528,29.3262,49.4284
329.6769,140.9885,30.4727,51.1339
328.9006,141.8244,32.0251,51.84
328.1063,140.0253,34.8392,51.7619
326.6592,139.4942,37.7334,51.5531
324.9977,140.0266,41.0565,50.4884
323.3833,139.9975,44.2853,49.1944
321.9922,139.684,47.0675,48.4379
320.8937,140.0154,49.2645,47.775
319.8022,141.0804,51.4475,47.0841
318.4975,142.1959,54.057,46.3149
321.7425,140.9568,55.0137,45.8142
321.1142,140.3666,56.2705,45.4987
320.2253,140.5034,58.0483,45.2252
317.5492,140.8133,60.3358,44.6053
316.6195,140.0706,62.1953,44.5342
313.2771,139.9974,64.1298,44.6806
311.9405,139.8966,65.1882,44.8821
310.2776,138.9596,66.88,45.1222
307.9779,138.797,68.1529,45.4473
307.6228,137.737,68.863,45.8795
306.4512,136.8088,69.5007,46.0304
303.9678,136.9092,71.0321,45.8296
302.362,134.7227,72.5067,44.9915
303.0424,136.8409,72.8906,44.2444
301.9622,137.9438,73.3134,43.7764
300.7259,137.4285,74.0502,43.0711
300.5795,137.6869,74.3428,42.5543
305.3078,137.8737,73.5366,42.1807
307.0911,137.5249,71.6817,42.8782
304.3789,138.1344,72.0168,43.3556
304.2128,138.9915,72.349,43.351
302.8807,140.1527,73.2988,42.743
302.8134,140.9334,73.4333,42.8996
301.9525,140.8197,73.4325,43.127
298.8231,141.3611,74.5117,43.7708
297.9388,140.9986,74.527,44.4957
295.468,140.412,74.1703,45.6688
298.3331,140.8213,73.7826,46.631
305.6771,140.6156,71.6347,47.0424
306.2059,140.8365,70.577,46.6008
305.9466,137.5698,72.8388,44.4176
303.989,138.6135,75.0142,42.3302
302.5208,138.3993,77.9507,41.0227
355.1249,116.0658,78.1198,43.5387
355.1116,116.4756,79.9488,44.5216
353.0428,118.7605,82.2401,45.4905
350.8183,120.5934,84.7926,47.5141
348.4393,120.1552,85.6129,50.3594
348.6285,119.6202,85.2345,53.4591
349.844,118.8438,84.8804,57.089
342.7776,120.2712,84.0831,60.6328
342.7119,118.4549,82.0344,64.2654
338.6866,118.104,81.2492,67.1762
339.9152,116.3398,81.0365,70.7046
342.4982,116.518,82.7657,72.6467
343.0876,110.5411,83.9434,75.175
340.7174,116.2353,86.2686,75.8628
345.1708,109.9199,92.1348,71.2583
349.5179,112.7518,95.8258,68.0715
350.5314,107.7863,98.7593,63.1212
349.1106,110.5092,101.6009,60.1166
354.0148,108.8312,103.9545,56.1754
361.765,103.289,102.85,52.8639
365.1046,104.4447,100.822,50.5527
369.4869,104.4183,98.8248,48.3497
371.8113,100.8892,96.3641,46.6554
375.7036,101.9319,94.9474,44.5701
378.502,100.7834,93.4812,42.7363
380.4937,100.8405,93.5211,40.6105
381.2668,99.8005,93.9489,38.7421
384.5337,99.868,95.2023,36.6602
389.5524,99.1207,94.7994,36.228
392.2143,98.289,93.3021,35.9782
396.1566,94.6109,91.0795,35.7848
396.7947,96.4284,89.8034,35.8541
396.6166,97.1651,88.3243,36.2161
395.9044,97.7457,87.9282,36.8754
395.2929,97.2886,87.3243,37.7896
391.1031,98.7094,86.5306,38.6174
393.7584,100.1776,84.8962,39.3571
394.4857,99.2484,81.6139,41.2156
394.727,98.7366,81.1312,42.2391
395.4072,101.5399,81.5947,42.1041
394.8491,101.3737,80.8827,42.4364
392.5729,101.3966,81.7877,42.3907
402.2915,106.8004,78.8749,42.5994
403.3291,106.6005,76.7997,42.9992
404.5922,106.5383,76.0473,43.1236
405.5525,108.5315,75.8916,42.667
407.3281,108.484,75.8499,42.7619
408.4139,110.0284,75.434,43.1846
407.5649,110.8846,75.3751,43.2292
408.3309,113.5759,75.5998,43.1171
408.9018,114.145,76.2162,43.737
410.561,116.6314,76.4537,44.0979
411.7225,116.5072,75.9183,44.3463
412.5334,117.9643,76.0806,45.0002
414.2545,118.6921,76.2336,45.3421
416.1196,119.3738,76.1147,45.7844
416.8046,119.0877,76.5563,46.3567
418.4439,119.8082,76.9334,46.7434
422.5041,121.1796,76.1727,45.8407
422.7138,121.3778,75.7534,45.4441
425.6841,122.7619,75.2139,44.4764
427.4284,123.3107,75.2771,43.3787
427.3722,123.6624,75.3894,42.6755
428.272,123.518,75.3371,42.9641
428.4846,123.6804,74.912,42.6394
429.6114,122.0946,74.3983,42.3313
430.1898,121.9668,73.2414,42.5868
431.6858,120.9756,71.9639,42.8548
432.396,120.6715,70.5435,43.4631
434.0584,126.8151,68.9084,43.0032
434.0996,127.5715,67.1684,43.1482
432.1732,127.8291,66.1182,44.2673
431.3659,130.2614,64.4578,45.9529
431.4322,130.1128,62.6842,47.891
434.1664,132.4392,60.5086,49.8238
434.9855,132.4971,58.8703,51.3531
436.7598,133.0619,56.9667,53.5132
438.675,133.3962,54.7866,56.1453
439.8773,132.964,52.3819,58.6679
439.1786,134.3552,50.4592,60.8657
438.9607,142.0154,49.2314,60.5183
435.9256,141.8895,48.7473,60.7702
436.4631,142.0372,47.6722,62.1095
440.1141,145.9569,45.2841,64.098
436.3136,143.4071,43.1081,65.9386
436.9726,145.7335,41.79,66.1505
437.1543,145.721,39.8237,67.7784
435.1996,147.9608,38.95,68.082
434.343,190.5943,42.2473,65.1927
427.1781,190.7884,45.4046,63.2084
421.4102,185.7155,47.2327,60.4107
419.8594,184.7478,48.7296,57.5318
415.6081,180.6501,50.8951,53.0531
413.7571,179.5931,53.0488,48.9738
411.5852,181.8106,55.8758,46.0557
409.1287,182.7191,59.2758,44.2387
405.9403,180.1709,62.5835,43.1968
402.8569,178.8555,65.6166,42.694
399.4934,175.4777,69.1365,41.4316
396.4042,175.6626,72.0464,41.0618
393.1737,174.7567,73.4957,41.2031
389.2195,173.929,74.6267,41.1642
386.5111,171.2995,74.913,41.2925
381.2897,171.4009,75.0561,41.0897
378.308,170.7031,74.1586,42.4854
373.895,167.3435,72.6278,44.026
373.5016,166.4504,71.6846,45.8123
372.4834,164.8364,71.9744,45.5473
369.9127,163.5636,71.8772,44.6005
367.4495,162.5256,73.3462,43.2192
362.397,162.4295,74.817,41.6845
359.949,163.0617,76.2691,40.4201
357.6275,162.7463,77.4696,39.3296
352.5709,163.3656,78.9843,38.0909
348.7749,162.5756,77.9772,37.9511
348.2607,162.5368,77.3027,38.0288
343.4078,162.4017,76.8422,38.299
2
0
0
0
0
1
397.5384,188.2904,47.4979,66.4497
398.1226,186.69,44.628,69.6504
398.5872,185.1468,41.9962,72.737
397.7366,183.5907,40.2878,75.8491
397.1081,182.9436,39.8228,77.1433
397.85,183.0276,40.072,76.9752
398.181,184.0325,41.145,76.7004
377.2433,204.835,44.5385,75.3265
376.0152,203.9982,46.9948,75.2138
374.0856,203.052,49.0283,75.2805
375.4574,201.8836,50.0057,75.7568
385.8493,195.5618,49.9437,77.0976
378.4558,201.0939,51.4099,77.4513
360.98,188.1476,49.6419,78.2201
347.6817,182.0746,49.4305,76.962
349.6382,177.9439,49.3024,75.7612
367.3313,213.073,49.4886,74.7756
363.2889,212.5025,50.1316,74.0563
