1
48.4709,605.3284,82.568,60.6797
57.7675,605.973,79.0807,65.8645
66.9218,613.4558,82.672,66.2291
95.6463,606.0985,85.9942,67.4388
110.8863,605.2703,90.3313,66.774
162.3269,597.2934,96.7423,66.0965
148.9254,597.1078,101.3955,66.4677
210.8296,590.5788,106.9674,66.8414
235.9807,593.2114,111.8133,66.8284
274.207,592.7062,116.2917,67.8388
300.0875,592.5971,117.3715,68.057
344.6072,592.3581,120.7568,68.535
370.9927,593.6283,122.3034,68.8534
412.4187,593.6137,123.1757,68.8825
439.506,592.2003,127.0085,68.8089
464.7818,592.1791,129.654,68.8515
478.2288,592.2072,135.7036,68.7952
514.798,592.0523,133.4581,69.1049
543.096,592.0305,137.9604,69.1487
566.0025,591.6251,135.8464,69.9594
576.6555,591.4265,136.2729,70.3566
587.897,591.204,138.7321,70.8016
607.5679,590.4576,137.3272,72.2942
610.6212,578.8405,134.3873,76.5279
617.3082,576.3313,130.6029,81.5462
633.439,594.3821,120.9222,93.8319
672.5813,515.3331,114.8963,104.1279
677.4593,491.3401,111.8578,108.4509
706.6875,478.5439,107.4872,113.761
715.6267,466.2341,103.1912,121.403
716.5713,434.8492,97.8555,129.0308
675.1954,368.8129,107.5774,118.5213
713.332,389.4385,107.6775,122.3997
715.0266,377.776,111.3556,117.4562
717.4841,382.2875,113.4699,111.9479
702.0905,371.6447,116.5686,105.5452
683.9148,371.6767,118.8469,98.6666
672.3117,372.7033,118.7322,93.2818
670.0083,366.6118,116.8547,89.2541
670.7223,368.4928,115.4266,85.492
668.5526,368.9967,110.5737,84.4842
667.7216,369.8531,106.2876,82.7713
667.7766,370.7987,106.1776,77.9994
668.246,370.3261,108.0396,73.3431
666.8021,372.3502,110.9274,69.2949
665.7434,373.8436,113.0449,66.3082
661.9132,374.0141,115.291,63.2602
662.3078,374.9082,117.1897,61.472
660.5288,375.5056,118.063,60.277
672.2688,375.1411,121.3495,58.3294
675.7523,375.8185,122.4538,56.9747
689.8443,376.2899,121.0948,56.0318
705.9751,375.4943,123.2336,54.9769
712.0648,375.9652,124.3462,54.0352
723.842,374.3943,122.0528,54.5193
732.257,371.4869,121.022,55.0677
734.8864,371.1835,121.0194,55.6744
736.2577,371.1618,120.9156,55.7179
737.3382,371.2695,121.3926,55.5025
738.6095,371.1499,121.4912,55.7416
739.1548,370.8759,123.0472,56.2897
737.2426,370.707,124.1926,56.6275
737.1194,370.5468,124.4391,56.948
739.4344,370.3626,125.2306,57.3163
739.2204,370.5729,125.6585,56.8957
739.025,370.6988,126.0494,56.6438
738.9198,370.8557,126.2599,56.33
738.9241,370.7177,126.2511,56.6061
736.4481,370.7355,125.7416,56.5704
725.9689,370.3408,122.1939,57.36
707.0571,370.6464,122.42,56.7487
698.3519,370.7886,123.7622,56.4643
669.1392,370.8925,122.9548,56.2565
650.2838,370.9051,123.1869,56.2313
621.2892,370.834,122.2169,56.3734
603.9271,370.4548,119.5828,57.1319
568.934,368.2077,118.1893,58.9823
575.7664,360.4046,115.1483,63.9649
554.0758,350.741,112.666,69.803
491.7874,357.8187,113.0055,69.4517
504.4073,366.7635,109.8451,70.8814
454.8032,365.0796,107.7816,71.5122
462.0863,355.8409,109.5167,70.9713
458.0282,356.4732,112.1653,69.7067
458.2681,357.0521,114.4374,68.549
457.4243,357.4496,116.125,67.7541
459.2447,357.7073,118.0385,67.2386
443.3697,356.8502,121.8229,66.1563
433.9184,346.9529,115.2234,71.783
2
0
0
0
0
1
752.3979,328.7693,75.2607,85.1861
759.7738,343.5728,82.4471,82.3928
791.5496,346.4984,89.0953,79.0485
814.3843,332.9294,84.3392,83.1728
839.6623,326.0016,82.2162,86.832
850.4965,323.4196,81.1361,86.849
844.8176,307.825,82.2668,84.8003
835.2887,280.4614,78.4435,91.2226
836.5226,270.2898,75.9758,96.0721
834.2739,247.6911,72.6205,99.3883
838.6188,238.6098,71.7721,99.2543
835.2399,225.8236,70.7362,98.8477
829.5352,224.9826,71.8465,95.3804
819.7122,217.6938,76.2524,89.6376
806.2744,211.5055,80.4242,81.8332
787.3645,211.9056,83.7121,76.0999
785.6059,214.2485,84.8027,71.4141
790.5741,212.3574,86.7052,68.0929
798.394,212.844,89.8065,64.7772
811.7168,214.5867,93.5154,61.2918
830.7387,217.473,97.4537,57.8516
848.059,220.7794,95.4682,55.9037
885.7688,211.7383,90.417,58.0964
896.1116,199.9935,85.358,63.7269
921.8178,177.4467,81.2053,70.5627
924.4469,158.6997,78.2457,75.8745
926.9382,138.4132,73.2631,79.0393
927.697,132.9761,69.4358,82.9843
930.0293,127.5495,67.0815,84.596
931.2501,124.2198,64.64,86.6606
933.3379,111.3909,62.7538,89.4237
948.6397,100.5993,66.6608,85.6992
919.6806,105.0118,69.1977,83.7968
915.8632,108.7052,74.5134,78.7292
890.9651,113.0702,77.8167,72.3238
875.8653,108.3134,80.7199,65.9146
858.2743,111.2163,84.8796,60.1087
848.9834,114.596,85.9951,55.5326
832.3566,118.12,91.6451,50.6079
817.9841,120.2732,92.7944,48.4244
815.1748,121.4645,94.2097,46.0418
800.3505,123.366,94.7301,44.3193
793.4815,124.8376,92.0064,43.4338
781.2294,124.8407,86.4704,45.4304
768.4471,124.927,80.7181,47.215
754.9357,123.9983,79.1832,45.2648
739.6572,124.9356,78.3278,43.3901
725.764,125.2495,79.0707,40.9595
706.655,126.1949,81.8586,39.0687
694.7841,127.8017,84.2561,37.6337
692.0118,130.0554,86.2251,36.702
689.4341,130.1071,87.7819,36.5985
682.543,130.3767,88.8255,36.0594
682.2806,130.7362,89.3504,35.3404
680.2826,131.0351,89.7075,34.7424
669.891,130.2217,88.7275,34.5556
669.9075,130.51,86.8983,35.7752
672.7081,132.1941,83.0893,37.784
643.2284,127.0567,83.5182,37.4167
620.8184,127.1737,87.5528,35.4095
602.0794,127.2372,87.336,35.2825
589.2333,127.3969,89.7635,34.963
578.6041,126.3233,91.0191,35.2918
580.1937,126.0173,91.5246,35.9039
