1
73.9928,130.6049,33.9806,27.7038
74.8169,131.3445,34.3355,27.2451
75.3621,130.811,34.6639,26.6026
76.1186,131.7406,34.5775,26.4999
76.561,131.4286,35.0099,26.1814
77.5184,131.1604,35.1865,25.9181
78.5164,132.0935,34.7634,25.8883
78.7014,131.1241,35.1908,25.7543
79.4062,130.489,35.2172,25.7259
79.1244,130.8294,35.2171,25.602
78.742,131.594,34.8531,25.8786
80.0878,131.3079,34.8958,25.4035
80.7744,131.0782,34.8242,25.318
81.2194,130.0044,34.0075,25.3788
82.0865,129.0888,34.1912,25.321
82.3223,128.6613,34.0319,25.2323
82.4942,127.9312,34.4258,24.8492
83.39,128.035,34.1691,24.7177
84.38,128.8827,34.0378,24.6297
84.6866,128.4816,34.0166,24.5733
84.6239,128.0504,34.0919,24.3162
85.2945,127.856,34.1395,24.1551
84.6475,128.8056,34.3017,23.9138
85.7359,129.1483,33.9748,23.7897
86.3179,129.0297,33.8739,23.7578
86.817,128.888,33.3955,23.7994
87.3087,129.5613,33.4408,23.5543
88.8841,129.8669,33.4337,23.6914
90.0392,129.3454,33.3668,23.8017
90.1878,128.982,33.4859,23.837
91.149,129.1107,33.4562,24.0845
91.5224,129.0382,33.9027,24.0002
91.4088,129.0923,34.2694,24.116
91.2363,128.0322,34.6276,24.3461
91.9598,128.8929,34.6782,24.6338
91.2408,128.3858,34.7567,24.5226
91.4201,129.1076,34.8787,24.1872
91.3581,129.3186,34.9043,24.1194
91.865,130.3628,34.7036,24.3319
92.0028,130.5167,34.9897,24.1622
92.1763,131.2383,35.2681,24.2158
92.2767,131.1647,35.7923,23.883
92.0148,132.0081,36.1079,24.0859
92.6606,132.2744,36.2725,23.9091
92.5657,132.996,36.3028,24.1875
92.4559,133.1263,36.9118,23.9176
92.2883,133.2343,36.7722,23.877
93.4301,133.2122,36.0104,24.0045
93.5671,133.7787,35.942,24.15
93.1961,133.5134,36.1132,23.8768
94.3039,134.1475,35.6171,24.0597
95.4339,133.4123,35.4217,24.4201
95.8997,133.5355,34.9373,24.665
96.0628,133.6931,34.7021,25.2507
96.3771,133.2732,34.7315,25.1821
95.5906,132.574,34.5668,25.1868
96.6258,132.6932,34.601,25.231
98.1233,132.5875,34.3243,25.0245
98.1159,132.8571,34.1435,25.0724
98.1816,132.3201,33.9706,25.2585
98.0141,132.4234,33.8607,25.0669
98.6253,131.8854,33.619,24.9907
99.6063,132.3148,33.1839,25.0284
99.2057,131.7183,33.0636,25.344
99.1747,130.9832,33.628,25.0765
99.1374,131.5457,33.1872,25.0947
99.4352,131.8508,33.6139,24.9034
99.2967,131.1799,33.8071,25.0727
100.0896,130.9978,33.8576,25.271
100.5959,131.4063,33.8266,25.4107
100.5719,131.9097,34.037,25.3826
100.2288,131.4123,34.0793,25.3875
99.6967,131.5488,34.1722,25.4574
100.5946,131.4697,34.4531,25.5018
100.5267,131.5652,34.6712,25.2918
100.5183,131.2289,35.4214,25.3979
100.9273,131.2347,35.174,25.6941
101.1919,131.2746,35.747,25.7984
101.9511,130.4321,35.8001,25.9231
101.4181,130.6926,35.7459,25.8489
101.342,130.8963,35.7302,25.7437
101.5639,130.9941,35.4041,25.839
101.2418,131.1565,35.3462,26.164
102.6249,130.5869,35.7057,26.2592
102.6668,130.5614,35.6705,26.5063
102.2095,130.7694,35.5463,26.6001
102.3366,131.038,35.7373,26.7265
102.1457,130.7937,36.0198,26.693
101.9792,130.6655,35.981,26.8846
102.6998,130.6046,35.7207,26.9894
103.1595,131.1416,35.4022,27.0622
101.978,130.2703,35.9058,26.8663
102.6753,130.384,36.0408,26.9348
102.2107,129.9079,36.1112,26.8337
102.5022,130.4567,36.0334,26.9877
102.6177,130.2231,36.4147,26.9419
102.4557,130.0171,36.8632,26.7227
101.6179,130.5014,37.1393,26.8095
101.4766,130.0174,37.3021,26.8255
101.6303,129.9069,37.253,26.7634
102.1291,130.0357,37.2636,26.7276
102.5073,130.3463,36.9122,27.0079
102.3957,130.0324,37.0676,26.9193
102.8782,130.4121,36.7575,27.148
102.7498,130.2658,36.7182,26.982
103.6479,129.7922,36.4067,27.0335
103.3233,129.9937,36.4939,26.9906
103.4275,130.1557,35.9749,27.0996
103.6149,130.4336,35.8754,26.9283
104.3536,129.8636,35.763,26.778
104.1452,130.0872,35.624,26.6822
104.2771,129.8611,35.6023,26.638
104.1547,129.5177,35.7264,26.4338
104.5805,129.9064,35.4612,26.8507
103.65,129.5075,35.9965,26.5221
103.2665,129.775,36.0869,26.5462
104.3079,129.1358,35.9478,26.7527
103.4971,129.2708,36.1292,26.8157
104.1356,128.4994,36.6139,26.496
102.4271,128.8715,36.9809,26.1335
103.4435,128.7188,37.3287,25.9736
102.9608,128.3059,37.3537,26.2236
102.5657,128.5295,37.1562,26.2324
102.7746,128.3714,36.6868,26.3617
103.2602,128.7751,36.6814,26.5932
103.7565,128.3916,36.3476,26.7921
103.8181,128.5679,36.4673,26.6956
104.3971,127.9957,36.5977,26.695
103.4499,128.169,36.6024,26.365
103.5374,128.4648,36.2937,26.4753
103.5507,128.158,36.0185,26.521
104.3667,129.1437,35.9515,26.5696
103.8292,128.8701,35.7096,26.4953
104.91,129.1823,35.757,26.4308
103.7271,129.1973,35.7146,26.2001
105.1089,129.6221,35.2948,26.0303
105.4634,129.476,34.9692,25.8193
104.6624,129.5769,35.0415,25.5216
104.9691,129.6334,34.5797,25.5438
104.9233,129.4536,34.2323,25.3566
105.6246,129.2066,33.7817,25.4683
105.721,129.2664,33.4368,25.4472
105.8547,128.9269,33.1549,25.5763
105.8051,128.78,33.0467,25.7461
105.507,128.9827,33.1186,25.7372
105.312,128.3639,33.3265,25.8571
105.68,128.8209,33.6646,25.8674
106.1965,128.7725,33.4928,25.7465
105.4639,128.9762,33.4943,25.3934
105.0955,128.5395,33.9827,25.3031
105.9856,128.5565,33.9309,25.4287
105.2907,128.8007,34.067,25.5252
105.1082,129.5766,34.076,25.6299
105.1505,129.4863,34.2856,25.3208
104.4866,129.3874,34.235,25.2486
104.7785,129.8783,34.1557,25.3834
103.8329,129.8307,34.4848,25.1886
105.2002,129.5839,34.373,25.253
104.8867,130.1747,34.6627,24.9946
104.8966,129.8139,34.882,24.8872
105.3689,130.135,34.6753,24.8194
104.9582,129.7377,35.0133,24.8523
105.63,129.6927,35.1503,24.9685
104.8552,129.4482,34.8049,25.0453
105.0312,129.5203,34.9724,25.1819
105.2931,130.3165,34.6785,25.3051
104.3855,129.9681,34.7696,25.2345
105.4665,130.2153,34.9428,25.2777
105.5873,130.5454,34.6836,25.2375
104.9387,129.9894,34.7985,25.1988
105.4509,130.0567,35.0507,25.4058
105.8014,129.8631,34.9819,25.3166
105.1934,129.4859,34.6992,25.2013
106.223,129.7951,34.8021,25.0932
105.5725,130.1252,35.3615,24.8913
105.2535,129.0241,35.3856,24.736
105.102,130.1354,35.7744,24.7269
106.0979,129.6648,35.4793,24.7973
106.1951,130.1182,35.3422,25.1921
106.3971,129.7194,34.9934,25.4548
106.0545,129.4573,35.0129,25.3482
105.5663,130.1684,35.1881,25.0347
105.3536,130.0997,35.4414,24.998
105.9465,130.4585,35.2969,24.965
106.2453,131.1674,35.213,25.1327
105.9801,130.3302,35.2309,25.0913
106.2743,130.7753,35.2666,25.2311
107.2761,130.8599,35.2651,25.1617
106.4066,131.1738,35.1594,25.3474
107.7527,131.1927,35.2243,25.2827
106.4365,131.3346,35.5145,25.1257
107.1167,131.0107,36.1094,24.6212
106.5365,131.1428,35.9841,24.7775
107.524,131.0159,35.9573,24.8673
107.3174,131.1002,36.4643,24.7071
108.1338,131.0331,36.6367,24.9023
107.0648,130.1751,36.7788,25.0644
108.053,129.4424,37.1889,24.9962
107.7723,129.7075,36.7867,25.0149
108.2408,130.3993,37.4231,24.474
108.6627,130.8742,36.6464,24.9235
109.4917,129.5836,36.2498,25.3534
109.2481,129.4462,35.6031,25.5784
109.523,129.3202,35.6061,25.6961
109.3652,129.1742,35.6356,25.722
109.3998,130.0072,35.4302,25.7074
110.4744,129.718,35.4629,25.7027
109.8734,129.3632,35.4493,25.6691
110.0606,129.649,35.3849,25.4189
110.2247,129.8168,35.5244,25.3893
110.8936,130.3885,35.6122,25.552
110.9865,129.842,35.5153,25.5456
111.0297,130.5507,35.4615,25.7704
112.0066,130.6965,35.6477,25.6676
112.2473,130.5839,35.8567,25.6499
111.6172,131.2769,36.0077,25.7221
112.9084,131.1777,35.957,25.8269
112.2639,131.714,36.2136,25.8542
112.9223,131.7297,36.2502,26.1277
113.4751,131.3904,36.7613,25.9933
112.6489,131.7944,37.3249,26.1095
112.0231,131.0991,37.7379,26.0866
112.0994,131.1688,38.2621,26.0532
112.5797,130.3719,37.7364,26.29
113.0471,130.7428,37.8555,26.1577
113.0972,130.2959,38.1884,26.2141
113.3911,130.3361,38.7639,25.9341
113.7216,129.982,38.5038,26.1367
114.0885,130.0845,38.4865,25.9374
114.3872,129.7204,38.0681,26.0025
115.4195,129.2389,37.7342,25.758
115.823,129.5272,37.7318,25.3133
116.3824,129.841,37.4832,25.135
116.802,129.3094,38.3159,24.6762
116.7226,130.0664,38.2851,24.5169
116.7576,129.6532,38.2594,24.7358
117.5191,130.1893,37.9011,24.9076
118.2705,130.8579,37.8048,24.834
118.9162,130.2223,37.7901,24.8472
119.4725,130.3609,37.5124,24.9145
118.435,130.8965,37.8641,24.8617
119.1514,130.7409,37.3602,24.6927
118.7638,131.3644,37.5578,24.6789
120.2887,131.1211,37.4308,24.4806
119.385,131.7954,37.563,24.3572
120.62,131.1555,37.4528,24.35
121.3588,131.4374,37.2736,24.2385
121.7676,131.3479,36.8286,24.4118
121.2157,130.7354,36.5472,24.3986
123.0802,130.4236,36.4345,24.5644
123.1238,130.2079,36.3783,24.7306
124.0081,130.5487,36.1362,24.8035
124.4789,129.4035,36.3637,24.7517
124.3243,128.8369,36.2347,24.9367
124.5567,129.0362,36.2768,24.5981
125.4987,129.8184,36.2359,24.383
126.6456,130.1161,36.033,24.3585
127.2725,130.0215,35.9407,24.2064
128.2997,130.2127,35.7492,24.0595
128.0497,129.9113,35.8731,23.8812
128.2703,129.7092,35.8702,23.8475
128.5232,129.8068,36.013,23.8595
129.4094,129.0463,36.2831,23.9467
129.9789,129.3811,36.8379,23.6294
129.2795,129.1297,37.6006,23.7457
129.6058,129.6588,37.9224,23.4871
129.4751,129.7034,38.1538,23.3908
130.3862,129.6105,38.2521,23.4722
129.4957,129.5207,38.498,23.2967
130.6546,129.4568,38.4605,23.0852
131.8258,131.23,38.2873,23.0517
133.4292,129.6732,38.2422,23.0545
134.5725,129.1919,37.9777,23.1597
135.329,128.0767,38.126,22.975
134.9415,127.9584,38.5467,22.5359
135.8488,126.9627,38.3588,22.469
136.7281,125.9541,38.3464,22.4044
139.4661,125.2533,37.7135,22.6412
142.4667,125.0184,37.0467,22.801
145.7705,124.1461,37.1359,22.8312
144.6573,124.08,36.6574,23.1619
148.6623,123.7355,35.8257,23.206
147.5467,123.8311,36.2617,22.7083
142.193,124.1223,36.45,22.529
143.0649,124.7206,36.293,22.6165
142.2149,124.8424,36.8449,22.5642
141.524,124.8883,37.3622,22.5757
142.8098,124.8431,36.5887,23.0212
144.223,125.0316,36.0299,23.4727
143.9989,125.3555,35.8503,23.512
144.8648,125.8414,35.6384,23.5086
144.7252,125.6503,35.5704,23.5249
144.516,125.6911,36.0313,23.3391
144.0996,125.1378,36.9378,23.1337
144.6034,124.6509,37.0738,23.3751
144.7458,124.567,36.747,23.5191
144.7374,124.632,37.1104,23.4347
145.1896,124.2119,36.8033,23.4737
146.9428,124.6169,36.4067,23.6348
148.2411,124.6817,36.0501,23.8807
149.0927,124.7934,35.3904,24.0479
149.7274,124.9536,35.1222,24.2223
149.5098,124.4205,35.1954,24.3453
149.619,124.5393,35.2189,24.4589
149.8187,124.3644,35.5256,24.1717
150.0956,124.9111,35.4575,24.2138
149.5699,125.905,35.3671,24.0712
149.8851,126.5817,34.9644,24.175
150.5034,126.6535,34.5769,24.2566
149.9072,127.3998,34.7804,24.0724
149.4014,128.2278,35.3576,23.6702
148.9313,129.3019,35.221,23.7312
148.6831,129.5497,35.906,23.2992
148.298,130.053,36.0107,23.3801
147.9939,130.3505,36.3651,23.3804
148.0756,131.2628,36.5104,23.4295
148.868,131.3582,36.9486,23.5344
148.7552,131.5457,36.6494,23.724
148.8662,130.7519,36.6795,23.9948
149.2634,130.1754,36.9105,24.2255
147.8406,129.8472,37.09,24.1714
148.833,126.5373,37.4385,24.2181
149.1786,126.8213,36.986,24.5636
148.7885,126.5055,36.7189,24.4403
148.7206,125.6955,36.5687,24.4535
148.8506,125.1732,36.2088,24.7101
147.7538,125.4104,35.8494,24.946
145.9036,125.7147,36.1555,24.9145
145.9774,125.0899,35.805,25.3597
145.2536,124.6311,35.7125,25.5268
144.8642,124.6014,35.5962,25.6208
143.3667,124.4352,35.5804,25.6374
141.9709,124.6125,35.7719,25.7632
142.1638,124.7981,35.8687,25.662
141.5139,125.275,35.7499,25.9161
141.5711,126.1837,35.4861,25.8261
141.1928,125.0294,33.2506,28.6458
141.6692,125.6167,31.9314,30.3004
140.3835,126.1379,31.1052,30.9387
140.6819,127.1491,30.2983,31.3515
140.0192,127.4696,29.4287,31.592
140.0325,128.2702,28.6776,31.3941
138.7983,129.4134,28.3955,30.8208
137.653,129.6069,28.204,30.5008
137.7612,130.847,27.7822,30.1936
136.2719,131.4997,27.5172,29.9219
135.7565,132.8966,27.174,29.447
134.8977,132.8611,26.8782,28.8248
133.7485,133.5348,26.7147,28.1081
133.2987,133.5019,26.5302,27.7436
132.4978,134.8075,26.1421,27.829
131.0521,135.0571,25.7683,27.9508
130.4394,135.3188,26.108,27.5734
129.5839,135.0529,25.9633,27.2578
127.028,135.0179,26.2953,26.8996
126.6593,135.1158,25.6487,26.9506
126.8455,136.2663,25.1292,27.555
125.2701,135.6925,25.4043,27.7184
124.7282,136.1399,25.6137,27.5891
123.4481,134.6766,25.5422,28.3187
121.7461,135.1347,25.5497,28.376
120.4635,134.4145,25.9157,28.2779
119.5409,135.3227,25.8215,28.3729
118.174,134.5756,25.9789,28.0407
117.1216,134.8425,26.0858,27.8658
115.4105,134.1545,26.4897,27.7889
113.5837,134.0494,26.9174,27.6648
113.1203,134.2112,26.6959,27.8723
112.3757,133.3201,27.0263,28.1532
110.2607,132.7631,26.9688,28.1813
109.7346,133.4782,27.1642,28.2672
109.0963,133.9695,27.2323,27.9198
107.6474,133.9052,26.9287,27.8296
107.1306,135.0817,26.4239,28.1308
106.5295,134.3813,26.3396,28.381
105.4171,134.3628,25.7984,28.8707
103.3946,134.8315,26.192,29.0986
101.0996,135.4965,26.3274,29.1271
99.9797,135.3442,26.4926,28.8381
98.7207,135.7433,26.436,28.9808
96.9775,135.8446,26.5033,29.22
95.8866,135.6028,26.1706,29.7317
95.3477,135.5436,26.2595,30.0801
94.2703,135.6512,26.0513,30.6646
92.8837,135.921,26.278,30.9313
91.0948,135.8376,26.6903,31.049
88.2161,135.7018,27.286,30.8004
86.2927,135.9108,27.5504,31.1395
84.3439,134.6576,28.3287,31.3961
82.325,133.9053,28.8328,31.6403
82.283,133.1731,29.2703,32.032
81.0218,133.1847,29.1352,32.3837
