1
537.7826,244.9523,41.3143,20.5161
541.4851,249.0259,39.0939,21.8735
544.1599,251.6561,37.1682,23.4614
545.3994,255.8078,35.5448,24.5678
548.0421,259.7645,34.5113,26.0085
553.1073,267.5331,32.9731,26.7966
553.7128,270.9129,32.6111,26.8306
554.4596,274.5145,32.8062,26.3817
558.159,278.0449,32.9658,26.0393
558.9735,281.0667,33.0098,25.8514
561.5404,283.7838,32.0463,27.0899
563.3148,286.06,31.0176,28.4175
562.6403,289.6967,31.5205,27.9121
563.8311,292.9533,31.6754,28.1624
565.1519,298.6185,32.4414,27.9069
572.4321,305.7867,35.0689,26.4613
561.4642,308.5756,36.0011,26.1345
568.4185,308.8734,36.2304,26.4223
562.5522,311.9235,36.3687,26.5652
557.5475,315.307,36.5186,26.9688
557.6024,328.1498,37.3142,26.6322
561.3819,334.6033,38.8707,25.5754
562.9241,334.1673,38.5364,26.4474
562.702,334.2045,38.0539,27.2996
564.906,337.8662,37.3812,28.3804
560.7098,349.3093,38.239,27.1563
560.0894,354.3936,40.4139,25.3949
557.3231,353.8971,40.3282,26.3881
559.8098,353.9221,38.2112,28.2423
560.7471,369.4313,36.3365,30.5425
558.1433,365.3397,37.697,30.0696
563.0658,364.682,38.5727,30.4104
561.4107,365.0858,36.9157,32.5832
561.4254,366.7678,35.8822,34.2389
554.6051,365.8262,38.3597,33.0775
562.914,360.8647,39.3207,33.6942
571.1405,353.1705,38.7492,35.3186
557.288,348.1434,39.5439,36.7615
563.9929,357.373,41.7013,34.9815
560.5306,357.5606,44.1615,33.4902
556.1682,345.85,42.7281,36.5947
548.2135,340.1822,42.4246,38.6658
547.7195,339.6241,43.4127,38.595
551.7468,336.14,44.9663,37.1558
554.2906,333.1819,45.8854,35.8643
563.89,319.9881,46.9848,35.9837
540.5465,309.9264,45.1688,39.131
548.2841,307.8421,44.5333,40.8263
551.2841,306.8414,47.3136,40.319
555.7529,309.9879,51.2635,37.8924
528.1371,315.5088,54.1494,36.011
529.4462,311.0255,55.4918,35.7361
532.8263,305.3669,55.409,36.3692
527.8489,299.542,53.2589,38.6042
528.6408,299.3021,51.6751,40.4344
539.5573,312.6541,56.9809,36.7985
524.8996,323.3568,60.1603,36.0267
529.6867,318.5129,59.0422,37.2582
526.0009,314.7086,60.7582,36.3833
523.7609,307.8908,58.1167,40.049
520.5366,320.0581,60.2232,38.8714
526.9122,333.8514,63.5189,37.5433
527.994,339.5884,62.8402,37.948
533.6906,333.826,61.8194,39.1005
528.0253,327.9695,58.2865,43.3817
529.7537,342.1011,60.8516,42.2167
527.8314,356.0169,64.6962,38.7776
530.4194,359.7341,64.0901,38.9598
530.332,347.5501,62.7474,42.0828
531.5855,346.9038,60.2404,46.4765
524.5754,362.352,64.7439,42.5441
529.072,361.5236,65.279,41.0247
525.9203,353.5799,65.3014,41.2095
528.4647,347.5972,61.7862,43.7325
530.3521,349.6252,61.1392,42.8043
520.4243,345.7097,62.5308,41.4033
527.3961,346.6874,65.482,39.4479
533.0527,345.4296,66.5399,38.8706
527.6616,344.4088,66.4578,37.8081
530.0168,333.0857,66.345,38.9991
539.5233,331.4196,65.9486,40.7799
542.3551,340.9356,69.7409,37.5078
542.5824,349.7477,72.437,35.637
547.4332,349.1054,70.6441,36.9215
547.8376,344.0034,71.4136,36.0777
552.9747,329.216,67.4379,40.4579
547.4164,327.5685,65.8147,43.7529
551.3031,338.5319,67.7878,42.9432
558.9481,351.6313,72.1778,41.3443
561.867,358.0378,71.3721,41.9508
558.5664,351.9192,71.2694,42.456
560.768,349.6881,66.8663,46.9182
564.3578,349.308,66.4593,49.3715
566.0087,359.4636,70.0689,48.0669
568.1678,372.2769,72.7921,45.3245
568.6177,374.4469,71.8924,46.2482
573.1892,375.6644,71.5338,49.0839
583.6502,383.1561,74.0021,48.4946
581.4223,393.2621,72.9794,50.1969
589.0121,386.7467,70.6764,52.1905
579.2866,372.5243,71.7463,53.0635
586.7225,379.8278,73.6927,51.5374
589.8244,387.2725,74.9795,49.7563
595.7624,380.6972,76.1373,49.8729
587.7804,373.9441,75.1705,52.0919
583.5045,358.1972,72.2983,55.0256
589.7987,363.2518,74.9856,52.5544
584.4575,364.615,78.032,49.8278
598.4639,363.3445,78.6485,48.5517
603.9066,342.0796,77.2437,51.263
633.8168,330.185,76.9769,51.9993
627.1529,337.5675,80.6575,50.7404
634.7268,330.6235,85.14,48.9242
634.9669,321.0071,82.6616,52.1711
611.5197,319.4428,81.1479,55.2997
621.9067,320.9412,80.8452,56.3971
584.9816,311.3979,80.5022,56.9356
591.7232,306.9987,83.5369,53.3454
597.2407,308.0201,84.8011,51.3026
596.5324,300.1359,84.1838,50.7995
580.0329,279.0584,78.8743,54.646
579.033,273.7672,74.8677,57.2198
586.6251,275.4269,75.5594,55.885
581.7609,277.8054,77.3962,53.1008
596.2596,274.596,79.6658,49.7487
583.2321,259.6477,76.7483,52.6042
576.0959,257.2618,73.595,55.4399
582.1674,249.3007,69.1955,59.7465
588.5566,247.6514,66.1135,63.0451
597.0292,250.3448,68.6152,59.6031
593.1969,243.5679,68.5676,59.6606
577.3826,235.2231,65.488,62.8525
575.6305,233.9078,63.1964,65.4831
568.5769,232.8413,63.739,65.6783
571.4148,234.1791,65.8608,63.0027
576.5938,244.7671,71.0235,57.3474
577.8731,243.6967,74.2495,53.7035
575.0217,238.2589,76.1182,51.1599
572.9835,232.8258,72.5843,54.4159
569.9259,235.0187,72.9884,53.8376
575.7204,249.724,78.5017,49.1302
581.6182,259.4037,80.0325,46.9048
579.193,252.5763,79.2176,47.3405
575.191,248.5208,79.6861,46.0322
574.9538,247.1724,80.1606,44.9921
578.6142,247.9309,78.4121,45.3326
578.9619,255.2696,79.5541,43.5186
575.8458,257.2519,82.1402,41.377
575.4242,265.591,84.8069,39.2863
578.8345,273.7571,85.2868,39.3805
575.9669,278.2978,81.8533,41.3017
574.7498,278.2595,80.6515,41.3781
571.0714,282.4502,78.9994,42.006
573.1115,287.0876,76.7079,43.4633
579.8628,294.4957,77.4485,42.8905
585.0028,320.5753,79.6382,40.6101
590.0915,325.6733,80.1027,39.2824
585.1207,327.7865,81.259,38.5701
584.0202,326.758,79.9376,40.6271
589.6927,334.6236,81.0407,40.9005
597.0053,355.3288,80.8084,40.8697
597.4503,362.5413,81.7135,39.0112
597.6626,362.7064,81.2889,38.681
600.7404,366.6129,83.9514,37.9224
606.6556,374.6952,81.0638,39.6431
605.6575,366.8316,77.7278,42.9288
609.8881,366.1086,72.8389,47.9472
609.1546,373.5419,74.3059,49.2773
616.309,386.3178,74.7483,49.5401
617.6143,379.2637,73.9927,50.6639
620.0584,380.9818,69.1044,56.5401
620.0252,377.5831,67.2851,59.5662
613.7676,384.2437,72.1723,57.6868
613.6597,393.7553,76.2906,54.2737
611.2473,383.6478,75.2439,54.9168
602.33,374.7677,71.605,57.06
608.1521,381.8756,73.4873,54.4382
606.5079,384.9399,76.7758,50.2273
603.7643,385.3017,78.4696,47.607
596.3851,364.7708,78.2088,47.3665
594.3292,363.7497,74.8429,49.4087
600.8389,364.9485,74.8023,48.8652
593.5014,366.3085,76.5671,46.1451
590.0233,365.6633,78.0501,43.7869
586.4451,345.4129,77.9837,44.5624
584.9298,336.4425,73.742,47.9587
586.7095,334.9808,71.9958,49.0688
587.6402,335.9602,73.7463,47.1099
586.2422,337.0288,78.3413,43.1737
595.192,319.4713,76.6359,44.1011
581.8094,311.3285,74.7557,46.0639
576.2162,302.009,69.7762,50.3332
581.3021,301.0089,66.7795,52.3335
587.4006,301.9992,68.8349,50.3528
591.0913,303.6717,72.1331,47.0078
591.7,301.9336,72.6891,46.9376
587.9957,295.3821,72.9761,45.7973
577.1026,289.037,73.5784,44.365
574.8481,285.4637,71.0879,46.2622
580.9448,291.3549,72.8559,44.9508
580.5553,296.7667,77.1333,41.1238
584.8852,297.3469,77.2041,39.9634
589.1926,297.9287,77.2238,38.7998
585.6514,295.1184,75.7721,39.2999
575.5081,286.8058,72.3362,42.3692
576.8797,293.191,71.2904,43.1779
581.0391,301.3241,73.1462,40.478
575.4354,309.8747,72.6172,40.1434
578.9312,314.5737,73.9411,39.0609
572.2191,309.9352,72.3924,38.3561
569.3017,309.1397,70.0834,39.9472
573.1395,312.9639,67.2757,42.0345
577.4265,319.2008,68.4035,40.8794
584.6048,332.0478,70.1861,39.3944
579.4377,330.0057,69.2184,40.2494
576.1331,321.3615,64.5219,44.6169
581.7653,320.8431,64.5948,47.2734
585.6321,334.6616,66.8512,46.2763
593.2876,351.3006,68.3623,48.3251
586.9272,352.3002,70.6486,46.3258
582.9464,345.9388,68.1721,48.6105
588.5683,346.6834,69.1152,48.8622
595.2689,361.3607,73.3073,45.8978
600.4744,374.6855,75.2998,44.0552
600.2609,375.2801,75.7268,42.8661
601.0551,374.7524,74.1385,43.9214
601.2854,381.9665,75.4284,43.4973
597.4032,390.7979,77.9062,41.6944
601.426,397.0403,78.6972,41.581
600.875,383.7944,74.4685,46.7499
607.7491,389.7624,73.3456,49.2429
610.9932,397.2285,74.1734,48.9427
609.9306,393.7744,76.2985,46.6694
609.4204,388.0989,77.3189,45.2151
607.681,380.4531,75.3393,45.9506
606.207,386.2085,78.2872,43.4543
605.9819,387.1439,78.7372,41.5834
609.4105,380.0728,78.9903,41.5054
608.784,372.0054,76.6836,43.4014
602.5775,363.2548,73.0856,46.6706
608.2872,368.9525,74.1384,45.9657
608.3682,369.6086,77.5471,42.8681
610.8629,366.2258,77.9051,42.504
611.6049,355.9467,76.4211,43.4669
593.9188,340.3311,70.9392,48.054
596.5183,344.3618,71.0595,48.8583
600.2094,345.3263,72.6193,46.9292
598.9136,340.0529,73.4317,45.0218
607.1461,334.8548,72.7964,44.8646
590.7172,311.149,68.9712,48.6061
585.0632,266.6775,68.009,51.6566
574.1998,274.3211,71.8455,50.6816
2
0
0
0
0
1
627.6806,284.0439,26.9274,42.0165
621.6639,294.4707,29.0311,40.0294
620.9978,285.1814,30.3633,38.6632
627.5677,276.988,31.1917,39.0865
621.5316,272.8365,29.018,42.3016
622.1743,271.1906,27.7326,44.5617
621.5908,273.6702,28.8996,43.7812
604.9591,289.8621,31.6491,41.9112
610.005,290.4004,32.2427,40.8347
611.2229,287.7146,35.1142,38.7758
620.2607,284.0804,37.4638,37.4442
628.5268,283.7303,38.3825,38.1445
626.202,297.0776,41.916,36.0049
629.588,308.5837,43.0962,35.7136
607.903,315.8132,41.6449,37.3442
607.9386,313.7347,46.1883,34.5794
613.2688,315.2058,44.9461,37.5235
619.1851,322.0257,45.1838,38.3681
588.2121,336.8036,47.132,36.9747
591.7913,345.1335,44.8983,38.7825
602.5471,348.5946,47.9234,36.7676
604.5112,353.6247,47.7144,36.625
608.1323,363.176,49.1115,36.0354
586.9206,364.9037,47.9453,36.316
587.905,383.6978,49.6742,34.4719
607.1677,384.2337,50.4342,33.4001
606.7907,381.9186,48.7462,36.8095
592.1011,390.4096,49.3113,37.3666
606.8505,401.5298,52.8466,35.455
613.4901,401.7682,52.4822,36.2697
610.6304,396.098,49.1032,39.8114
630.8245,401.1869,51.8695,38.7876
624.413,407.6956,51.366,39.0965
620.6397,401.925,52.2619,38.6662
622.5018,389.578,48.5376,41.9758
630.8271,392.1818,46.5656,44.7749
612.1863,409.5019,48.769,42.5146
637.281,411.6207,48.4079,42.3171
638.6516,406.902,51.0186,41.0507
642.2666,398.0743,47.8599,45.1349
657.4702,396.0285,49.0774,46.4765
630.6289,413.8371,50.3923,44.8275
653.1061,414.3248,50.5285,43.8521
645.4481,408.3206,51.8906,43.3022
657.489,392.4561,48.9175,45.4791
666.5278,386.9544,46.2056,48.1012
643.1088,414.6032,46.9599,47.2663
667.66,410.4358,50.8686,44.4408
654.3733,404.8559,52.0596,44.3194
658.41,390.3732,51.1183,44.7568
640.6571,388.8791,52.5662,44.907
659.7925,387.8861,51.8314,46.8929
661.4509,400.4557,55.8374,43.7223
638.3914,404.1844,54.7852,45.1095
628.9357,392.5554,58.888,43.1927
615.7655,377.8981,55.0008,46.814
616.4011,382.1577,52.2177,50.3902
601.4967,389.3738,54.5464,48.1714
582.3828,399.5079,57.6533,46.2273
559.5237,393.4519,58.6304,47.5396
546.7977,380.5115,61.9741,46.5749
532.4903,365.5566,56.6964,52.2756
522.2913,368.1729,52.7002,55.1745
489.0009,387.3441,56.4841,52.2561
461.2043,391.248,58.529,52.5616
450.1465,377.4084,59.0756,53.6943
419.4049,353.6435,56.4973,57.3927
397.7004,350.7219,57.2862,59.8262
370.6448,359.1339,62.2388,57.0476
348.3526,373.7961,65.6857,54.5521
320.9952,372.6931,68.166,54.9569
286.6667,331.8891,64.844,59.049
264.8317,324.1486,61.9889,63.3639
240.5348,325.0552,59.6776,65.3214
211.3745,335.3293,61.604,61.6915
179.1003,344.2762,65.0085,56.7676
131.6772,339.0455,66.6897,54.4418
105.8283,323.1313,67.5756,51.7908
84.1381,315.4676,66.3388,52.8407
54.9955,307.8633,63.9958,55.567
