1
699.8793,246.3614,35.278,75.5058
698.5294,245.6232,36.3471,75.3514
692.6545,242.9009,36.5682,75.8552
692.5014,242.2223,36.8745,75.5542
686.8864,240.3354,36.4912,76.0101
686.3372,238.9819,35.9304,75.3988
684.099,237.865,35.4856,74.3518
681.866,237.3403,35.0994,73.7838
677.2671,237.9861,34.683,72.4922
676.5625,239.778,34.5158,72.0609
674.8273,244.0438,34.8521,71.3649
672.6902,246.8176,34.4382,70.5053
667.9785,248.9479,34.6038,69.3306
662.7083,248.2028,34.4442,67.7636
657.9166,248.3739,33.5079,67.4213
653.3068,249.613,33.8376,66.4249
645.8753,249.3674,35.4462,65.4434
640.9058,250.4047,36.471,64.8544
634.1913,251.3608,37.9454,62.9423
632.3447,250.9027,38.6572,62.3679
628.45,250.2579,38.977,62.1636
625.7155,249.396,38.4612,62.3912
622.1789,248.6003,38.0795,62.4916
621.025,248.3941,37.4149,62.9039
616.5574,248.3542,37.463,62.9837
613.6516,248.2252,37.3419,63.2418
610.2025,248.8055,36.815,63.5661
609.8341,248.2891,36.0708,63.1179
604.6914,248.7108,36.124,62.2746
602.0727,249.7106,35.5609,61.7251
599.3444,249.4221,35.2879,60.8696
597.1901,248.6551,35.3512,59.5733
593.3929,248.8237,34.5645,59.2363
593.1371,249.2206,33.6976,58.4424
588.2884,248.4783,33.9299,57.2226
586.8912,250.068,32.7107,56.719
582.726,250.0558,31.872,56.7434
581.8817,249.8725,30.9683,57.11
578.1759,251.287,30.6626,56.8535
574.0756,252.735,29.9225,56.5119
572.2399,252.0042,29.8154,55.4543
568.1803,252.2536,29.2399,54.9555
565.3836,252.5981,28.7084,54.2666
562.0357,252.0707,29.3758,52.9099
560.0566,252.9975,28.5462,53.4501
555.8012,254.5998,28.7209,53.8183
551.2048,252.2846,28.3192,53.6515
549.9431,253.4902,28.4628,53.6203
545.4671,253.4863,29.0709,52.436
544.7178,251.8741,29.3849,50.9216
543.2836,252.0947,29.9183,49.3128
541.391,253.1235,30.2463,48.4076
540.0029,254.3388,30.734,47.1213
539.6234,252.136,31.4929,45.8621
536.5513,253.3384,32.0053,44.5836
536.3383,254.2788,32.4314,43.8181
535.5713,254.6786,31.7444,44.1289
535.8298,254.8761,31.2274,43.7338
535.601,254.4331,30.5953,43.5303
535.9271,254.2421,29.9432,43.9123
535.8443,253.1954,29.0374,43.863
536.0011,253.302,28.7238,43.6498
532.6823,252.7064,28.0302,43.7937
533.6716,251.1954,27.0897,44.7397
532.3132,252.3862,26.6964,44.4313
532.1279,252.2934,26.0416,44.6169
530.7765,252.5594,25.6926,44.085
530.7741,252.8627,25.6975,43.4784
529.8495,252.0975,25.5576,43.0197
529.0827,251.2027,25.1206,42.8388
528.4972,251.0878,25.3164,42.0934
530.015,251.8652,25.183,41.5058
530.6625,251.17,24.8443,40.9836
530.9392,249.2298,24.2909,41.0925
529.0829,249.5996,25.1977,40.3529
532.9243,251.1686,24.0898,40.972
532.7716,250.6358,23.465,41.1076
533.7493,251.9957,23.3529,41.1526
536.1065,252.1987,22.3203,41.6671
536.4709,260.0854,21.5914,42.2849
537.9602,260.1105,21.3348,42.2347
539.7951,260.9614,22.176,41.4351
541.1849,258.4476,22.1106,41.0343
545.1859,251.3207,23.0855,40.0274
549.0717,248.4627,22.5069,40.3485
553.5436,252.7947,21.611,41.5207
555.9221,257.7456,21.3361,42.3755
558.2509,249.8403,22.1043,41.0043
558.7276,253.5335,22.945,39.8978
561.3224,252.1662,24.0194,39.0531
562.783,253.7986,24.6988,38.4888
566.5779,252.803,24.3321,38.6741
570.1842,253.5022,24.3163,38.1753
573.5321,254.4337,23.8634,38.096
576.335,255.0085,23.5564,37.8296
577.9295,255.1427,23.8637,37.5611
578.5421,255.0829,23.5133,37.6807
579.9658,254.4318,23.2794,38.1118
582.5565,254.8245,23.34,38.2002
583.6216,254.7421,22.9619,38.3649
585.0571,254.1467,22.7074,38.6836
584.1616,255.6905,22.7529,39.0868
593.4085,256.0682,22.7289,40.0904
590.9624,255.544,23.1507,40.2448
594.3812,255.7127,23.5408,40.8109
597.1391,255.7694,23.5361,41.616
598.3767,254.1979,23.852,41.9677
597.1332,254.8351,24.4571,41.6343
597.4126,254.5403,24.8445,41.2777
607.5668,253.4528,25.3761,41.5582
609.6342,252.1104,25.0828,42.3222
604.9074,252.274,25.8341,41.995
607.7745,252.4165,25.9472,42.6846
606.5156,250.5985,26.4912,43.3602
602.3898,247.7328,25.6893,45.0678
597.5193,246.7225,25.2494,47.0885
587.265,246.603,25.9853,48.3682
582.1109,246.4358,26.6445,48.7024
574.872,245.4776,26.9751,48.4424
567.5424,242.7065,27.4646,47.4448
562.5709,243.1805,27.657,47.5801
554.2487,242.1698,26.8834,48.5128
547.736,240.4827,27.9245,47.529
538.1373,241.0607,28.5519,46.3731
531.9731,240.4167,28.9397,45.49
524.0641,239.0067,28.5776,45.074
516.9772,238.7779,28.888,44.4653
511.3166,238.3174,28.5234,44.324
501.729,237.8885,28.7231,44.1274
489.015,238.4463,28.8424,44.0664
477.0862,239.3313,29.4775,43.3521
464.9001,242.9993,29.5802,43.4024
454.383,245.2907,29.4615,43.0501
446.1933,248.2976,29.0356,43.3384
434.2345,248.965,28.8553,44.0991
424.3576,248.9868,28.5399,44.0554
409.5542,249.6651,27.6848,44.7996
397.6263,247.8604,26.4016,45.2666
384.688,248.7868,26.4527,44.4468
372.8108,248.308,25.6885,44.3829
380.4168,276.7281,25.5942,43.9825
2
0
0
0
0
1
213.5124,254.4724,27.1314,45.3558
193.8647,255.6875,28.7502,45.0186
173.1562,256.6526,30.6355,44.1569
155.8446,257.3448,31.5804,43.8589
142.0304,257.5161,32.8744,43.5162
129.298,259.0572,33.8532,42.6601
116.9349,260.1009,35.1527,41.6882
103.0159,261.1292,34.9597,41.8742
91.8005,262.3897,34.9694,41.5951
84.998,262.4431,34.0551,42.6054
81.5529,262.1439,34.2375,42.0858
81.2164,267.8733,33.7976,42.8679
81.2213,265.0466,33.7879,42.932
82.3403,265.5426,33.7873,43.0586
82.4184,266.6949,33.6311,42.9953
85.6022,267.4411,33.9666,42.6201
86.4503,267.3376,33.387,42.8273
90.6988,268.957,33.7754,41.8096
95.1557,272.4512,33.6706,41.4281
94.5515,273.4679,33.7855,40.4883
94.508,274.4178,33.8725,39.6692
93.765,275.3039,34.2891,38.9664
93.2304,274.8631,34.2932,38.783
93.5818,274.4352,34.6527,38.5766
94.569,274.4149,34.8074,38.6172
95.2218,275.331,34.5695,38.9205
97.7737,276.2967,34.8093,39.1264
101.83,277.9241,35.3024,39.0988
107.1747,278.7152,36.5267,38.5996
115.2316,277.6032,36.8291,38.6347
118.8019,278.3299,37.3866,38.2811
127.6715,275.7997,36.1895,38.9304
136.6968,275.4587,36.743,38.5179
147.3024,273.8316,37.462,38.4825
159.223,273.8044,36.8717,38.537
168.7021,273.0879,36.5937,38.8712
180.913,272.9645,36.3666,39.1179
189.5219,272.7462,35.6504,39.5545
197.3115,272.9244,35.4113,39.1981
204.9979,272.5334,35.2473,38.8938
211.5166,273.1835,35.1575,38.6726
217.8998,273.4232,35.2798,38.1931
224.9099,273.6489,35.1493,37.7417
232.8312,273.9948,35.1955,37.0499
237.947,274.5966,34.4051,36.8955
243.7594,274.0954,34.1566,36.8637
251.8094,270.9353,33.5035,37.005
257.9523,266.4167,33.4788,36.8464
264.5706,267.4144,32.4687,37.9076
273.7762,267.8692,32.4097,38.0175
282.2757,272.1546,31.7364,38.6298
294.2953,286.2905,32.1575,38.8953
297.3241,275.15,32.2802,38.5155
304.8953,271.558,32.5287,38.5172
313.4573,271.7793,31.8855,39.1047
321.8255,269.7625,31.6121,40.0512
330.8539,269.3216,31.2224,40.9332
337.7199,268.1573,30.0493,42.2151
345.6467,267.0872,28.8569,43.3081
353.3096,266.6977,29.1961,44.0871
361.7344,266.3764,28.2721,45.7914
369.4938,265.6177,28.8351,46.2368
375.8413,267.5641,30.2865,45.6085
380.7127,269.3426,30.4681,46.4622
389.3468,268.0236,32.2163,45.7444
394.8118,265.1031,32.6506,45.9035
399.8663,268.0699,32.8548,46.8454
406.9149,267.3033,32.721,47.2149
414.5407,266.5333,32.641,47.5878
425.0867,264.4575,32.6345,48.2253
432.7644,262.3705,32.6317,48.8562
442.0925,260.6584,33.0234,48.7091
449.5664,261.6189,32.4123,49.1774
454.9855,264.2457,31.108,51.0742
461.8811,263.916,30.502,51.7336
466.5334,265.3434,30.7845,51.2756
475.6237,266.8942,30.5478,51.7629
478.6702,263.1978,30.4529,51.958
480.4061,264.5817,30.5837,52.793
484.4984,277.2159,29.6925,54.2671
485.2381,278.0537,29.4357,55.0365
490.5624,278.4814,29.8523,54.1812
490.2742,261.8026,29.2049,55.718
492.6234,257.3108,28.2133,57.2879
491.8861,281.4146,29.6878,55.0238
492.0886,285.5185,30.5164,54.2176
491.4782,280.9213,31.7372,52.291
490.8947,268.4684,31.6768,52.6489
490.3332,266.5501,32.7999,51.5585
489.4997,266.2975,34.4668,49.5956
493.0458,268.4973,34.7656,48.8916
491.8627,269.2001,35.906,47.4859
491.2558,266.9486,37.1198,45.8738
484.853,270.477,37.7484,44.9055
477.6433,266.8678,40.0408,42.4222
463.3893,267.219,40.7192,41.7198
446.954,267.3321,40.934,41.4937
431.5904,263.2914,41.4303,39.9012
416.4819,263.3365,40.6676,41.0026
401.8301,263.6487,41.2368,40.3781
384.1945,266.7419,41.8194,40.1725
372.5853,269.6567,40.9999,41.5544
356.2807,270.5661,42.117,40.9468
344.2993,271.6391,42.9204,40.0197
330.2329,271.7336,43.0745,39.8308
319.4892,273.3261,42.6775,40.2932
306.897,273.7702,42.3025,40.6221
296.9415,274.7986,41.5314,40.9984
286.0517,274.6023,42.7299,40.1804
281.9352,275.1585,42.4501,40.2841
278.2954,275.211,42.4491,40.1791
275.8851,279.0583,42.4226,40.9668
267.2465,282.4687,42.5642,41.4897
262.8027,283.4618,42.81,41.9727
256.5426,286.4841,42.8695,42.1584
254.463,288.6698,43.2789,42.7869
246.3927,291.7071,42.9569,43.0441
239.057,291.2722,43.7084,42.6485
223.8542,295.2,43.6144,42.4176
212.7631,296.7611,45.5457,40.5612
200.4544,297.6915,46.1165,39.966
192.1857,298.4499,46.2125,39.714
181.2464,301.9257,44.1116,41.597
169.2258,299.5727,41.6881,43.7825
157.3894,300.0829,41.4716,44.0194
151.3316,297.9874,41.0104,44.4374
151.1903,296.6375,40.0359,44.6232
156.5017,299.2732,39.3697,44.33
164.1937,298.1075,38.7391,44.2026
164.131,290.8904,38.8645,44.0272
177.888,297.3621,39.3347,44.4675
184.0666,301.4313,39.288,43.7154
186.4267,291.0537,38.2234,43.7559
198.6217,292.3531,39.0817,42.3594
204.7859,290.2298,41.0806,40.6363
216.243,290.4778,42.1234,40.1403
210.6159,315.013,38.9045,44.138
219.8897,311.3772,38.6431,45.3142
226.2615,310.9759,38.2325,46.1168
234.4118,304.1762,39.2814,44.8451
237.7676,304.9768,39.9866,43.2438
235.7233,305.1206,39.1869,42.9564
235.6562,305.2993,39.3211,42.5988
242.4183,302.1192,41.4158,40.5488
242.7167,302.8078,42.0207,39.1717
242.4117,302.4898,42.6307,38.6187
252.0751,299.7663,43.5241,38.1186
255.4309,300.4203,43.9825,38.0057
262.8682,301.949,42.3101,39.7491
266.8822,303.2925,42.701,39.4673
272.3488,304.825,42.6054,40.0151
277.812,306.4762,42.5829,40.3472
282.3616,305.1211,43.216,40.6243
287.2779,302.7235,44.4601,40.4964
297.5312,302.8003,43.9196,41.5908
301.2575,301.9657,44.0101,42.0028
311.7137,301.7289,42.0751,43.7415
318.6422,296.9922,39.5828,46.9012
325.3611,297.6217,40.1479,46.9154
328.8917,299.6302,42.0623,45.4627
340.5222,300.2044,43.3062,44.3143
344.8299,300.8192,42.4373,45.6668
349.296,304.0178,41.2984,47.0628
352.9125,306.8572,40.5792,47.8979
352.9579,307.0878,39.184,48.7412
355.2605,312.7348,37.1692,50.399
359.3019,309.5042,35.5272,51.7074
362.2619,306.7496,34.7324,52.0914
362.771,304.533,34.9883,51.4283
376.9669,318.3017,37.0342,49.2556
371.2564,306.5037,37.039,48.7509
369.6167,302.7462,37.797,47.4404
360.2528,298.9129,38.9856,46.3375
383.4439,274.0938,40.2821,44.5327
391.0541,274.1886,41.2734,43.0962
395.3372,273.332,41.3869,42.3294
394.7283,273.7387,41.3752,41.5161
396.4023,274.2043,41.6766,40.5848
395.7396,275.1206,41.7958,39.9585
373.3729,278.3696,41.0011,40.6491
375.639,277.5968,40.0594,40.998
378.6398,277.3365,38.8084,41.5186
400.1386,273.2948,38.1601,41.3673
399.6799,273.4429,37.9136,41.0711
377.8892,276.9465,37.596,40.9954
377.3479,277.2873,36.3804,41.4628
380.4113,275.6838,34.8025,42.3955
381.417,273.3223,32.7911,43.7385
384.7441,279.9453,33.9424,42.7583
386.9809,285.6266,33.9427,42.5806
387.912,284.6296,34.312,42.3431
388.8237,294.6682,33.6066,43.508
382.196,295.8917,34.4905,43.3104
380.2543,297.7181,34.9663,43.0651
389.7215,322.6997,34.2667,43.2475
389.8813,323.7696,33.9471,43.3702
390.905,320.5294,33.0277,44.2105
387.8924,321.862,33.4223,43.7975
389.3583,319.7509,32.7428,44.6412
386.2961,321.8135,33.2265,43.9003
2
0
0
0
0
1
339.7555,294.5714,24.9859,28.0777
332.3358,291.8305,23.3907,29.8244
328.0958,294.0272,22.8818,30.6746
323.0477,280.5038,23.1752,30.5751
313.1018,280.1461,23.3785,30.5333
298.701,283.4193,23.3052,30.8257
280.4561,290.4589,23.161,31.2474
265.9969,294.2007,22.9185,32.2052
257.5359,293.8306,22.7207,32.9453
240.1762,298.3951,22.058,34.0379
228.2639,295.7488,22.122,34.5784
218.9649,293.0846,22.2911,35.0992
213.313,292.6221,22.2281,36.0242
205.7949,291.4898,22.4175,36.6392
197.961,292.3467,23.0155,36.5999
187.2672,293.9932,23.2394,36.693
178.4738,293.2814,23.7931,36.4133
167.8875,293.8141,24.4084,36.2044
162.3983,295.9712,25.0248,36.2077
161.1362,298.1379,24.9282,37.1159
154.7338,298.0822,25.331,37.2275
156.5922,295.2649,25.1908,37.4971
152.8636,294.3828,24.5844,38.3654
162.131,290.8675,24.0323,39.102
161.7263,288.5934,23.9406,39.1448
162.5544,290.2594,24.0848,39.4135
166.6028,291.6432,24.1477,39.3659
154.916,295.6566,23.94,39.5019
143.2732,302.0385,23.6812,40.3215
142.9125,301.9962,23.4891,41.3196
144.5337,292.9309,23.9476,40.946
139.8192,299.7677,24.1034,41.1823
137.685,297.5694,23.7043,41.8451
137.4204,301.9529,23.2969,42.4447
135.4536,299.0594,23.4756,42.5994
139.7925,324.5611,24.2381,41.6291
138.4912,327.4359,24.9559,40.5916
134.1191,326.3589,25.2506,39.9291
130.4511,326.7716,25.1167,40.0373
120.2168,327.9135,25.0557,40.5531
130.198,324.8871,24.8316,40.9663
139.7238,326.4214,24.6278,40.7249
143.289,328.2332,24.0449,40.8428
146.0463,326.0988,24.0948,40.4745
147.4514,329.9261,24.0528,40.2017
146.5012,328.7144,24.1172,39.8715
145.5266,323.3912,24.2383,39.549
139.971,324.9778,24.4148,39.1096
