1
300.0604,139.2323,73.1286,90.3608
296.9292,141.0891,74.4237,91.6146
295.417,144.1413,74.9241,93.0821
295.415,144.6024,74.9281,94.7142
299.3459,145.7083,74.8056,95.0823
304.3174,145.3519,75.1964,95.795
304.3462,144.7797,75.1388,96.9396
304.8208,145.6275,76.8068,97.8612
304.2118,146.2282,78.025,99.3183
303.3182,147.1364,79.8122,100.2026
305.06,145.5949,81.8146,100.5424
313.8754,144.2217,83.648,100.5082
319.6675,135.6557,83.3021,100.783
326.9337,133.9256,82.8108,101.4351
327.1168,132.2784,82.4444,101.9191
328.1265,131.003,83.237,101.6579
327.0401,129.6361,85.4098,101.5709
325.915,127.9455,87.6602,102.0979
328.4797,123.693,88.3275,101.9076
338.4632,116.0494,88.7035,102.664
339.4133,114.2516,89.7272,103.3358
347.9472,109.5985,90.3637,103.7899
348.86,109.1804,91.506,104.626
358.9133,119.2329,92.3934,105.515
368.4748,128.5582,94.4603,108.0543
371.7924,127.9708,97.1237,109.2291
367.0042,120.5144,97.2191,108.3402
355.6072,111.0154,94.8293,108.4504
347.1267,97.3462,93.1206,107.7841
337.4346,86.9849,90.9868,106.9887
335.5351,84.4092,88.7307,106.0851
332.4535,84.2601,88.9391,106.3833
332.2149,85.9527,89.4164,105.9833
334.7596,94.9824,90.3006,105.8447
344.6833,106.5212,91.4448,106.7575
357.0686,122.1856,93.9556,105.7414
367.2877,133.1261,94.9062,108.3047
366.8974,131.6356,95.6868,111.2857
363.169,116.8649,96.8049,112.3027
354.1186,104.5666,95.6873,111.275
353.6199,94.5785,93.5156,112.2359
352.9432,89.269,91.7197,113.4069
353.7723,86.5248,90.0613,112.6183
354.045,88.7789,89.516,111.2098
357.1216,93.6426,89.501,107.6206
364.3256,107.5655,90.1605,103.8827
368.412,123.5798,90.8859,101.5151
371.2978,144.5817,90.996,100.6826
370.9353,146.5936,91.7211,102.5179
368.4566,135.1538,90.739,104.6093
362.0193,122.7131,88.6803,108.5843
361.345,109.986,87.0139,109.9171
354.1857,107.3189,86.2882,112.2424
354.034,106.7945,86.5917,113.2913
352.791,113.124,86.0239,112.8471
352.0518,124.3928,84.4647,114.6112
352.5123,140.2351,83.5437,113.3189
352.3034,157.5696,83.9615,111.6997
350.8574,171.4076,83.8669,107.9165
340.3178,172.5516,84.456,105.6284
330.3556,154.8611,84.0696,106.1911
322.3908,134.911,82.5755,105.4361
320.2518,125.8916,81.1173,103.3976
311.1054,121.0242,79.7171,101.8792
304.6591,122.2371,78.7731,99.4534
303.9979,123.467,77.3807,96.9938
303.0421,133.3719,76.638,95.765
301.655,143.7365,76.7887,93.4006
302.1267,157.1288,75.8453,92.5109
302.7453,176.6319,74.608,94.4741
302.5448,188.073,75.0091,94.73
298.2314,191.6351,75.8919,97.9311
286.5239,178.0574,75.504,98.6389
278.4675,153.4361,75.7209,100.1938
272.0503,136.8178,75.1722,101.3107
265.645,128.7116,74.5589,101.4145
265.9512,126.4299,73.9465,100.6251
262.3955,127.9427,73.095,97.5995
262.4651,131.7655,72.9557,95.1424
258.9086,143.3932,72.4054,94.8766
259.2367,157.824,71.7492,93.9703
257.7684,178.4448,72.1691,92.9985
255.3742,188.8404,71.94,94.7862
254.2883,188.8058,71.5792,97.3879
253.2595,179.5457,71.0706,97.944
246.7702,176.119,71.2167,94.5313
241.7725,176.3243,71.145,91.604
240.6827,185.2931,70.8538,88.4911
239.5891,189.1212,70.6228,85.6713
238.8268,198.0862,69.7765,84.3383
237.8175,207.4986,69.4583,81.871
236.8661,213.9522,69.0676,80.4311
302.2793,162.6266,71.8682,83.4282
302.0856,170.8592,74.6119,85.8122
301.2567,178.0119,78.7066,86.1289
301.011,179.9055,81.7051,87.3557
299.4678,186.8775,84.7915,88.8541
297.1529,186.6756,86.7753,89.2578
296.3804,186.6027,88.3203,89.4037
300.624,178.6135,90.6736,89.1213
304.6409,176.9113,90.8674,89.7833
306.0698,168.064,90.7656,90.9416
307.9184,153.2747,89.8412,92.7923
2
0
0
0
0
1
275.7158,163.8347,38.9222,65.0658
257.1216,176.0692,42.2579,62.1395
254.0206,177.4338,43.8097,60.9604
243.4432,172.2474,44.715,60.4296
218.6298,148.9954,45.8489,60.005
236.9296,161.7751,47.0776,59.6645
244.2363,184.7871,48.372,59.7731
247.4006,155.0111,48.4965,61.247
230.7845,142.4895,48.9681,61.7197
252.0793,146.5067,47.7014,63.6028
257.9865,140.8586,47.5166,64.9307
261.058,159.9285,48.0883,63.7218
260.0577,154.9541,48.4194,63.6536
258.2541,157.8087,48.6791,64.6397
266.0246,157.8005,48.3762,64.656
270.5105,164.1839,47.8468,65.397
274.0955,151.7153,47.4414,66.6578
269.6387,135.6833,49.5398,64.6463
284.1769,152.6966,47.7784,68.1775
286.026,149.5955,47.545,69.1825
294.0306,161.7436,47.23,69.2998
293.728,154.9248,47.8352,69.0141
292.7846,154.2497,47.976,68.6182
297.9345,163.4217,48.1302,69.44
297.4849,167.0734,49.0294,69.166
303.1889,160.6253,48.229,69.6867
302.9576,161.5843,48.6916,69.5313
301.4484,157.8955,49.942,68.0692
301.0395,161.5074,50.7598,67.91
301.3313,172.2723,50.1762,69.4809
301.7858,163.4127,49.2672,71.0769
300.3824,163.6359,48.4723,72.4314
296.2919,158.9835,49.4203,72.6949
292.0823,154.7214,50.528,72.0796
295.7509,153.6406,48.7011,74.2411
295.1054,158.0466,48.1526,74.626
287.2521,145.5951,49.1707,73.8241
281.6848,151.2855,49.2604,75.3291
274.1916,149.5495,49.3264,76.936
266.6228,150.0244,49.3415,77.8765
259.6981,146.8547,49.858,78.5018
252.2636,153.657,51.2682,78.356
245.0819,147.7281,52.0243,78.5505
239.0439,150.5718,52.3442,80.7005
238.9792,154.2564,52.4736,81.3196
232.3253,147.358,53.7303,81.0566
231.0015,147.9467,56.3777,79.8793
229.8773,147.7757,56.5749,80.2212
227.524,150.5339,57.1625,80.8837
227.1277,152.4409,57.955,81.2282
227.0285,155.0868,58.1534,82.229
226.9747,152.183,58.2611,83.8046
232.021,157.2746,58.8767,84.3298
235.3671,157.9008,58.6637,85.237
244.6176,160.6382,59.6927,84.1023
246.3698,155.8777,60.5277,84.9444
247.1248,154.2886,61.2138,85.9266
267.5832,164.7897,62.5212,87.1477
272.6594,165.7918,63.6804,87.4059
274.9337,182.5678,65.9874,83.5614
284.0972,170.7347,65.7708,84.5894
283.5412,169.7362,66.8829,84.3104
290.0319,178.4295,67.6401,85.242
290.7477,177.9963,68.5249,86.1085
298.0287,182.7369,68.0266,88.347
297.0565,177.9163,69.9709,86.1367
301.7205,179.7555,72.4814,84.8261
304.5892,182.6846,73.9071,83.7433
306.3883,183.7441,75.0961,81.6243
309.1523,185.2574,76.706,80.9769
306.9529,187.0846,78.7102,79.717
310.8388,179.939,80.5632,79.5709
306.9172,180.7639,83.5407,77.9212
319.7943,176.2945,84.7698,77.0478
335.1804,173.3538,85.9529,75.555
335.9107,176.4734,84.4923,76.6729
337.1878,174.3488,84.3859,78.4742
348.7812,183.583,80.999,82.2808
357.4818,203.9571,78.4937,86.2206
359.7629,193.1348,76.4366,87.8243
354.3668,190.2201,77.2392,86.1613
352.2838,170.9349,76.4367,87.4677
350.4073,161.8161,75.206,88.2622
349.018,155.6893,75.5,88.0931
347.766,164.0163,73.0307,91.3323
344.347,170.1401,72.3775,91.5701
343.2723,182.6721,72.0367,91.408
346.3503,188.3311,70.8451,92.5011
349.2108,200.2882,70.0834,93.3836
350.0332,184.4822,70.9194,92.7451
351.271,174.7458,70.9284,92.3409
344.2764,168.1567,70.0462,93.1262
342.8287,152.1033,70.4653,93.0416
342.776,149.3247,70.5707,93.6352
343.8855,144.896,70.8441,92.5222
316.9539,175.9213,75.1077,89.9913
331.1017,166.3145,74.4197,91.6365
326.1374,186.3448,76.7758,91.9623
323.5278,178.2097,76.8611,92.8302
316.4907,176.5076,75.444,93.6526
308.1245,166.9924,74.1744,94.6808
304.3871,157.336,73.9479,93.4571
301.2891,154.7843,72.51,93.4714
299.3868,156.2582,71.2716,93.045
295.8944,164.2584,70.7717,92.0143
292.9911,169.7181,69.1651,93.45
285.8588,180.1383,71.0954,92.3446
289.9998,188.7509,70.2575,92.4888
293.9007,192.7426,69.8655,91.9152
295.0708,187.0596,69.9801,91.0073
294.3413,180.1327,71.4392,87.7617
290.1168,180.2033,72.6388,85.2042
290.8123,172.6985,73.6439,83.4413
293.3251,174.9438,73.3877,83.7201
292.3923,177.212,72.8684,83.9536
293.3487,186.0587,70.9555,85.3025
294.7449,193.377,68.1632,87.2603
292.9637,194.4438,67.0138,87.4825
297.3051,188.6183,65.353,89.7711
289.3204,170.1486,64.8825,89.1334
285.6226,164.4254,65.2846,86.5929
282.0513,158.9955,65.5305,83.6593
282.1069,161.854,65.4192,82.4582
282.1535,168.5782,65.3261,82.4357
281.2324,174.2569,64.9325,82.2572
279.312,181.6557,66.5465,80.8199
254.9325,199.641,64.0035,84.9988
255.1182,199.1214,61.3784,88.2916
279.5996,173.3927,64.417,85.4866
284.1001,176.5176,66.7554,83.7727
284.5859,187.1785,68.0633,82.966
287.2566,191.8439,67.2979,85.0756
287.8267,186.6466,68.4661,83.9288
286.9184,176.2634,67.9733,83.9104
286.8433,166.675,68.1234,82.3765
288.6337,159.607,66.8224,82.8331
294.7028,153.8763,66.0146,82.9641
273.319,136.9519,70.4464,80.7322
271.2472,141.18,74.5899,79.1506
270.7563,140.1943,77.9042,78.7895
271.9491,132.6297,77.8977,79.6453
285.1288,132.4273,75.4616,82.4424
288.5826,159.9492,73.3498,82.5507
288.9712,134.7856,72.5726,80.8238
266.7282,105.0127,68.196,84.5265
274.2933,111.7773,71.5802,82.5687
275.4911,115.8148,73.861,81.5084
275.6164,122.0716,75.9683,80.7845
291.1091,128.4745,73.5418,82.2582
250.7036,96.8883,69.2278,83.9513
254.7144,96.5218,63.5282,89.3283
256.0999,91.3522,58.4452,95.0436
251.0801,83.4453,54.601,99.2875
244.7437,76.7139,53.4004,98.8769
2
0
0
0
0
1
288.2915,149.1052,46.4798,54.5211
287.9223,153.5901,45.7166,56.0621
286.0639,152.9614,44.8935,57.3196
283.6954,152.7704,45.0724,56.1821
283.6021,149.898,45.2589,54.403
283.8605,149.9373,44.742,52.8442
287.7457,150.3746,44.2104,51.9696
290.8531,150.6556,43.6983,51.4075
291.6079,156.2737,43.5973,51.4412
294.0557,161.8491,42.9246,51.5516
294.4267,165.2594,42.1826,51.7242
294.0418,162.0183,41.563,52.6486
293.4405,154.904,41.3719,52.9395
293.3312,149.8744,41.5905,51.8373
293.7043,145.0687,40.8443,51.7768
296.6886,145.4662,41.7195,50.9818
293.0483,145.6884,40.777,50.5373
295.4431,148.641,40.033,50.0263
300.4492,151.6644,39.3215,50.6229
300.7992,151.7341,38.6214,51.81
301.0025,150.0482,38.2149,52.5149
300.886,142.423,38.4479,53.0525
301.4219,136.2305,38.7257,53.2917
305.6928,131.662,39.6878,52.9245
308.5832,131.1291,40.7457,52.6227
308.3244,131.8639,41.2634,52.5332
309.8938,137.4493,40.899,52.4599
311.5228,143.3441,40.4014,53.0919
311.7631,144.1879,39.9206,54.1679
311.8469,143.55,39.753,55.4438
310.801,135.5502,39.0302,57.3703
309.8681,130.2377,39.4713,56.597
309.6594,125.065,39.8887,55.5803
312.5481,121.8929,39.7576,54.8664
313.4469,125.7684,39.3588,54.1085
314.2805,126.5152,39.0721,55.3757
314.5686,136.1154,38.4957,55.7075
314.777,146.4753,38.0791,55.8492
313.6073,148.925,39.0324,55.108
317.7905,149.042,39.0084,56.2644
318.0683,142.4311,38.4529,56.8175
318.046,132.9894,38.4974,57.4114
318.6611,129.3849,38.6839,56.1207
319.1341,129.3587,39.138,54.773
318.6603,128.6382,40.0856,53.4398
316.9164,132.4115,40.8093,52.8037
315.6883,137.3579,41.8815,52.5989
315.6777,140.2914,41.9026,53.7226
315.3367,139.821,42.5848,54.6635
315.2735,134.1023,42.7111,56.0118
314.3905,126.0546,43.013,56.0024
314.4333,117.2982,42.9273,55.8894
314.1014,117.1452,42.1256,54.7298
311.9416,117.695,42.1404,53.6301
312.1964,117.8177,41.6308,53.3847
310.0678,122.8548,41.6694,53.1541
306.2481,128.9888,40.8891,53.5157
304.3759,134.4575,40.4446,53.7482
303.371,135.618,41.0617,54.2126
302.3345,129.531,41.725,55.1086
300.7666,124.2462,41.9923,55.6384
299.7616,120.2873,42.5557,54.876
299.6101,115.5373,42.8587,55.7114
298.5088,120.6257,43.5995,55.7676
300.8093,123.6803,43.4224,55.557
299.8723,128.871,43.8278,55.4556
298.2124,139.5242,44.2005,54.7787
299.0107,143.2725,44.0731,56.0966
300.9182,143.8008,44.7202,56.5274
303.5689,137.4909,45.4365,57.1117
304.7984,128.8467,44.5025,57.6253
304.8782,124.0594,44.3429,56.5749
308.9334,124.5907,43.728,55.5123
310.1042,127.7976,42.8592,54.9898
311.8343,132.1666,42.3006,54.9563
312.7877,136.6245,41.8349,54.6878
315.1144,136.4109,41.4702,55.115
316.8684,136.0799,40.8226,55.7769
318.8867,135.4475,41.0755,55.6119
318.554,135.5801,41.7409,55.3468
318.369,135.7919,42.1108,54.9231
313.1844,136.9309,42.4165,54.0829
311.8931,135.4592,42.14,54.1668
311.431,138.343,41.6377,54.1052
303.1424,139.0771,42.6232,52.6371
306.2075,137.5809,42.1355,52.8081
300.0867,119.0258,41.7282,54.7822
302.3055,136.3669,43.0077,52.9734
301.7086,135.2395,42.7795,53.8063
297.986,135.3942,43.0685,53.4968
293.9217,134.8632,44.0417,53.1277
293.4454,106.6528,43.5535,54.7921
292.5426,103.4623,43.9,55.3375
292.4232,102.5212,44.139,55.7468
290.8949,101.6457,44.2295,56.0147
303.2131,99.2495,44.8999,56.3414
289.3444,99.4708,45.557,55.8987
288.3246,100.6304,46.0883,55.0877
282.9123,101.4239,46.3841,55.0047
295.8826,135.9178,44.5641,55.3636
297.8286,139.9449,43.6402,54.7294
300.4263,136.7625,42.8227,55.2568
302.1501,137.0573,40.8294,56.1216
303.061,136.5876,39.0076,57.061
304.5932,136.7605,37.3629,58.1347
307.2638,137.25,36.2481,58.5647
309.7394,139.9426,35.487,58.7662
312.4723,143.5412,35.5694,58.5043
317.1901,148.8517,37.2095,56.1902
323.7142,152.8875,39.3073,53.6261
341.3316,136.5119,39.7522,53.4423
342.3555,139.3712,39.0812,54.6071
344.2263,143.4171,38.1067,56.2006
348.8424,144.5366,38.6174,53.9616
348.9033,146.9888,38.4957,53.1558
349.5114,150.668,38.6313,52.5568
349.5034,156.0218,38.6473,52.6088
346.8087,158.742,38.6527,52.5524
345.3409,162.0386,38.8979,52.6854
366.1545,138.0242,37.8083,54.7717
2
0
