1
277.3678,71.3047,22.2429,68.4994
277.4262,71.2407,22.2572,68.459
277.6644,71.6817,22.3348,68.036
277.846,72.488,22.8373,68.3247
275.7377,73.3986,22.6058,68.257
275.4839,73.0551,22.7954,68.1229
275.5316,71.3466,22.7098,67.7741
275.9019,70.8905,23.0242,68.6861
276.2836,71.4068,23.472,68.704
276.9018,72.0313,23.6343,68.7792
276.8822,71.8278,23.9267,69.0777
276.7024,72.3422,23.9231,69.7831
276.7963,69.4543,23.4942,70.0088
278.0423,69.1397,23.1596,69.4082
277.8287,70.9243,23.1046,68.7842
277.901,71.3283,23.0149,69.3457
276.1865,71.9821,22.8091,69.0441
276.0633,72.0899,22.8904,68.8516
275.9731,70.9426,23.0319,68.4863
275.9287,70.8194,22.859,68.9325
276.5827,71.5028,22.8849,68.7755
278.0617,72.3349,23.0574,68.6093
278.4001,71.9785,22.8354,68.481
278.1892,70.2329,22.8559,69.369
278.1388,67.8972,22.886,69.2244
278.8242,69.6362,22.6167,68.7945
277.924,69.7828,22.2722,68.7219
277.8235,68.8506,22.4752,68.8002
277.6002,69.9638,22.4475,69.0802
276.9318,69.9454,22.5975,69.6893
276.4279,67.879,22.519,69.6624
275.7049,66.6481,23.2666,69.7898
276.3536,68.2463,22.9817,69.941
277.7609,68.6544,22.7016,69.9101
278.359,69.5795,22.8526,70.3905
278.2987,67.5268,22.6114,70.8678
278.321,67.3787,22.5818,70.529
279.2304,67.911,22.4007,69.7568
278.7941,67.3282,22.284,70.2189
278.7124,67.7177,22.4174,70.0132
278.0022,69.2739,22.1563,70.5878
276.8236,68.6469,22.4677,71.1628
276.7814,67.1355,22.3061,71.5096
276.1327,67.3901,22.7929,70.5344
276.4656,67.1496,23.1582,69.6035
277.1768,68.7056,23.4775,69.3683
276.8826,70.7255,23.7321,69.7515
276.8606,69.1035,23.4537,71.003
276.7779,67.3347,23.2227,70.852
277.8464,67.3696,22.5627,69.5779
277.773,68.8595,22.9292,69.1055
277.4003,68.3865,23.0637,68.8892
275.7886,68.2839,23.6729,69.5314
275.3209,69.2392,23.5509,70.6374
274.6851,67.3928,23.7323,70.1932
274.9288,67.8872,24.5237,69.7143
274.8992,67.3854,24.5877,69.1594
275.7889,68.6122,24.7281,68.6098
275.1557,69.7882,25.1879,69.0203
275.3587,68.7078,24.4251,70.9255
275.5226,67.4188,23.7982,71.5208
276.0102,66.906,23.4746,69.8396
276.5416,68.3212,23.2758,69.4432
276.2965,68.76,23.3249,69.6468
275.0029,70.8838,23.815,70.9333
273.3898,70.1413,24.3098,72.4782
272.4977,66.906,25.1854,71.7528
271.9074,67.8772,25.9004,70.7091
272.7433,68.6157,25.6318,69.116
273.947,70.5461,25.7044,69.0897
273.6969,71.785,24.9577,71.5285
272.9506,68.9791,24.2277,74.3881
273.2422,66.9832,23.8469,75.5102
273.4638,66.0628,23.3038,74.9627
273.4054,68.5612,23.6399,74.8509
272.9404,69.0445,24.7632,76.9924
270.685,67.7518,25.138,78.6842
269.6364,67.5462,25.3375,79.2044
269.8825,65.7094,25.5491,78.9478
269.1413,63.9011,26.3263,75.9506
269.4243,65.8725,26.8643,73.5478
269.5139,68.6075,27.0733,75.1285
269.4561,67.2601,26.5733,77.9047
268.7177,64.7478,26.1069,78.8593
268.8676,64.2133,25.8807,78.0067
268.1873,64.4863,25.8744,77.6806
268.3309,65.7267,25.9854,77.4783
267.6442,67.6954,26.7114,78.9299
265.8665,67.4277,27.7183,81.2973
264.9407,67.4559,28.3376,82.9581
263.5792,66.3479,28.8838,84.2909
263.0902,67.8465,29.9484,85.2668
263.4309,69.9243,31.1457,85.8456
264.7147,73.3568,31.9051,87.126
263.6399,74.4696,32.0467,87.681
263.5586,74.305,32.1374,87.0406
263.7308,75.1094,32.0655,86.4786
264.972,76.8286,32.2243,86.739
265.4816,78.1659,32.149,86.8954
265.6595,78.8031,32.8406,86.4877
264.2338,78.3374,33.8015,86.118
262.9998,76.3922,33.6402,85.4337
262.5075,74.6066,33.6247,83.8046
263.3193,77.0419,33.8965,83.2966
261.8619,77.8728,33.9141,83.6567
261.1934,76.3328,33.6636,84.7735
261.0763,74.5718,32.8929,85.7576
260.8351,73.1794,32.474,86.512
260.9809,72.3345,31.8958,87.003
261.7186,73.1646,32.3015,87.8216
260.1879,73.0438,32.6198,88.1006
259.6407,73.723,32.8237,88.8061
260.7598,72.24,32.6555,88.5851
260.9354,72.3799,32.4867,87.9816
260.9715,72.0182,32.5055,88.1581
262.2695,74.3211,32.2427,87.2056
262.8971,75.1503,32.7678,85.9444
264.1987,73.1016,32.3995,87.269
264.8841,71.1787,31.9976,88.0286
265.8933,70.5666,31.838,88.1235
268.5518,71.064,32.1246,89.0888
270.2885,72.9791,32.146,89.9206
269.7583,73.6881,33.2008,89.8053
270.979,72.6175,33.2106,90.1349
271.9077,70.1405,33.3499,90.7651
273.3451,69.7977,33.0096,90.2405
273.146,69.066,33.0778,89.7924
274.5774,71.3261,32.6905,88.9904
274.5483,73.0674,33.4163,87.7433
274.9549,71.4956,33.1028,88.2712
274.9417,71.3575,33.408,88.5013
275.4583,72.4893,33.6298,88.4401
276.4507,71.5001,33.6959,89.6378
277.0565,73.6056,34.0335,89.5686
276.2887,73.6246,34.8086,89.3343
275.0207,71.5835,35.2323,90.0154
274.8775,69.2857,34.9142,89.9127
275.1408,70.1413,35.0577,90.0674
275.6439,69.4824,35.4804,90.8227
276.9482,70.4658,35.5828,90.9467
277.0984,71.2689,35.4919,91.1479
277.2854,70.3789,35.7958,91.581
277.1161,68.4376,35.5156,91.0326
278.7737,69.3894,35.5935,91.2311
279.8596,69.8381,35.8913,91.4421
280.7261,71.2505,36.8337,90.1569
279.0751,71.5991,37.9456,89.1145
279.5964,71.2894,37.8519,89.0561
279.8785,71.1949,37.7635,88.8033
281.369,71.3565,37.2467,88.2466
282.8235,72.6513,36.9014,87.6548
283.3608,72.8196,36.7741,87.3856
282.911,71.6387,37.1153,87.5108
283.5157,72.0793,37.1334,87.7942
283.8793,71.0439,37.212,86.9344
285.0657,70.4127,36.9788,86.7919
285.2443,70.2202,36.8996,86.6307
285.3934,69.844,36.7349,86.9386
285.5722,66.443,36.5172,88.7029
286.1618,64.5271,36.3638,90.0846
285.5361,62.6151,36.5494,91.1135
285.3502,63.1566,36.9891,92.0804
285.1662,64.0151,37.0295,92.5297
287.1381,61.6246,36.4444,94.589
287.1987,58.8072,35.4533,96.1116
286.8961,56.4374,34.7824,95.3803
288.3345,58.0223,34.0782,95.4977
289.2876,57.7442,33.5047,96.9598
290.673,58.8533,33.9775,97.3067
288.1156,60.2675,34.5549,98.3402
288.5785,59.07,34.8563,99.0627
288.3946,57.3144,34.8853,97.6152
288.0066,58.8237,35.2407,98.0746
287.5928,59.7804,35.6866,98.9067
288.1037,61.3465,36.2461,98.8263
288.1706,62.2468,36.4812,98.4081
287.9138,58.6949,36.4035,98.6228
288.1785,59.1397,35.7266,96.6143
289.5851,59.9918,35.7304,96.2091
291.7067,61.4041,35.3466,97.1432
292.2087,61.521,35.58,97.3436
292.2127,60.6505,35.4047,98.4842
291.8044,59.4106,34.9672,99.5117
291.6233,56.5285,34.6523,98.0293
291.6726,57.13,34.5086,98.4116
292.0621,56.5434,34.2678,100.4385
292.4839,58.3595,33.6486,101.6878
292.9764,60.0976,33.3876,101.3866
294.6126,58.1931,32.9649,102.0986
294.2774,56.2057,32.542,101.0705
295.0255,56.5848,31.5702,98.566
295.7751,58.5574,30.9633,97.1143
296.327,60.8291,31.0168,98.6476
296.4198,60.2225,31.3219,100.111
295.897,59.5155,31.5273,100.9228
295.083,56.683,31.3998,100.4137
295.9501,56.966,31.053,100.8698
295.7058,55.855,31.4061,100.4337
296.2182,59.8169,31.3881,100.2755
295.832,60.9935,31.5922,100.8885
295.6713,60.2468,31.8248,102.6277
295.2321,57.7264,31.8883,101.7806
294.7162,57.7254,32.0443,100.0998
295.0497,56.9433,31.7366,97.9814
296.1708,60.6706,31.4526,97.321
296.6496,61.6019,32.0113,98.9529
296.1289,59.8783,31.8528,102.2443
295.6566,57.4965,31.6973,101.649
295.7696,57.9278,32.0571,101.8359
295.8093,56.9486,32.2495,103.1346
295.2924,59.0092,32.9743,104.9692
295.1464,60.9484,33.2221,105.5143
295.7634,60.124,33.2901,106.6387
296.183,59.4808,33.5483,105.8453
296.0324,58.8091,32.8023,103.4647
296.8254,58.8653,32.4003,101.1511
297.4887,61.7825,32.2583,101.0712
297.6467,63.3405,32.1402,102.0074
298.0552,61.3092,32.3813,103.1727
297.7462,58.392,32.459,103.4058
297.1774,57.563,32.0743,103.6036
297.9147,56.9904,31.7997,104.3252
298.0015,58.3444,31.6948,105.8502
297.1663,60.0692,31.9734,105.4433
296.7294,60.7049,32.8971,106.5815
296.9119,57.2184,32.4263,106.2158
297.6759,54.9205,32.5472,102.4319
299.1167,55.7354,32.0098,98.9074
301.2721,57.9292,31.0288,96.6749
300.9905,61.6807,31.5001,98.307
300.3632,63.4838,31.7451,101.3373
300.4455,61.0729,31.843,103.3826
300.36,58.7799,31.7087,105.6815
300.2092,60.0505,31.8247,107.756
301.582,59.3543,31.9914,109.2015
301.5984,61.305,32.6728,110.6351
301.7077,60.9611,32.8091,112.218
302.4516,57.887,32.3607,110.667
302.5979,55.4996,31.7904,106.9048
303.0644,56.228,31.1419,102.7493
303.5466,57.7646,30.8397,100.5321
303.2711,60.3146,30.578,100.942
303.0021,63.6742,31.4635,103.3965
303.3089,62.7652,32.1293,106.1116
303.5166,60.7647,33.0843,108.569
303.6132,61.7921,33.7321,111.0943
304.0749,63.0015,34.906,113.345
303.4256,63.929,36.4644,114.783
303.1739,62.8184,37.4045,115.555
302.4711,60.9447,36.9176,117.3602
303.0571,52.5997,37.0726,113.8288
303.6641,55.1713,36.8196,110.1022
303.4807,56.3636,37.1253,106.6383
303.9171,59.9179,37.0212,105.9755
304.0076,59.9376,37.087,107.4387
297.3886,60.659,37.0393,107.5899
298.4404,60.4951,36.7828,110.6702
299.8356,63.0225,36.6996,115.0259
301.3245,65.6194,37.2037,118.6504
300.9473,66.7645,38.5926,120.9857
300.7538,61.8596,39.9364,122.7734
301.359,60.1958,38.6791,123.2543
302.8255,57.549,37.927,119.8339
303.7375,56.2918,37.3795,116.1702
302.6459,55.0205,38.6174,112.4134
302.9988,58.1428,38.7254,111.6131
302.03,59.56,39.2401,111.7082
302.4028,60.9824,39.5193,113.4493
301.7358,61.2535,39.9765,115.6414
301.458,62.2481,40.3606,118.1636
301.6719,64.1183,40.883,120.5911
301.9821,59.9623,41.4764,122.1494
302.1049,56.9634,42.033,122.5222
301.2635,61.8041,42.545,122.7945
302.1312,56.8562,41.2154,122.3613
302.9029,51.5491,40.4914,117.9867
302.6301,52.7937,40.3446,113.9884
303.5132,56.2116,39.8781,113.9638
302.013,58.7466,41.0005,113.6942
301.5829,60.992,41.3002,116.373
301.1149,62.1201,41.4957,119.5906
301.1717,63.9403,42.0381,122.637
301.2795,67.2102,42.4987,127.2698
301.1271,68.2694,42.9629,130.9102
301.9493,67.9806,41.8983,135.6458
301.1239,62.1667,41.8227,136.7453
301.2251,53.1821,41.4748,133.8482
300.1958,55.6402,41.8762,129.484
299.2258,56.7782,42.6807,125.4147
299.3209,61.3489,42.0143,126.5885
297.4507,62.9028,43.2781,128.0051
296.5882,61.1779,43.7093,130.5617
296.0895,64.2255,43.8296,134.1399
297.7297,65.0834,43.5634,137.3392
300.9332,65.7254,42.7934,141.5414
300.4827,65.6357,43.0671,144.2631
298.6021,64.815,43.8833,146.7105
297.3302,61.7557,43.8296,147.319
298.0694,56.1258,44.0759,145.8609
299.8413,58.998,43.5021,146.2258
298.1991,62.8268,43.7568,145.5434
296.8412,61.1419,44.1755,146.3489
295.6158,59.0571,43.8917,147.0665
291.541,59.0261,44.4115,145.2367
288.5408,60.0227,45.4955,146.4795
286.5561,58.7109,45.5471,147.922
284.6782,59.0312,46.1678,147.663
282.979,61.6196,47.3197,147.3071
281.7925,59.686,47.6912,147.7728
279.9358,58.7904,48.2864,147.8786
280.513,58.3151,48.4666,149.1619
280.3031,61.433,48.9324,150.2574
279.0549,63.7922,49.0078,149.9636
277.3195,64.7565,49.964,148.4096
274.6128,63.073,51.1294,147.0405
271.5411,60.6792,51.8083,142.658
269.6975,63.3252,52.1805,142.501
269.8052,65.911,52.1187,143.2762
268.6478,69.0867,53.1992,143.095
268.283,71.0713,54.0195,143.8662
269.4126,67.1845,54.4384,145.3346
268.4087,63.1859,54.2301,143.8228
268.2701,64.7167,53.9197,143.328
267.3736,66.9566,54.1645,144.5382
268.0471,68.1995,54.4048,145.1172
266.4042,68.7561,55.069,144.9462
267.3856,64.0866,54.8807,144.9404
265.0992,61.2076,54.3904,142.5959
265.6488,60.7247,53.4867,140.9398
265.7279,63.3382,53.8826,139.8876
265.5754,63.5053,54.2745,139.995
266.6457,65.8975,53.9699,139.3874
267.4814,71.1143,54.6591,141.9386
266.9039,67.4077,54.0561,144.8866
264.8419,63.0509,52.9994,144.0665
264.0037,66.135,52.6103,145.0263
263.0997,70.9165,52.9804,146.4504
260.6589,70.0344,53.6983,148.3205
258.7233,67.2824,54.2647,149.8789
257.4722,63.3723,55.083,149.3846
256.1286,61.4318,56.1757,149.0708
255.2019,60.644,57.6497,150.4271
254.9097,61.4973,58.9722,151.1571
256.8935,64.1613,59.3135,153.0761
256.0907,65.477,60.9711,154.2031
253.8855,62.3969,61.4152,156.0803
252.0866,56.5658,61.0525,154.5109
255.0936,59.3822,58.5722,153.7079
254.8559,61.9542,57.157,156.9003
254.5917,65.4412,57.1877,157.0329
254.0008,64.1895,57.5967,158.1657
253.8179,63.2875,58.1865,158.8763
252.3318,60.7163,58.6193,157.2892
250.5619,60.4684,59.7634,157.2857
250.8311,63.5138,60.0235,159.5439
252.7564,64.9072,60.5176,160.0585
254.3022,64.7245,60.6628,161.6098
255.1522,61.0869,60.398,164.2017
254.9254,55.446,59.8819,163.5862
256.7859,57.1755,59.3514,161.5258
259.5442,59.9247,57.8441,162.7623
259.0394,62.3093,58.4472,164.7286
257.7245,61.1251,58.9394,166.2879
258.7274,62.1488,59.0521,167.0903
258.9063,59.1893,59.0928,166.6536
257.9225,57.0746,59.7871,165.9267
256.9227,59.9309,60.9164,166.7713
257.7733,61.8721,61.8261,168.1823
259.9207,66.3014,62.1418,168.3902
262.158,63.806,62.4802,170.0953
263.2129,59.4513,62.9891,170.6531
264.1315,54.2523,62.233,169.8714
266.4053,58.0028,62.0423,168.9871
267.5586,61.4669,61.6475,170.6934
268.4018,62.4053,61.8896,171.4238
268.047,61.7934,61.7233,173.4423
268.3663,60.5688,61.7842,174.3192
268.5554,56.0302,61.8422,171.364
268.5502,56.9495,61.5871,172.6857
269.3479,58.6273,61.6932,172.0988
271.6718,58.7631,60.5458,172.3091
272.4503,62.8673,61.0232,173.1133
275.2825,61.4019,60.8466,175.9132
276.8053,57.4309,61.2548,174.9271
278.6449,57.2902,61.1803,175.0505
280.448,58.3803,60.8969,175.2439
280.7884,60.5072,61.235,174.4814
280.9526,62.1239,61.7029,176.9501
280.5491,62.4708,61.5921,178.5076
280.0906,59.3581,61.5827,178.9198
280.7468,54.5134,61.4891,176.8863
281.2758,54.5341,60.8386,177.6694
281.8938,53.0384,60.6445,176.6126
284.0701,54.0501,60.4682,176.8051
284.5335,56.9387,60.5575,178.5332
286.3554,57.3047,61.6444,182.0551
287.5156,53.9863,63.6361,180.8395
289.1161,53.8445,64.7723,182.2304
292.629,51.4617,63.3502,182.0788
292.914,52.9958,64.0213,182.2741
293.0338,55.7333,65.4214,181.8789
290.7435,54.2621,66.3857,182.001
290.4736,54.9353,66.5017,183.0967
289.1264,50.3416,67.7154,181.0141
289.3585,49.2106,67.7926,180.7273
289.6771,50.0143,67.9012,179.0139
290.8332,53.2671,68.6077,180.6206
290.4879,54.4026,68.6038,183.4975
287.297,53.488,68.9925,187.1632
286.0901,49.285,68.5756,189.3127
287.5423,46.7526,67.3232,190.0215
287.9753,45.3077,66.2053,187.477
290.0461,52.2309,66.6533,184.7989
287.1879,55.3911,67.3678,184.8425
283.679,53.5985,68.6999,185.3716
281.686,52.7309,69.4783,189.0826
280.422,47.0417,69.7016,188.94
280.0604,43.8388,70.6293,186.0812
282.9704,49.6594,72.1447,184.1034
285.7611,52.9042,72.948,184.8534
285.5495,52.6289,71.9977,188.6334
284.8272,50.9391,71.4656,192.9167
285.4656,47.3993,71.8734,194.0016
288.3177,44.4411,70.448,193.0624
289.1011,46.7706,70.0853,190.995
288.5769,50.4198,71.0216,190.2034
287.2579,51.3311,71.3478,191.2862
284.6918,49.6578,72.0354,194.4352
283.4788,45.2035,72.7964,197.9511
281.2186,40.7122,73.8721,197.6653
283.7449,41.1869,75.4037,193.8876
284.9433,45.5564,77.6516,190.8932
285.6038,49.6997,78.9295,189.6369
285.6118,50.1995,79.4877,192.6561
286.1369,46.161,77.5317,197.2049
286.5128,43.1072,75.8944,199.5572
289.3575,44.1287,76.8979,196.2588
289.9198,51.1388,77.438,192.4992
291.7886,52.924,79.0921,191.9144
289.5968,54.0915,79.1031,193.2326
287.1562,47.4953,80.3301,195.7532
285.2976,46.361,81.8195,198.684
283.4909,41.4099,81.5427,198.4536
285.2161,46.0172,83.514,194.9214
286.9218,48.3936,84.292,194.669
287.9849,50.2275,84.3127,193.9195
288.1285,48.3817,82.3418,197.6199
287.6011,42.6599,82.2269,198.2248
289.6214,41.7792,83.1065,199.7199
295.4312,40.7685,79.987,201.5406
299.5575,43.3878,78.4331,201.0597
301.4063,50.759,79.8759,198.4844
299.6762,52.681,80.8625,198.6814
299.6126,46.049,82.44,199.6697
300.8654,45.4709,83.2864,200.5894
300.9549,41.7933,82.5481,202.7755
304.3781,40.7072,81.7085,204.0314
305.2234,44.5388,82.5659,204.8332
305.9422,48.3769,84.4213,203.1664
308.7252,48.2103,84.8558,203.2391
307.5162,42.2441,84.9595,204.4684
311.215,42.2915,83.1234,206.9478
311.6296,38.2878,83.9965,209.6981
313.9281,45.326,84.1935,209.7118
313.1349,50.2606,86.0661,205.3312
312.0133,50.3164,88.0341,202.5536
309.9816,48.1349,88.9895,201.9863
308.8171,43.2567,89.6653,202.6861
307.6035,43.1532,89.5681,204.5584
308.2066,40.9356,89.8598,204.8691
308.3253,45.5886,92.4437,204.808
309.0833,49.0127,94.6573,204.6408
308.0929,46.4086,95.4198,204.4305
293.4912,42.1069,93.5296,206.8508
293.3635,39.1017,92.6012,209.3291
292.9262,41.8351,92.0197,209.7568
292.8911,45.9745,91.3349,210.0202
291.2883,49.5028,94.2242,204.4056
289.3158,50.0609,95.4678,201.6643
285.6025,49.8686,97.3436,199.2929
285.2084,51.0599,99.8662,198.3796
286.9278,47.9061,99.7054,199.2258
287.6733,50.3605,101.1626,195.5006
287.5998,56.289,102.1734,193.0385
288.4383,53.0677,101.4181,193.7966
289.4053,53.2434,102.1363,196.0881
290.3313,50.3236,101.0884,198.6636
291.7568,47.7074,100.1594,200.0703
292.2792,47.6861,99.2786,202.3882
292.2369,47.6234,99.3675,202.0954
278.5159,48.0195,101.6012,198.4135
281.2464,48.632,103.5895,195.7029
283.8241,47.5494,104.857,195.4577
286.9391,46.2845,103.9775,198.0339
289.8443,46.0494,103.3768,199.0066
292.9564,39.4077,103.0925,199.002
277.4602,40.1744,100.935,199.6568
277.2852,43.959,99.7403,197.6009
276.2224,47.6439,97.4033,197.5366
276.2248,43.2395,93.4919,199.5459
276.3305,39.2823,90.7745,202.0945
275.0453,37.2547,89.3273,203.3911
272.6486,35.9887,87.8378,204.192
272.4928,34.9296,85.2155,206.2694
288.7749,45.3545,86.8611,204.2766
271.2053,46.4951,89.1265,202.504
272.7905,48.9256,94.3576,198.2414
275.9716,41.7192,96.5398,198.6338
262.5241,42.1527,94.3049,200.7309
283.1863,65.4733,105.2896,188.8666
266.367,47.1886,104.9084,190.8521
251.5087,43.3911,102.3862,192.1883
242.0967,34.8164,99.6355,193.694
245.365,32.062,97.0335,195.9831
243.4067,31.9336,96.0647,196.453
244.714,34.5351,96.0146,197.2304
262.522,39.28,95.22,198.3431
228.4807,46.6782,96.4809,196.4685
230.676,56.0254,98.1761,192.6435
215.5054,57.2001,98.8153,189.8406
221.0767,60.4893,99.435,187.8934
222.6835,63.4204,101.2579,184.0051
210.9007,72.6904,107.4325,177.5745
210.0784,79.0589,109.6312,171.206
195.1756,75.2148,104.6703,170.6492
198.4203,72.5776,96.7779,172.4665
205.2978,68.2489,88.401,173.717
226.2988,76.3802,86.2804,174.9811
246.3506,78.9894,85.0478,173.7058
279.7742,95.1245,95.712,162.3422
284.5783,99.2231,101.5555,154.5763
275.5313,96.1005,97.6628,153.4786
275.6327,95.0663,94.0886,153.5244
265.2203,96.6423,93.4889,152.459
271.2891,105.1871,92.4461,148.3044
268.7191,101.6821,90.5061,147.2726
265.7368,105.6939,87.6241,145.7349
270.1938,113.165,90.1843,139.3297
274.2566,116.0576,95.1998,133.1985
266.5315,118.0496,98.289,129.9441
259.4371,116.4426,99.0716,128.9284
263.2059,117.6778,96.2328,129.879
268.3934,118.8613,91.9086,129.6844
274.1244,117.6493,86.5541,130.2818
279.2707,115.4181,83.1607,131.2403
283.359,118.103,82.2905,131.1327
287.238,116.6922,83.3811,131.693
299.2525,119.9805,83.5386,131.0509
303.5314,117.7119,79.2421,131.2951
303.3628,115.959,73.3134,131.0678
308.0338,118.7311,67.9819,129.5377
313.3481,119.5348,65.6044,127.2286
318.1202,125.7834,65.4941,125.9032
320.1824,125.9757,67.3043,125.5119
319.0091,122.7483,66.0996,126.0208
317.4339,120.3294,61.6098,125.7888
319.8989,122.7656,57.6805,125.7298
319.6428,124.689,57.8588,124.6207
316.8292,131.4967,62.9198,120.6167
313.6306,132.3023,68.4398,117.6795
306.8084,134.3691,70.6539,116.2518
306.0875,133.4599,67.9303,114.7734
305.1212,132.5408,64.3616,114.6866
304.1496,134.7874,61.507,113.1623
293.3159,134.2061,57.6892,114.3632
292.644,134.981,57.364,113.6337
291.0432,136.3973,59.4804,110.6123
282.2751,137.3412,58.3367,109.2831
281.8904,136.8227,56.2121,107.79
282.7286,135.9921,51.7764,108.1676
285.0297,140.2516,49.1979,109.0907
280.6773,140.5531,50.6236,108.5107
277.5743,144.0645,55.0331,105.1688
277.5339,142.7213,57.8679,102.6525
278.0313,143.7471,57.3292,101.2365
277.9597,146.7571,54.6041,101.2622
279.845,143.9336,49.3917,102.9097
281.3118,144.1109,44.752,102.9913
282.5013,147.1905,42.4507,100.9101
285.5522,148.4742,42.9481,98.1979
286.2415,149.5105,43.6832,97.1725
286.8647,151.0397,42.9145,95.3877
288.9905,151.706,40.9685,93.0767
291.5406,154.4429,38.6193,91.3561
294.1332,160.2414,37.5682,89.5682
297.23,160.6086,37.0907,88.6613
299.1622,160.5351,37.2136,87.1422
301.428,160.7664,37.7029,85.1888
302.9892,161.8176,37.7903,83.2152
303.6074,164.0885,36.9686,81.5572
304.5672,164.2145,34.7046,80.8893
305.3923,166.3076,32.7421,79.9137
306.3923,166.2479,31.3298,79.1557
307.4277,167.1486,31.2666,78.7802
307.2085,169.4975,31.8373,77.4783
305.8526,169.5558,31.8317,75.4174
303.9241,170.2379,31.3947,74.3094
302.9126,170.0371,29.7576,74.5395
301.4983,171.8885,28.8795,73.6283
299.8618,171.0642,28.2964,72.4053
298.7208,172.692,27.7444,71.1575
297.1809,172.8818,27.0596,69.9218
295.4808,173.0988,26.2053,69.1277
294.4209,172.8644,25.7169,67.6094
293.677,175.1409,25.1762,65.9576
293.6395,175.9087,24.8785,64.4821
293.1278,175.3337,25.286,62.9626
293.0914,174.0678,24.9959,62.449
293.6489,173.1403,24.9288,61.9817
294.6207,171.5026,24.833,61.1348
296.2162,171.5806,24.8564,60.1671
296.7963,171.3914,24.7089,59.3348
297.8288,171.7621,24.5439,58.7083
297.9547,172.0376,23.986,57.5935
297.8468,173.5257,23.249,56.4838
297.9898,174.4671,22.5461,55.0932
297.2072,173.527,22.3786,53.7383
296.5269,173.4289,22.4804,52.255
296.0505,173.2236,22.2305,51.5178
296.7909,173.7121,21.9654,50.7396
296.5262,172.6282,22.0079,49.6774
297.0321,171.2325,22.4856,48.6805
296.4916,169.6815,23.0631,47.0575
296.4473,170.5277,23.3436,46.2144
296.0579,169.8027,23.5248,44.9399
295.5023,169.5348,23.4654,44.1505
294.4906,168.1982,23.1063,43.6494
294.0811,166.3354,22.0745,43.9914
293.6366,165.4418,21.2912,43.7496
293.2838,165.9074,21.0604,42.956
292.3767,166.9807,20.8058,42.3631
291.0701,166.4991,20.3983,42.5364
289.8726,164.9503,19.8203,43.09
288.9636,164.1001,19.2533,43.8209
288.0138,165.6059,18.9151,44.5022
286.2746,166.7333,18.7568,44.1721
284.18,166.7073,18.4447,44.0474
281.7231,165.7133,18.4991,43.4128
279.6008,165.9049,18.4623,42.9791
277.2225,166.2871,18.5913,42.4199
275.6566,165.5979,18.4037,42.7292
274.3009,166.1091,17.9932,42.5508
272.756,166.3807,17.356,42.2883
270.3102,167.2556,16.6877,41.2809
269.6042,166.8848,16.3858,40.8841
268.1594,168.1757,16.5119,41.0515
266.9431,167.9359,16.9819,41.3317
265.1678,168.5219,17.5318,41.1304
261.4752,168.4594,17.2013,41.2782
259.3351,168.7976,17.0683,41.2728
257.5326,170.0483,16.8878,41.216
256.0861,170.2803,17.2193,41.0598
253.9171,168.4932,17.9212,40.7447
251.9622,168.7385,18.175,40.8146
250.1621,168.7703,18.5074,40.8491
246.6623,168.2524,18.2767,40.632
245.782,167.6982,17.3566,40.0243
244.7059,167.46,16.5122,39.055
243.1467,168.0999,16.061,38.1121
241.8638,169.6371,15.6534,37.7672
238.6698,170.5684,15.421,38.3683
237.9698,170.5537,15.953,38.5946
235.0115,169.0719,15.6968,39.6382
233.6689,168.9818,16.0771,39.3808
229.3817,168.3962,15.4204,39.5557
228.1478,169.1284,15.124,39.4992
225.9856,169.2455,15.7063,38.673
224.1084,169.7259,15.9683,38.7977
222.7473,169.3458,15.9039,39.1629
218.7386,169.2049,16.1564,39.0867
216.5527,169.237,16.3579,38.4663
213.3776,171.9233,15.7215,38.29
211.7585,173.0201,15.1687,37.6332
209.6601,173.3773,14.9542,36.4257
207.9781,173.5517,14.9508,35.5829
205.7083,172.9733,15.2713,34.612
203.3778,173.5996,15.7001,33.6513
200.7711,174.0353,15.6232,32.9607
199.7051,174.436,15.3836,32.3142
196.5133,174.4382,14.8198,32.3761
194.9416,174.4902,14.7491,32.3128
193.5065,174.2373,14.8501,32.7014
191.9092,173.532,15.2323,33.0222
190.3131,173.3807,15.6116,33.3685
188.5773,173.4051,16.0004,33.4405
186.9462,173.5859,16.1086,33.5995
185.4932,173.3795,16.0452,33.7913
183.6429,173.8467,16.037,33.9092
181.2775,173.313,15.7872,34.1676
179.5756,173.6536,15.5618,34.1782
178.3536,173.3175,15.082,34.0722
177.3695,173.6379,14.879,33.7651
176.0328,173.6478,15.3158,33.2952
174.6965,173.8667,15.9062,32.8084
173.7738,174.3223,16.2812,32.6541
171.6803,175.05,16.6654,32.4161
170.2373,175.3263,16.4098,32.3399
169.1647,174.8745,16.4365,32.1746
169.0118,172.7658,15.1542,33.4744
169.529,172.2925,14.3382,34.6326
169.6866,172.3612,13.7006,35.2204
169.1999,172.9787,13.4506,35.5823
168.87,172.7156,13.3773,35.4764
168.0776,173.3074,13.433,34.8605
166.9445,172.8742,13.743,34.575
165.9645,173.8241,13.9891,34.2679
165.1145,173.8852,14.4186,33.9166
164.6617,172.8749,14.4283,34.5464
164.4204,174.0209,14.6389,34.5821
163.6744,173.3667,15.1995,34.4571
162.9129,173.3642,15.9738,34.2097
162.7352,173.763,16.1267,34.1152
162.8743,173.1752,16.3178,34.1375
163.4858,172.59,16.0894,34.5936
163.9509,172.6545,15.6509,35.1194
164.6882,171.5886,15.1475,35.6855
165.2547,171.5259,14.6783,36.1077
165.8157,171.668,14.3252,36.3753
166.4595,171.9148,14.0848,36.7099
167.0132,171.4886,14.0732,36.6011
167.5331,171.9104,13.9809,36.5108
168.1536,172.1175,13.8331,36.6066
168.1314,172.6389,13.9099,36.284
168.363,172.4187,13.7108,36.2771
168.1462,172.07,13.5243,36.3685
168.2454,171.4525,13.3795,36.3866
168.1425,172.0743,13.421,36.7434
168.1515,171.2612,13.3123,36.7283
168.1137,171.3722,13.2732,36.782
168.0638,171.8788,13.2525,36.6368
167.9826,171.4364,13.3119,36.2605
167.741,171.9557,13.5252,36.3791
167.749,172.3962,13.6448,36.211
167.8939,171.6479,13.4222,36.559
168.0955,172.0737,13.4962,36.5929
168.2935,172.1734,13.4451,36.3949
168.3573,172.3906,13.3665,36.012
168.0719,172.5121,13.4103,35.9502
168.0458,172.9217,13.2327,35.8031
168.2266,172.4156,13.0836,35.6502
167.8896,172.9019,13.113,35.842
167.5148,172.7239,13.1927,35.8596
167.4783,172.9321,13.402,35.5639
166.9051,174.1942,13.6745,34.8657
166.7385,175.3361,14.0617,34.124
166.4699,174.9481,14.3598,33.7515
165.9751,174.9478,14.5774,33.2696
166.4127,175.302,14.6414,33.2996
167.2945,175.3948,14.9973,32.7925
168.4463,176.2505,15.2363,32.6424
169.3822,176.1223,15.1447,32.4335
170.6898,175.5721,15.0114,32.4133
171.6334,175.9576,15.2122,32.1248
172.6962,175.9507,15.7932,31.805
173.6918,175.9263,16.4015,31.6806
174.474,174.9733,16.3937,31.7815
177.8321,176.3373,16.3088,31.7354
179.1299,176.4632,16.08,31.5153
180.3944,175.5864,15.8311,31.8524
183.7063,176.6404,15.6574,31.8131
184.6726,176.18,15.2704,31.857
186.0815,175.6046,15.2164,31.7342
187.4727,176.2707,15.2412,31.6296
191.1156,175.0627,14.4664,32.5578
192.506,175.1109,14.0147,33.1714
196.0207,174.1766,13.9631,32.9717
196.7457,175.2358,14.1303,32.8729
197.0189,174.1046,14.6955,32.6828
200.1608,174.3109,15.1331,32.3687
203.7077,175.1728,15.407,31.9446
205.1019,175.808,15.3131,32.2943
206.41,175.4757,15.1224,32.6031
209.4862,174.5922,14.8126,33.5583
210.2614,173.6581,14.6085,33.6778
211.9973,173.256,14.3809,33.7477
213.3189,173.1731,14.1656,33.6158
217.1417,173.5948,13.6311,34.4521
220.8641,172.5466,13.2033,35.4882
224.6449,171.4595,12.8856,36.5903
228.1125,170.6286,12.711,37.2631
230.5538,169.1876,12.7991,37.7348
231.8526,169.6938,12.8336,37.5258
235.1773,170.649,13.2054,37.5997
236.3672,171.6502,13.2515,37.6041
239.7105,171.7829,13.3222,37.571
240.9995,171.8228,13.3424,37.6833
244.2655,171.9391,13.2381,37.2307
245.2812,172.0438,13.2416,36.4023
248.6557,171.8476,13.1521,35.7634
252.2392,172.0694,12.9872,36.0601
255.7005,172.16,12.9948,36.6284
258.6264,172.1763,13.4454,37.2509
261.1745,171.1805,13.9028,37.5559
261.6064,169.5409,14.3726,38.2804
264.6879,169.593,14.5007,38.9893
268.2218,168.6265,14.3557,39.0139
272.3625,168.4581,14.3463,38.5566
273.4424,168.2329,14.618,38.0917
276.8429,169.3954,15.3025,38.3443
280.1683,170.2659,15.9434,38.6194
281.6966,169.8792,16.2001,38.7734
286.2983,169.1052,15.9573,39.0099
289.973,169.6117,15.3208,39.306
293.6159,168.5431,14.7637,40.6336
298.2472,166.839,14.0545,42.3976
299.3611,166.6609,14.3768,43.179
303.5873,165.3751,14.2363,43.7319
309.9007,165.8225,13.944,44.9239
310.8991,166.0072,13.9779,44.8485
314.704,167.8441,13.7469,44.5481
321.0136,168.886,14.468,43.5867
325.0317,166.3404,14.9256,43.1062
324.8459,167.8121,15.7778,41.7236
328.1445,169.2733,16.4429,40.6465
331.7306,169.6757,16.937,40.3264
335.21,169.1102,17.1427,40.2006
336.1987,170.3238,16.9682,39.9505
340.0192,170.8981,16.3905,39.3757
341.2535,171.0446,16.027,39.2868
345.0379,170.6284,16.7184,38.8293
347.8341,172.2358,17.7756,38.1338
349.6439,171.8765,18.085,37.6499
352.262,172.1427,17.9013,37.7249
353.8273,172.5001,19.3241,36.5112
356.4898,172.2194,20.8126,35.5854
356.4447,171.0793,22.5742,34.5691
357.786,172.8314,22.9598,34.7924
359.2072,173.7084,22.8038,35.079
360.2603,173.8811,22.9062,35.3925
361.3247,174.5849,23.353,35.1321
362.6875,174.9657,23.8659,34.79
364.008,175.2796,23.7936,34.7841
364.3888,174.3428,23.2242,35.3259
362.6349,173.7501,23.1494,35.6036
363.1367,173.3298,22.7719,36.0766
363.6347,173.4859,23.1454,35.89
363.6421,172.9244,22.8614,36.3015
364.8284,173.3193,22.8239,36.0875
365.0367,172.9801,22.5669,35.8323
365.2091,172.1955,22.5021,35.4949
364.9852,172.2758,22.0728,35.5968
364.1594,171.2657,21.984,35.6627
364.8967,170.3147,20.2272,37.1446
