1
292.2815,157.8813,91.0006,201.6656
291.966,154.3887,91.6315,204.2098
289.4275,153.3264,92.2196,206.3343
287.7878,152.4799,90.9689,208.0274
288.134,151.6453,90.2764,209.6966
286.3166,150.8484,89.3666,211.2904
286.4005,151.489,89.1988,210.0092
286.6612,151.6929,88.6774,209.6015
286.0446,151.5942,89.9105,209.7989
284.6562,152.7644,92.6873,207.4584
285.253,152.3082,96.0485,208.3708
285.8777,153.6379,94.7991,205.7114
282.9981,158.8125,95.9921,199.9285
290.3129,160.1619,99.3732,197.2296
281.874,160.5667,98.164,196.4202
294.7125,161.5471,103.9101,194.4593
291.6112,161.2775,110.1127,194.9985
289.1799,158.2467,114.9754,196.3875
286.7763,154.542,119.7825,199.0212
282.6208,147.903,123.1978,202.5077
280.9801,144.1321,126.4791,205.0444
279.6338,143.0908,129.1717,207.1269
278.9213,142.3068,130.5968,208.6949
278.0182,142.2146,132.403,208.8794
276.6392,142.419,135.161,208.4706
276.9092,139.6877,134.621,208.6386
276.8239,140.2518,134.7915,207.5104
276.3891,140.9843,135.6611,206.0454
276.9316,135.6477,134.5761,206.1859
277.9948,135.2019,132.4497,207.0775
281.4248,132.4095,130.8181,207.4339
282.065,133.8326,129.5376,204.5876
283.4302,135.4228,126.8074,201.4072
283.9307,139.7379,125.8063,197.8262
287.4777,128.8141,123.6912,199.7585
287.9556,129.5725,122.7355,198.2416
288.3962,130.3573,121.8543,196.6721
289.4778,131.1013,119.691,195.1841
290.6163,131.824,117.4141,193.7387
293.2492,134.1615,116.9255,193.8409
293.3391,132.6425,116.7456,192.1082
295.6384,133.1241,116.8886,191.1452
298.2433,133.7694,116.4085,189.8546
298.5743,132.061,115.7465,188.5689
299.9378,132.4554,113.0195,187.7801
301.776,132.9607,109.343,186.7696
302.96,133.5638,106.9751,185.5635
303.287,134.4754,106.3211,183.7401
305.3979,135.2386,106.5407,182.2137
305.5011,133.0993,106.3343,182.07
305.8802,130.906,105.576,182.0398
305.4245,131.0911,106.4874,181.6697
304.9272,131.167,107.4822,181.5179
304.786,131.5027,107.7646,180.8464
307.5708,129.2329,106.6175,180.9634
310.2426,129.9392,105.6791,179.5507
310.8016,133.8985,104.5612,176.0004
311.4929,139.5397,103.1786,173.3111
316.2932,140.1767,102.0443,172.0371
318.8337,138.875,101.1584,170.4453
321.6885,138.91,99.6053,170.3753
323.3962,139.3358,100.3194,169.5238
327.5838,139.2316,100.2014,169.7322
329.8577,139.6067,99.7834,168.982
332.1774,140.5006,99.2555,167.1941
334.5647,141.1349,98.557,165.9255
337.1648,144.2975,97.4022,163.6458
338.1386,144.8909,95.4546,162.459
341.2075,145.263,93.2583,161.7148
344.0309,143.761,91.5047,160.8254
344.7853,144.0245,89.996,160.2984
346.9259,144.1446,89.5319,160.0583
348.6404,142.2961,89.9083,159.9496
348.7157,141.7103,89.7577,161.1213
350.7101,141.7301,89.5942,161.0815
351.4861,139.9384,88.0422,160.8433
351.373,140.4751,88.2684,159.7698
354.2288,138.3722,86.3366,160.1959
356.3383,138.3636,85.8708,160.213
356.5953,138.0718,85.3567,160.7966
357.2039,138.103,84.1396,160.7343
359.387,136.1819,83.4969,160.8529
362.4104,143.1833,84.8785,157.9928
363.9616,137.6549,85.472,157.9622
365.1812,137.782,86.7382,157.7081
370.5624,137.6958,87.1457,157.8804
372.3303,135.583,87.3427,158.3734
372.1062,138.1238,87.7909,157.0352
373.3422,137.8248,89.0502,157.633
373.5616,135.3278,88.6113,158.8656
373.7603,135.0775,88.214,159.3663
373.9896,135.1099,87.7552,159.3014
376.0378,135.0777,87.4231,159.3659
378.3866,134.8063,86.4851,159.9087
380.6644,134.8339,85.6808,159.8534
384.3293,135.1435,85.8249,159.2342
383.926,135.3577,86.6314,158.8059
384.7105,135.3839,88.8003,158.7534
387.5181,134.8999,90.7328,159.7215
387.6997,136.1767,94.1904,160.9887
388.8518,135.0482,95.7845,163.2457
388.5385,134.3328,96.4111,164.6766
388.5415,131.446,96.4052,166.4597
388.7373,130.74,96.0136,167.8716
388.9976,130.1462,95.493,169.0593
387.8725,129.7246,93.7031,169.9025
388.0269,129.1519,93.3942,171.0478
389.1272,128.3394,91.1937,172.6728
377.2581,127.964,86.7902,173.4237
381.0678,125.3027,87.082,174.7907
383.7835,122.4678,85.6312,176.4799
384.2889,121.7081,84.6203,177.9993
383.9394,120.8274,85.3193,179.7608
383.1627,120.3522,86.8726,180.7112
382.9478,119.8888,87.3025,181.6378
382.6291,119.0163,87.94,183.3829
382.5634,120.217,88.0713,185.1026
381.2417,119.8141,90.7148,185.9085
380.4334,119.3824,92.3314,186.7718
378.0806,118.551,92.7902,188.4346
377.623,118.1593,93.7053,189.2181
374.941,117.4326,94.7628,190.6715
372.8662,116.5408,94.5665,192.455
370.8431,115.7152,94.244,194.1063
370.4727,114.955,94.9846,195.6267
368.2153,114.3905,95.077,196.7557
364.114,111.3853,94.3988,198.3256
364.0617,110.6307,94.5034,199.8348
363.1153,112.3664,96.3962,200.8388
362.0767,114.3406,93.9503,201.4135
361.1452,111.7966,95.8134,202.0126
360.4129,111.1299,97.2778,203.3461
359.6454,110.7301,98.813,204.1456
356.4652,112.5571,100.5601,205.1049
353.9463,114.8111,100.9402,205.2546
354.6637,113.963,99.5054,206.9507
353.8767,117.3109,101.0794,204.9213
353.2244,114.6772,102.384,205.5247
350.8709,114.1213,102.3958,206.6365
350.2384,113.5755,103.6608,207.7282
349.8444,113.2444,104.4487,208.3904
349.6423,112.9001,104.853,209.0789
351.2425,112.6963,106.4426,209.4866
350.3439,112.1702,108.2396,210.5387
349.4015,111.8804,110.1245,211.1184
350.6264,114.4443,112.5856,210.9013
350.3929,114.1844,113.0526,211.421
349.9516,116.976,113.9351,210.8033
347.194,116.7678,114.4789,211.2196
347.1387,116.5273,114.5896,211.7007
347.1669,116.4533,114.5331,211.8488
346.8363,116.6243,115.1945,211.5066
349.6981,118.2631,114.4741,213.2323
347.9021,115.7762,113.0496,213.1898
343.8527,127.3949,116.157,209.9181
344.3358,126.4092,115.1908,206.8932
341.3828,125.4511,116.1618,203.8744
339.3771,126.992,115.2663,200.7925
337.6436,128.4911,113.8874,197.7944
335.7578,127.399,112.8809,195.2005
335.5799,129.1107,113.2368,191.7772
334.896,131.1886,114.6046,187.6213
330.284,132.8906,114.5513,184.2173
328.4684,134.2057,113.5954,181.5871
329.0339,135.979,112.4643,178.0405
327.3783,137.617,111.3159,174.7645
325.909,138.6631,109.8633,172.6724
326.4906,139.9152,108.7001,170.1681
326.922,138.8132,107.8372,168.0933
325.2432,139.7966,106.9616,166.1265
326.2857,140.3824,104.8766,164.9551
327.2612,140.4526,102.9257,164.8145
329.9646,140.0911,101.621,165.5376
330.471,139.954,100.608,165.8119
331.5584,139.4239,98.4333,166.872
332.2292,139.0231,97.0916,167.6735
331.5792,141.1628,98.3916,167.4409
330.9323,148.9649,99.6855,164.032
331.5969,149.4196,102.3923,163.1227
325.3118,144.6042,98.6909,164.6176
333.1181,143.3795,99.1911,167.0671
334.4131,140.1754,96.601,169.4023
332.5726,139.4947,92.154,170.7637
338.5203,146.6292,96.2926,168.5202
336.5576,143.561,96.1723,170.6108
327.082,140.4056,90.6757,172.847
339.2729,139.7815,90.3772,174.0952
330.6476,138.7551,87.4921,176.148
334.2119,138.6431,88.3786,176.3719
332.6858,138.1061,87.4046,177.4461
332.5118,135.2245,87.7527,179.184
325.5553,134.7938,85.4395,180.0455
332.4637,134.6403,87.7386,180.3525
322.7553,133.761,86.7886,182.111
316.1612,135.714,83.6464,182.2877
321.4285,132.8877,81.1726,183.91
322.5589,133.2552,82.9223,183.1749
320.1387,135.9404,83.7322,181.8351
319.2613,135.2506,81.4616,183.2147
321.1129,134.9834,81.7641,183.749
320.1961,135.7536,83.5977,182.2087
320.1542,136.3643,83.6814,180.9872
318.2562,138.9103,83.4653,179.9074
323.2461,138.7094,85.4632,180.3093
321.0726,137.0618,85.777,179.5711
323.2036,137.5682,89.5708,178.5584
322.0012,138.1976,91.9756,177.2995
326.1933,139.0163,95.8966,175.6621
325.8556,138.3923,96.5719,176.9101
326.3992,140.9764,99.6595,175.9166
323.1199,141.598,102.0055,174.6734
323.4253,142.4736,101.3949,172.9222
323.2714,142.6152,101.7027,172.639
325.3479,142.0772,101.7479,173.715
325.98,141.5804,100.4837,174.7086
324.8199,141.2878,102.804,175.2938
323.4483,140.4951,105.5472,176.8791
322.1583,140.2925,108.1272,177.2843
321.1299,139.7208,110.184,178.4279
330.6639,139.2405,108.8251,179.3884
332.1831,133.0519,105.7866,182.9281
332.2932,132.3948,105.5663,184.2422
332.0368,132.1599,106.0792,184.712
335.2373,132.4923,104.1298,184.0472
336.1926,135.7807,102.2193,181.8791
340.3577,132.8967,98.2332,183.3029
344.3036,140.2198,94.6389,181.5488
348.5378,142.9339,90.3804,180.3306
359.7771,128.6901,84.3768,188.2244
362.069,125.2696,79.7932,195.0653
363.5273,125.3827,76.8765,198.9868
364.94,124.0795,74.0511,201.5933
365.8306,121.0765,72.2699,203.4605
366.4803,117.9078,70.9705,205.6647
368.6162,115.3865,70.8398,206.5664
371.0382,114.8312,70.1474,207.6769
373.3074,114.3901,69.7637,208.5592
373.5074,113.828,69.3636,209.6832
373.5029,113.6272,69.3726,210.0849
375.7663,115.1448,69.0207,211.2246
376.1583,114.4806,68.2366,212.5531
376.3583,111.9546,67.8367,213.4159
376.7139,113.7128,67.1256,214.0934
376.976,113.7939,66.6013,213.9313
374.9699,113.9375,66.435,213.6442
374.7456,116.667,66.8836,212.3566
374.6851,117.3678,67.0045,210.9549
374.7931,117.7542,66.7886,210.1821
374.7666,119.9015,66.8415,210.0164
374.8571,120.6021,66.6605,208.6152
375.1854,121.1719,66.0039,207.4755
375.538,121.3442,65.2986,207.1309
373.3055,119.9375,65.7057,205.8863
372.9508,120.4126,66.415,204.936
373.113,120.4693,66.0907,204.8227
373.2858,120.1891,65.745,205.383
373.2735,119.9897,65.7695,205.7819
372.8533,117.5288,66.61,206.6561
374.1488,114.8821,68.0945,207.8741
373.6317,114.1881,69.1286,209.2621
375.0995,113.4687,70.3518,210.7009
374.3255,112.9258,71.8997,211.7866
382.919,110.1908,75.9392,213.0114
390.0272,114.0332,83.4036,209.6628
380.3558,110.6207,85.0573,212.0655
385.2657,109.6379,88.6967,214.031
384.1006,105.8485,91.0269,217.0304
383.891,104.9025,91.4461,218.9224
385.2609,103.9826,93.405,220.7621
384.6565,106.4784,94.6138,220.5308
385.7479,109.0726,97.2093,220.1203
383.7432,115.8194,101.2187,216.2627
387.7286,117.0353,107.7439,213.8307
386.3894,117.6591,110.4223,212.5832
386.0967,120.7833,111.0076,211.2723
387.3278,115.3596,113.4736,212.2633
386.185,114.7186,115.7591,213.5452
384.9024,113.9954,118.3244,214.9918
378.6375,113.6256,120.6381,215.7314
375.94,113.3393,120.8747,216.3038
374.8427,113.2147,123.0692,216.5531
370.4402,109.2571,121.4503,219.2564
370.1286,109.2249,122.0735,219.3208
362.8597,106.1247,120.9035,220.2852
363.1459,106.0822,120.331,220.3703
360.9827,108.5695,119.4356,220.6174
360.3803,108.6652,120.6405,220.426
355.8407,107.9868,119.264,221.7828
353.9075,110.2112,117.9058,222.5583
343.1628,109.7472,113.3323,223.4864
344.0228,112.9471,111.6124,222.2342
345.3262,113.3038,109.0054,221.521
331.9941,113.1167,105.4052,221.8951
333.2467,113.8707,102.8999,220.387
320.7307,113.1068,98.4033,221.9148
324.1517,112.7131,96.4263,222.7022
324.7117,111.9486,95.3063,224.2312
322.9674,111.9992,93.951,224.13
323.8262,111.9714,92.2333,224.1856
322.3929,107.9708,90.3111,227.3981
320.7455,106.806,88.8051,229.7276
321.6902,106.0423,86.9156,231.255
320.2426,105.3919,85.0152,232.5558
320.5655,105.1304,84.3695,233.0788
318.9547,105.4654,82.8154,232.4089
317.3971,108.6563,81.1926,230.7651
317.903,108.6589,80.1808,230.76
320.6211,108.1129,79.4113,231.8518
322.7977,110.0364,79.7263,232.6731
320.2596,109.4581,80.1168,233.8297
319.5578,114.4467,81.5203,233.2709
319.0466,114.0687,82.5429,234.027
320.9041,110.5307,83.584,236.3468
319.906,109.2404,85.5801,238.9274
319.3359,104.9849,86.7205,242.5572
318.0488,103.7519,89.2945,245.0232
315.2218,99.2715,89.9129,248.9483
314.443,94.508,91.4705,253.3724
313.8611,92.0196,92.6343,258.3491
313.0718,87.7363,94.213,261.629
309.1744,86.8662,96.6456,263.3692
308.4851,83.0296,98.0241,265.6115
307.2419,82.1708,100.5106,267.3289
303.5234,76.5325,102.3901,267.4907
302.7482,76.4981,103.9406,267.5597
302.0357,76.7639,105.3655,267.0279
300.7831,77.5854,107.8708,265.385
296.8968,81.4783,109.9823,263.2603
290.857,91.127,116.3939,260.9666
288.2066,84.5817,121.6947,262.5616
287.3063,84.0199,123.4954,263.6852
283.8495,86.2797,124.4973,265.0772
282.0603,85.1692,128.0758,267.2983
281.2029,84.4445,129.7904,268.7478
282.2767,79.7164,127.643,272.1089
277.5061,77.9678,124.9706,275.6061
276.0717,73.2228,121.7286,278.9852
275.2308,68.0577,117.3072,283.2122
273.6977,67.3787,114.2876,284.5704
275.1282,65.6754,111.4265,287.977
276.7274,62.9447,108.2281,293.4383
277.3241,61.4501,107.0346,296.4276
278.0204,56.9549,105.6421,299.3261
278.2074,56.896,105.2681,299.4438
278.6631,61.2775,104.3567,296.7838
279.4913,61.9436,102.7003,295.4516
276.9531,63.2561,101.7774,292.8266
278.6732,65.7894,98.3372,287.76
281.939,66.6609,97.6158,286.0171
285.2859,70.4525,96.6943,284.206
288.8742,72.7911,95.2472,285.2584
288.9761,75.5518,95.0433,285.455
291.8522,75.8192,95.0084,284.9203
294.2009,75.7692,96.0199,285.0203
294.0853,74.6429,96.2512,287.2729
293.6644,70.6888,97.0929,289.4159
293.6568,69.0618,97.1082,292.6699
294.2255,64.4396,95.9708,296.0567
294.7501,63.1153,94.9216,298.7053
294.8055,59.2805,94.8108,300.4716
294.8184,59.411,94.785,300.2105
292.4274,59.1492,93.6447,300.7341
292.818,58.9267,92.8636,301.1792
292.7552,58.6829,92.9892,301.6666
292.0456,58.3443,94.4084,302.3439
