1
184.5175,25.6292,50.2181,42.0969
184.227,27.6769,50.2364,41.8597
183.5095,29.0698,50.9842,41.2313
182.9999,31.5755,50.9844,40.8001
182.4083,32.6541,51.3624,40.2584
181.2034,33.7055,51.3453,39.8293
180.4261,36.2127,51.5241,39.7638
178.9374,38.3709,51.7897,39.7865
178.3173,39.8806,52.3349,39.8427
177.5294,41.6663,53.2645,39.7855
176.2389,43.1942,53.9373,40.5609
177.1531,44.9583,53.9897,40.9235
176.0584,45.7818,54.3567,41.0924
175.6669,46.5742,54.423,41.019
175.8836,46.9592,54.5773,40.8213
175.2598,48.8903,54.6072,41.1713
176.3115,50.3696,54.9776,41.4061
176.505,52.2689,55.1018,41.4551
175.8193,52.11,54.9477,41.6904
174.9613,52.8854,54.9256,41.389
175.252,54.1254,54.7093,41.4875
175.1057,55.5912,54.8406,40.996
176.0755,57.5889,55.1737,40.9735
175.9664,59.3634,55.5601,40.9437
175.3043,59.5261,55.7345,40.9856
175.054,59.8098,55.3441,41.0242
175.5963,61.0954,56.0743,41.3137
175.4135,62.489,56.777,41.2951
175.0252,64.8515,57.4186,41.5853
174.3866,64.6942,58.3477,41.4176
175.2503,64.4714,59.2335,41.6652
173.5165,64.6142,58.7461,41.801
173.2774,63.8259,58.8131,41.9071
172.1892,63.6091,58.7985,42.2559
171.156,63.9293,58.2474,41.6261
172.8659,63.293,58.2568,41.269
173.798,64.3671,58.0332,41.342
173.7928,63.9813,57.366,41.1147
174.4998,63.2094,57.8354,40.863
174.9627,63.7351,57.5129,40.6551
175.1227,64.0306,57.1159,40.8726
175.0969,63.9582,56.6343,41.1194
177.0763,63.9229,56.4012,41.2754
178.1029,63.7658,56.101,41.2127
178.1142,63.6796,56.1861,41.0723
179.2411,63.7653,56.0441,40.9895
180.8103,63.9392,55.6066,41.5723
182.6906,64.0463,55.4113,42.0026
184.7788,63.2632,55.5669,42.2254
184.3463,62.9911,55.3074,42.6159
185.3013,62.349,54.7632,42.7475
185.5806,61.8591,54.7868,42.9415
186.0519,62.1932,53.9448,42.7193
187.34,61.5834,53.3114,42.4599
188.1115,59.8826,51.6649,42.2406
191.8078,59.6965,50.3069,41.9982
193.5766,58.6008,49.2982,41.5494
195.0506,58.7676,48.6813,41.0981
197.0845,58.3162,48.4538,40.3528
198.5079,57.4641,47.9549,39.8907
199.6748,56.8799,47.4401,39.8183
201.3011,55.9306,46.7973,39.6795
201.4711,55.458,46.1248,39.5874
202.2528,55.0032,45.364,39.7139
202.7209,54.9891,44.5619,39.717
201.8803,54.8603,43.502,39.6601
202.338,54.6242,42.5927,39.5228
203.2036,54.4998,41.9771,39.3301
203.6136,54.4803,41.3204,39.2417
205.1248,54.7609,41.0272,38.9235
204.3764,54.8372,38.1653,41.6079
206.4522,53.8973,35.8802,43.2291
207.5508,53.2017,34.4079,44.3651
209.5666,52.5996,33.4857,45.2232
209.7457,52.2217,33.2726,45.5835
210.1866,53.0286,33.2384,45.9843
211.4205,53.2809,33.1576,46.4412
211.7082,53.7447,33.0812,46.6493
212.7693,53.365,33.2322,46.7106
213.8475,53.2322,33.2278,46.6701
215.3025,52.9044,33.0379,46.8573
216.6907,52.3386,32.9005,47.0791
216.8059,52.8108,33.1082,46.6899
217.6169,52.2108,32.9928,46.7264
219.5588,52.4546,32.7282,46.6302
221.5234,51.1797,32.351,46.9168
223.6244,51.3879,32.3409,46.8025
225.2429,50.8765,31.9788,46.906
224.9642,50.4904,31.8008,46.5469
225.3875,50.3684,31.4265,46.5386
227.0179,50.3391,31.554,46.5088
225.6926,50.8873,31.8803,46.6158
225.8355,50.7165,32.1212,46.4792
226.0764,49.265,32.4085,46.5092
226.0316,48.1736,32.6865,46.7213
226.1047,47.3206,33.1414,46.8723
225.3239,46.0956,33.8091,47.0325
224.0822,44.2834,34.386,47.5734
223.0001,43.1544,34.8396,48.1026
222.551,41.5305,35.3778,48.4632
220.8876,40.5254,35.6639,48.7422
220.4546,39.0604,35.7107,49.1113
220.0969,37.6842,35.8406,48.6321
219.3318,35.9741,35.9491,47.8957
218.0728,34.1014,35.6443,47.5161
217.5295,32.2482,35.509,47.0979
216.5862,30.6956,35.3734,47.6754
215.3227,29.4396,35.1976,48.2541
215.6874,29.26,35.2955,48.1049
215.7811,28.0428,35.5562,48.1629
215.3028,26.4844,35.7828,48.8099
215.1522,24.2724,35.7732,49.3607
215.1898,22.6087,35.4405,50.0302
215.0982,22.1742,35.3268,50.1015
215.0113,20.9948,35.4665,50.2535
215.0074,19.2696,35.4336,50.571
215.2305,18.5013,35.2877,50.2393
215.1258,14.9607,34.211,50.9255
214.2379,14.2408,32.4792,51.92
213.6023,12.9909,30.8822,52.2655
213.1047,10.0677,29.5451,52.0722
213.0009,9.8551,28.1313,52.0561
212.7732,6.9052,26.9292,51.9117
216.441,9.695,26.2841,51.0449
215.8024,7.2848,25.0754,50.7265
216.3492,8.4979,24.3725,49.6444
220.6144,7.5427,23.2827,49.6014
224.0012,9.1314,23.0415,48.7945
224.1039,7.4872,22.4774,48.1687
224.6556,8.8494,20.8886,48.6426
225.4303,9.7134,20.2418,48.2872
229.3302,10.4967,19.4723,47.9886
229.9817,10.1773,18.815,47.8881
231.5795,8.4957,17.9893,48.5355
232.8106,11.9668,17.1326,48.9143
234.3363,15.2131,16.5221,49.5244
237.1732,15.5295,16.3762,50.3625
237.0416,17.2826,15.9534,51.653
237.9958,20.3641,15.5881,52.3131
241.2096,24.8487,15.1828,52.9519
241.4509,26.4195,15.0669,52.6737
244.4471,27.1189,15.1671,52.5507
244.1013,24.6011,15.009,52.9191
247.1763,37.0674,15.1451,53.7559
245.8349,47.3526,16.0686,52.4919
245.8478,50.8737,16.2456,52.6084
246.1292,50.345,16.2419,52.6177
246.363,65.0838,17.1373,52.2624
247.0772,72.3415,17.1055,52.9391
244.0762,79.0199,16.9425,53.4033
244.5506,78.4676,16.7747,53.615
245.116,80.2858,16.9119,53.0403
244.7355,80.6953,17.9302,50.8379
244.2739,82.0035,18.2844,49.5375
244.0222,84.6635,17.9959,50.0472
243.8841,88.9172,17.8378,50.3414
247.0832,97.3203,17.7931,50.6191
247.4242,100.1775,17.579,51.4188
248.0286,101.1434,17.5628,51.744
248.0958,102.974,17.3042,52.6786
248.1594,106.2306,17.2247,53.1627
247.5599,110.8593,17.0545,53.5593
247.1768,115.0323,16.9392,53.644
246.1719,116.2553,16.7807,54.8921
245.724,121.1287,16.6912,56.1317
245.0853,123.7734,16.9773,57.0053
243.7369,131.6581,17.2951,56.8496
239.7855,134.2354,17.4749,56.5644
238.9939,135.9371,17.5694,56.8497
237.777,137.6795,17.5013,57.9558
235.9061,140.6857,17.7811,57.8609
233.6744,141.8904,18.0872,58.1662
232.1685,144.3141,18.4756,57.9151
229.7232,145.8435,19.2546,57.5261
227.3144,146.1669,20.1518,57.0388
224.9508,147.268,21.6041,56.3341
222.3848,148.9877,22.9795,55.6907
221.7668,150.0754,24.0194,55.648
220.0168,152.7024,25.095,55.2204
220.3195,154.9162,25.7999,55.154
218.6845,156.4115,26.1763,55.3284
218.0271,158.3833,26.3861,55.7639
216.7142,161.1576,26.7226,55.719
215.4658,164.0983,27.2541,55.3814
214.7413,166.9632,27.9355,55.5859
212.666,169.6635,28.6518,55.9579
211.2716,171.5932,29.4162,56.4629
208.9229,174.7063,32.4738,55.6063
206.6053,177.9899,35.4955,54.968
204.4538,179.7169,38.2744,54.6718
203.4597,182.2533,40.7015,54.4532
201.5006,183.0445,42.9237,54.8072
200.9219,183.9383,44.6127,55.2221
198.1237,184.2836,46.2209,55.8387
197.1613,183.7772,47.3801,56.8785
195.1909,184.3207,48.3734,57.3333
193.4843,184.8969,49.1352,57.9999
191.3047,184.2312,50.2905,58.7954
189.2395,185.0056,51.2454,59.9591
185.9345,184.7305,52.6724,60.8598
183.2261,184.6496,53.9464,61.7343
180.0491,184.8535,54.9072,62.826
177.7835,185.699,55.6741,64.9457
174.2634,187.0676,56.8337,66.2192
170.5188,188.7798,58.0876,67.5415
167.3998,189.6597,59.0085,68.687
164.4425,191.059,59.6851,69.5739
161.8103,191.7088,60.4656,69.9323
159.1845,192.9434,60.5901,70.889
157.4322,194.6765,60.4265,71.4811
155.202,196.743,60.6497,72.026
153.0168,198.006,60.7335,72.0325
153.0005,199.4565,60.4079,71.4539
150.2668,200.531,60.6047,70.9912
148.1493,202.575,60.9739,71.1653
145.2532,203.5455,61.4425,71.6627
143.9547,205.3013,61.2776,71.8955
141.878,206.515,61.5455,72.0674
139.9027,207.118,62.2498,72.1948
137.805,207.4905,63.0019,72.6793
135.1561,208.6613,63.5686,73.374
133.8979,207.8935,63.9083,73.8
134.2955,208.5589,63.6402,74.7182
132.2064,209.2871,63.9488,75.3613
132.223,209.2159,64.002,76.1572
132.0061,209.3885,64.2596,77.4772
131.9881,210.1701,65.0144,78.5955
131.3905,210.8962,65.746,79.1585
129.2688,212.6831,66.3458,79.2481
125.8858,215.0145,66.8536,79.3635
122.5184,217.9797,67.517,79.5342
118.716,220.3011,68.2424,79.6931
116.0999,222.1422,68.3156,78.8318
113.2042,222.509,68.7046,78.3222
110.9171,222.7663,68.6994,77.4439
108.4928,222.836,68.6781,77.2326
107.2293,220.7602,68.2294,77.4385
108.1196,219.6101,67.5576,77.4345
102.9299,220.7567,70.1151,73.3488
102.9114,220.4277,71.7119,71.0943
101.2949,221.5711,72.8573,69.8772
98.6828,222.4983,74.0492,69.0583
96.5713,222.3012,74.2916,68.5657
97.7672,220.404,73.517,67.6876
97.4243,219.459,72.727,66.957
97.1888,218.4224,71.4776,66.718
96.9022,216.5088,69.963,66.7182
94.8924,217.0998,69.4491,66.3701
93.1005,217.2062,68.1087,65.8459
91.1649,217.1058,66.9108,65.3541
91.047,215.1229,67.6639,64.7258
86.9654,214.6577,67.0003,65.0222
84.0612,215.1106,66.6889,64.8561
80.2296,215.558,66.1614,64.4016
78.0781,216.4419,65.6553,63.5766
76.5968,217.6847,64.128,62.1878
74.2107,218.1242,62.7689,61.8561
72.152,220.2291,61.1059,60.5329
70.3017,221.3206,59.549,59.7672
70.2599,221.4347,58.226,59.2367
74.5808,219.1307,56.6569,59.9228
79.3968,219.4183,55.5782,59.7421
77.1496,221.5689,54.0854,61.0512
81.9312,222.6705,52.6945,62.2584
86.8045,222.6661,52.114,61.1106
91.7774,221.3714,50.9409,60.7203
97.1408,224.7345,50.363,60.345
96.6524,221.3859,49.7403,60.3208
102.9196,222.0803,48.665,60.9777
102.532,219.5916,48.1183,60.6554
90.6613,228.5785,51.7298,58.2073
87.196,233.8282,51.2516,56.11
2
0
0
0
0
1
145.0923,228.6818,68.4056,46.9768
143.6376,226.896,67.5185,47.883
143.5474,225.8397,67.1022,48.24
144.2108,225.1051,67.6307,48.0101
142.8343,223.0779,67.0782,48.0642
143.0252,222.0857,67.1212,47.6315
141.2054,220.6892,67.2136,46.9277
139.8477,218.75,67.1225,46.7928
138.5678,217.9649,68.1239,46.7287
136.6874,218.1923,69.0319,46.5393
133.5456,217.7652,70.3922,46.2821
129.3899,217.9429,71.5946,46.3503
125.6799,218.0333,70.982,47.1194
123.2109,218.1727,70.3491,47.7797
122.0398,217.9229,69.9711,48.1397
120.65,218.2847,69.2634,48.5264
119.6484,218.5348,68.2243,48.9963
119.8849,218.8168,67.7848,49.1948
119.6915,210.8623,64.3661,53.3601
120.6931,210.3268,62.1588,55.3027
120.1566,209.812,61.557,56.6432
2
0
0
0
0
1
193.0582,207.6532,57.8352,57.706
196.5219,207.8279,59.1732,57.4545
198.4642,207.4971,60.5256,57.5346
199.982,206.2854,60.5861,57.6166
201.9056,203.7801,60.6908,57.7712
207.2656,199.5478,59.3645,58.3874
208.7911,198.4462,58.5026,58.0105
211.0488,196.2137,57.4363,58.6938
214.6966,195.6993,56.128,58.9864
217.885,192.4419,55.0672,59.7467
220.9642,190.8564,54.5176,59.8953
223.253,188.9625,53.9504,59.9799
227.2123,189.0082,52.9577,59.9075
232.2506,189.8855,52.3061,59.5221
235.8651,188.651,52.3851,58.8377
241.9065,187.505,51.9526,58.5693
245.9447,188.8073,52.2202,56.9365
249.1042,186.4237,52.6426,56.8825
251.2574,185.9427,53.1856,56.0493
253.1288,185.0732,54.3207,55.8497
255.5661,183.9688,55.2572,56.0814
256.8221,183.9954,56.7287,55.7341
258.5748,183.3048,58.5172,56.0745
259.0258,181.0533,60.5062,56.471
262.1027,179.7879,62.1473,55.6062
266.552,176.4145,64.2735,56.3829
270.5678,173.3747,65.6931,57.1026
274.388,172.2472,68.1916,57.2691
279.5606,168.2779,71.2822,58.6484
283.1804,163.1318,74.3892,59.853
288.5908,160.4571,75.856,60.405
296.1985,155.2603,76.5644,61.0582
302.3989,152.4514,77.8606,61.5896
307.2185,148.1535,77.5345,62.0995
313.3237,145.053,77.2703,62.7582
320.7313,142.0187,76.9967,63.2004
327.8744,139.9967,76.3573,63.4844
335.4397,137.9479,75.2343,63.4831
341.4346,136.2312,74.2443,63.5795
345.6866,135.7374,74.0497,63.3509
348.6297,133.2355,74.4563,63.5125
355.1949,131.9696,73.3622,63.7295
357.6394,131.0789,72.8228,63.3709
360.8286,131.0497,72.5205,63.5227
363.6729,131.2038,72.9804,63.5222
366.2892,130.6691,73.0276,63.7124
369.1532,130.323,72.4585,63.7166
369.1729,129.2045,72.4975,64.2941
369.9877,127.1489,72.4128,65.2513
369.6212,125.6985,72.6283,66.1647
368.4751,125.1528,74.0716,66.9842
368.5875,124.9845,74.935,67.71
369.3967,122.727,74.4294,68.572
370.2072,121.8509,73.8512,69.5707
368.981,122.1659,73.7006,69.4636
366.5785,122.2478,74.3413,69.2783
367.6446,121.7561,73.4553,69.8289
367.4824,119.3424,73.0924,69.6477
366.7511,118.4938,73.42,68.6586
367.9005,117.1891,72.83,67.5585
