1
194.7718,30.614,78.9978,81.8928
194.5324,31.9365,80.5624,80.5108
193.6895,31.7109,80.9892,79.5183
192.5976,32.4795,81.3835,79.1075
191.1966,33.3438,81.7516,79.0226
191.4986,33.8561,82.9278,78.2332
189.7895,34.0966,82.8774,78.4052
189.1176,35.1999,83.3479,78.5217
187.7579,36.9042,83.1251,78.7924
187.7612,37.9411,84.3176,78.9038
185.5442,39.2457,84.417,78.6989
185.2892,41.2216,84.3716,78.4492
183.379,41.4312,84.7594,78.8136
182.2936,42.8737,84.7589,79.4102
181.0129,44.2435,85.1902,79.6048
181.7436,44.8825,85.0235,80.0092
181.0724,45.5688,84.054,80.3552
180.5735,47.4636,83.4766,80.4659
179.4691,48.6026,82.8794,79.2946
180.5857,51.6643,81.2399,79.7702
180.6593,54.4562,79.7624,79.9554
180.1642,55.4503,78.6267,79.3185
179.3888,56.6485,78.6164,78.3127
179.7569,58.1955,77.6881,78.1207
180.86,59.5537,76.8778,77.7849
180.8134,59.474,76.1063,77.7002
181.8644,59.62,75.5527,77.1431
183.7744,59.5858,75.101,76.966
186.3838,60.0686,73.9993,76.8401
187.3648,60.8424,73.285,77.6251
189.3924,59.3126,72.4908,77.1933
190.2456,59.9364,71.877,76.7403
190.4396,59.6267,71.4156,75.3463
194.2869,60.2573,69.2824,75.9857
198.5962,60.2398,66.946,77.8135
202.4284,60.0352,64.8937,79.5309
203.9626,58.5595,63.9006,81.5664
205.8941,58.1745,62.9833,82.4945
209.0089,57.7392,62.1339,83.0214
210.0552,57.0053,61.2262,83.7928
210.8257,56.337,61.4185,83.0477
214.3327,56.7365,60.9588,83.4569
214.6858,56.3902,61.0446,83.3949
216.4848,55.3233,60.6417,83.8016
217.0221,54.9702,60.3408,83.6538
218.3344,55.2457,59.5723,84.4569
219.8359,54.408,58.9181,84.8657
220.5206,53.3212,58.0078,85.5385
220.4037,52.5811,57.4056,86.1869
220.812,51.3961,55.0739,88.7203
219.031,49.0745,54.0928,91.0425
216.6949,47.4062,53.456,92.5276
215.8553,45.45,52.5001,94.2186
213.3767,44.0128,52.2461,94.3854
210.722,44.8305,52.3003,94.0246
206.9931,44.8691,52.4762,93.6326
206.4768,45.3623,52.9114,94.3694
204.8311,47.1719,53.7365,94.724
203.3264,48.7136,54.2234,94.6144
201.4503,49.4031,55.0807,94.2436
199.3984,50.5309,55.8884,93.7402
198.6349,50.149,56.105,93.5758
195.7009,52.3737,57.3652,93.0539
193.5233,52.8165,57.5172,92.5466
191.687,53.0427,57.5459,93.4746
186.9735,53.3445,58.5138,93.1253
185.0228,53.8425,58.9578,93.5304
180.64,55.5187,59.9985,93.0358
175.6704,56.5411,60.8937,91.9191
172.9294,58.3006,61.2986,92.7222
165.7706,58.297,63.964,91.4744
159.6454,60.6336,66.8858,91.3074
153.8987,62.7022,68.9641,91.7756
148.4074,62.966,70.9653,91.529
147.2588,63.5447,71.4598,93.7799
145.0489,64.0967,72.2631,95.055
143.4825,65.2675,73.0593,94.8897
138.9148,66.6378,75.7478,93.6334
134.6882,69.0489,77.9027,92.3443
130.3068,70.2974,79.6592,92.2442
126.8466,71.5985,81.4422,92.0595
122.5286,72.7393,83.2764,91.57
119.3845,75.5844,85.2915,90.8858
116.3038,77.8181,87.2661,90.6247
111.5667,79.5168,88.9301,91.2509
107.3156,81.0502,90.1346,92.3286
103.6118,79.3913,91.1199,93.9439
102.0275,81.123,90.5084,94.2629
98.9379,81.0392,90.3643,94.9134
98.188,83.4356,90.0703,94.8706
94.0481,81.8391,90.8756,96.2414
92.2919,79.7657,91.2929,97.9095
87.7902,77.467,91.4943,99.143
83.0391,73.9171,92.6827,100.7815
85.9695,85.7277,92.8223,101.0519
78.5983,100.4286,97.3565,97.0547
72.3932,111.8401,103.3759,90.6934
72.7336,114.1267,106.7094,86.0913
68.0961,117.593,109.4555,83.1362
68.0446,118.8995,111.3018,81.0352
63.6141,121.7007,111.9694,79.8317
66.3214,124.4368,112.4709,78.7499
66.0568,126.2231,112.3398,77.8832
78.1413,128.0585,116.226,74.1072
79.8453,129.5415,122.3723,68.7767
85.3048,130.4595,126.8087,65.1312
82.0676,131.4383,130.0307,63.1005
91.9643,130.8445,129.0419,62.7111
90.8577,131.1731,127.4047,63.2514
95.805,132.4276,122.7913,66.8893
99.8186,130.5664,117.6432,69.4157
107.0147,122.8208,114.7033,70.1393
106.0083,122.5762,109.9443,71.0065
112.9834,120.3499,106.4159,71.4265
117.5568,118.1733,97.9903,76.4012
121.0651,115.7799,91.3344,80.3304
124.9716,114.0515,86.9685,83.3291
133.4792,112.5094,83.5279,83.4776
139.7057,106.3641,80.8148,84.1144
148.0294,101.364,78.0178,85.8177
151.2455,96.483,76.215,87.3745
157.3776,90.6516,74.5019,88.6075
162.9786,82.8199,71.5383,91.1976
172.6692,74.2145,67.7854,93.7559
182.9133,68.7945,65.6184,94.9901
182.899,66.1584,67.266,94.3353
183.5152,62.6244,68.0488,94.6357
184.88,58.6923,67.924,95.3783
184.4705,57.05,69.0908,95.5009
184.0114,56.0455,70.4006,96.6393
183.9395,55.606,71.8054,96.2309
173.4097,54.9527,74.86,93.541
205.4018,59.6806,69.3924,99.4316
205.8239,72.2617,66.2045,100.2514
208.4384,56.3083,62.7872,103.754
211.3728,59.9504,60.1052,107.2102
212.1208,58.0986,59.7412,109.7156
213.9386,57.0375,59.4746,112.2587
215.4657,66.9928,58.9935,113.5946
224.3021,64.433,58.3781,116.5348
222.2244,61.2324,58.4118,117.6661
220.9799,68.4336,59.8033,116.7498
221.0703,67.3355,59.6536,116.4871
219.4048,75.8101,60.1249,116.2072
217.5589,73.1442,59.8339,117.0843
216.3255,72.9014,59.8996,116.8051
215.5795,76.4273,59.2701,117.8403
214.3104,78.7306,59.0411,117.9234
219.9854,82.4971,60.4416,117.0138
216.1185,86.8797,61.5978,117.7194
212.289,91.6055,62.3766,119.172
216.2748,93.8649,68.4191,114.5024
213.9607,99.3813,67.7025,115.7162
212.9659,97.9205,66.5833,117.809
212.4057,98.6623,65.1919,119.5602
212.7112,99.407,61.6936,123.7275
212.734,98.845,58.5541,128.7906
214.5632,93.8286,56.4871,130.9933
214.2671,99.9362,57.2022,129.3068
215.5362,95.7555,57.7927,127.8493
216.4285,88.4321,58.5143,127.7293
231.0103,104.1717,64.0105,120.4541
209.5805,76.1681,63.2359,119.4311
210.0967,70.1326,62.2926,118.825
2
0
0
0
0
1
219.4623,151.8929,47.6572,64.8833
219.4492,151.1358,47.8507,66.1302
216.7463,148.4454,48.7242,67.4643
215.3288,146.1969,50.0531,68.6452
210.3683,145.4843,51.7091,69.2867
207.7993,143.2258,53.2464,70.4325
204.8699,140.9365,54.9171,71.2898
201.5829,142.0486,56.1547,71.0998
197.3417,141.5102,56.772,71.9992
193.7627,138.7077,57.5157,72.9608
191.5358,136.5197,57.8873,73.6777
188.7668,132.99,58.9753,74.8622
184.7633,128.9694,59.6948,76.8661
181.7558,125.0555,59.2731,79.4971
178.4507,120.6223,58.8229,83.1839
174.3149,117.5218,58.6224,85.4354
171.2633,114.1272,57.6207,87.6211
168.6203,110.5342,57.4372,89.4891
168.1798,105.4649,57.0323,90.7863
163.5683,101.2122,57.8452,90.919
160.9893,97.2154,58.0622,91.6105
161.1622,92.319,57.3256,92.9842
160.4787,89.1511,57.1925,92.6763
161.1603,86.3653,54.8373,93.8144
160.7294,82.1294,52.9201,95.8578
158.7525,79.1093,52.7001,95.5885
150.3855,77.9917,53.0535,96.1723
148.0706,75.5477,53.413,96.3225
144.5721,72.6182,53.7511,97.1588
140.3271,69.8336,54.4489,98.0397
137.5552,67.5456,55.4203,98.4566
132.5287,66.0349,56.9322,99.0946
127.7506,65.1676,59.1155,99.3785
115.0236,62.8145,64.3092,97.351
111.1921,60.6854,68.3296,97.2601
106.968,59.9146,71.5894,96.5058
105.7704,51.7643,76.0151,94.2579
100.5229,50.6934,76.5472,93.0817
102.3217,49.5277,79.0709,92.2927
98.6899,47.6233,79.4882,92.2196
96.7336,45.8361,79.7981,91.9858
95.4763,43.4419,80.1768,91.9571
96.6668,40.3576,81.6358,91.9392
92.5012,37.8004,82.7343,91.2723
86.1287,37.6807,85.5315,89.5441
79.557,38.8772,88.3511,88.4648
75.7709,39.3522,90.7812,86.5138
69.2058,39.7989,96.7277,81.9895
61.9947,41.2324,102.2495,78.5196
60.789,42.3382,106.1546,76.0095
54.9215,50.8713,110.2393,75.2318
55.4261,49.3109,114.0002,73.8957
49.7139,49.9218,117.3506,72.7853
51.211,50.6074,118.9999,72.06
50.1774,51.5752,119.7842,72.0291
54.4051,52.6842,119.5998,71.9351
52.0,60.469,119.5998,74.1349
52.6545,58.0574,119.0175,75.156
50.2002,65.097,120.5779,76.2797
50.039,61.7785,120.9892,76.9223
53.6131,58.6396,120.4625,77.1174
60.5135,65.1437,120.1388,77.4721
66.1494,60.8542,117.2703,77.863
75.1958,63.2471,109.176,84.4657
81.4729,60.3892,104.6434,87.7557
84.4609,58.2084,101.1199,90.2694
86.8422,70.3966,106.0358,84.3388
89.855,57.9643,102.0759,87.9541
92.7076,69.318,106.0895,83.0522
96.6256,69.221,108.1259,80.8045
99.6893,79.0215,109.9898,78.179
97.0191,76.7399,111.0531,76.9651
102.9948,75.8689,112.2093,76.4695
99.9369,75.8475,112.1938,77.0402
106.6743,85.9349,112.7287,75.8556
103.3951,88.0143,112.8373,75.6062
103.1885,88.7985,112.0083,75.6523
102.73,89.3239,111.1861,75.8787
110.3743,90.6267,110.636,75.7434
109.2277,90.7054,111.0543,76.4545
106.9455,89.4002,110.5726,77.3992
101.6687,73.0207,105.6328,85.8568
119.617,87.4756,107.0945,83.8493
100.2453,68.4813,102.1366,91.5584
103.2265,65.8351,100.4729,96.1689
99.3973,64.1648,98.9083,98.0828
118.5892,78.5631,103.8795,94.6205
130.0024,91.8486,106.3568,90.615
162.6531,94.3037,107.906,87.3724
124.1546,94.7395,111.164,84.1641
120.71,96.0344,115.4734,80.7875
117.1782,97.8585,118.5983,79.3038
155.6787,109.4838,119.0952,76.1191
160.2811,112.1342,119.684,73.8278
161.9461,110.8894,118.0099,73.0302
165.8147,110.2151,115.9513,72.2997
164.6839,110.062,115.1697,70.8772
156.3216,106.7411,115.8499,70.4495
161.0391,107.5202,117.03,70.2014
164.181,108.6014,115.6558,72.2851
167.7025,108.2747,114.7031,73.9503
171.3248,106.8726,109.8544,78.8419
177.4987,107.2779,106.3096,81.5224
182.0798,120.0651,108.6982,77.2148
181.2817,123.1559,110.8926,74.0819
181.9296,125.84,112.6717,71.3146
176.6121,115.344,109.8136,73.5994
184.0782,117.468,107.5605,75.0953
201.0775,135.4974,105.522,76.5924
212.4372,141.7668,101.521,80.7775
224.8182,152.0984,98.0691,84.2431
227.2974,149.7679,95.4993,87.3035
229.6295,145.308,93.1118,90.4675
232.0691,139.4957,90.657,94.1828
234.1969,132.2135,88.6122,97.4292
234.6386,123.5507,87.2141,101.8349
234.4856,114.6847,86.4181,104.9228
231.6973,105.9621,88.0091,106.3793
232.0901,99.2076,87.5635,109.185
233.7035,93.4287,83.965,113.7641
234.7765,85.4984,80.9779,119.3304
235.3998,80.5473,78.5909,122.2732
223.0175,63.5275,79.1009,122.1061
222.8087,60.6515,78.0438,121.6128
212.9565,50.4245,80.2169,117.196
214.7378,50.8345,79.2059,117.3217
206.0176,56.8573,78.4565,116.8935
193.3769,44.9474,80.4671,112.9537
191.1657,54.399,82.1665,108.6553
187.7041,53.2028,82.7906,105.0848
186.5516,50.4799,82.2995,102.1214
184.5428,49.9288,81.2945,99.738
183.1222,49.5383,78.15,100.2198
180.75,50.7265,75.2987,100.3794
170.849,48.8987,75.3986,99.4861
168.7663,49.5569,73.918,98.3762
165.2247,45.0934,71.7345,100.5344
163.3556,46.7376,70.1231,100.1778
161.9157,48.7636,69.5999,99.8245
152.6536,48.9319,68.9608,99.3956
132.633,50.5584,74.7324,95.7488
131.9873,50.3873,76.6087,95.3879
118.8696,50.7902,81.3984,94.0115
108.2408,51.7467,83.7781,95.3933
107.9642,50.1471,86.6139,94.7066
107.7896,50.0698,87.6296,95.7503
106.6088,48.5314,88.7938,96.949
105.0938,47.2018,89.3427,97.1991
103.9062,47.226,89.601,96.7922
102.0049,47.5245,89.0313,97.0558
113.2018,48.5087,87.1927,98.8035
110.5664,48.2687,85.5319,99.1456
112.0356,49.8351,84.343,98.5699
113.0472,50.8966,83.139,98.4051
113.4371,51.5951,82.134,98.7163
