400.0,48.0,87.0,319.0
388.0,57.0,94.0,310.0
377.0,57.0,95.0,310.0
344.0,62.0,94.0,312.0
307.0,74.0,97.0,309.0
259.0,79.0,95.0,309.0
225.0,83.0,95.0,310.0
193.0,88.0,95.0,311.0
176.0,96.0,96.0,313.0
170.0,117.0,96.0,315.0
174.0,124.0,96.0,317.0
179.0,130.0,96.0,318.0
190.0,134.0,97.0,318.0
208.0,135.0,96.0,319.0
247.0,130.0,97.0,320.0
283.0,116.0,96.0,323.0
295.0,110.0,101.0,320.0
324.0,101.0,102.0,318.0
341.0,103.0,103.0,318.0
357.0,102.0,105.0,316.0
372.0,95.0,105.0,318.0
392.0,91.0,105.0,320.0
401.0,91.0,106.0,321.0
397.0,84.0,106.0,323.0
391.0,82.0,108.0,323.0
388.0,79.0,108.0,327.0
386.0,76.0,108.0,331.0
383.0,80.0,110.0,330.0
377.0,90.0,111.0,332.0
371.0,99.0,112.0,334.0
370.0,105.0,112.0,336.0
368.0,114.0,113.0,338.0
356.0,106.0,114.0,339.0
350.0,100.0,114.0,342.0
365.0,98.0,113.0,344.0
386.0,100.0,113.0,346.0
427.0,105.0,111.0,348.0
470.0,109.0,110.0,348.0
516.0,113.0,111.0,351.0
503.0,110.0,111.0,354.0
481.0,122.0,111.0,356.0
452.0,118.0,114.0,354.0
422.0,114.0,115.0,358.0
404.0,103.0,117.0,360.0
387.0,106.0,118.0,362.0
376.0,117.0,121.0,361.0
357.0,127.0,124.0,359.0
353.0,128.0,126.0,360.0
354.0,120.0,126.0,362.0
361.0,120.0,125.0,366.0
375.0,116.0,126.0,365.0
409.0,116.0,129.0,365.0
454.0,97.0,128.0,368.0
463.0,111.0,129.0,369.0
463.0,92.0,129.0,373.0
458.0,68.0,131.0,375.0
456.0,43.0,132.0,379.0
427.0,28.0,130.0,384.0
391.0,28.0,131.0,384.0
364.0,24.0,135.0,381.0
360.0,33.0,135.0,383.0
354.0,54.0,137.0,382.0
329.0,51.0,138.0,381.0
319.0,56.0,140.0,379.0
316.0,63.0,141.0,379.0
309.0,55.0,141.0,379.0
274.0,55.0,141.0,379.0
236.0,46.0,141.0,381.0
210.0,39.0,143.0,377.0
214.0,34.0,145.0,375.0
252.0,18.0,144.0,376.0
259.0,13.0,146.0,372.0
247.0,24.0,148.0,369.0
246.0,27.0,148.0,369.0
251.0,31.0,146.0,368.0
255.0,42.0,146.0,365.0
249.0,48.0,146.0,363.0
221.0,56.0,148.0,359.0
225.0,50.0,148.0,358.0
234.0,55.0,148.0,359.0
240.0,59.0,148.0,357.0
240.0,58.0,148.0,354.0
238.0,48.0,147.0,353.0
231.0,42.0,146.0,351.0
204.0,48.0,146.0,350.0
197.0,55.0,145.0,349.0
197.0,45.0,145.0,348.0
198.0,36.0,143.0,349.0
187.0,31.0,143.0,348.0
184.0,50.0,144.0,347.0
217.0,52.0,142.0,349.0
252.0,70.0,143.0,348.0
255.0,78.0,143.0,346.0
227.0,81.0,145.0,341.0
198.0,91.0,146.0,338.0
190.0,105.0,145.0,339.0
185.0,103.0,144.0,341.0
181.0,121.0,139.0,345.0
188.0,117.0,138.0,344.0
246.0,119.0,137.0,344.0
269.0,105.0,139.0,342.0
294.0,86.0,135.0,345.0
298.0,61.0,133.0,347.0
296.0,39.0,134.0,347.0
295.0,21.0,129.0,352.0
239.0,5.0,127.0,354.0
209.0,1.0,126.0,353.0
144.0,5.0,128.0,349.0
135.0,13.0,129.0,349.0
166.0,19.0,127.0,351.0
201.0,24.0,129.0,348.0
219.0,46.0,134.0,341.0
221.0,49.0,138.0,335.0
225.0,47.0,139.0,332.0
234.0,50.0,138.0,331.0
226.0,63.0,139.0,328.0
191.0,67.0,140.0,327.0
197.0,67.0,137.0,329.0
255.0,75.0,138.0,326.0
283.0,86.0,137.0,323.0
279.0,93.0,137.0,321.0
281.0,83.0,137.0,320.0
295.0,75.0,136.0,320.0
299.0,82.0,135.0,316.0
272.0,73.0,134.0,318.0
256.0,81.0,135.0,315.0
277.0,82.0,134.0,314.0
302.0,94.0,134.0,310.0
298.0,98.0,133.0,308.0
280.0,111.0,134.0,308.0
271.0,106.0,132.0,307.0
257.0,106.0,129.0,309.0
222.0,112.0,127.0,310.0
190.0,119.0,127.0,308.0
171.0,123.0,126.0,308.0
151.0,127.0,126.0,307.0
161.0,121.0,125.0,309.0
188.0,112.0,125.0,307.0
220.0,109.0,122.0,308.0
251.0,107.0,119.0,309.0
279.0,103.0,119.0,306.0
307.0,94.0,119.0,305.0
315.0,86.0,119.0,301.0
307.0,76.0,118.0,302.0
277.0,66.0,116.0,302.0
241.0,58.0,115.0,303.0
186.0,58.0,115.0,301.0
150.0,53.0,115.0,300.0
139.0,66.0,114.0,301.0
141.0,70.0,109.0,306.0
161.0,73.0,109.0,306.0
181.0,83.0,108.0,307.0
203.0,85.0,108.0,307.0
229.0,90.0,108.0,307.0
239.0,93.0,107.0,305.0
239.0,93.0,107.0,304.0
234.0,93.0,111.0,299.0
235.0,98.0,110.0,299.0
259.0,94.0,108.0,301.0
294.0,86.0,109.0,299.0
324.0,81.0,110.0,297.0
333.0,75.0,111.0,296.0
338.0,77.0,111.0,295.0
333.0,67.0,108.0,300.0
307.0,65.0,108.0,300.0
277.0,63.0,108.0,299.0
228.0,61.0,108.0,299.0
192.0,71.0,112.0,294.0
188.0,76.0,112.0,293.0
208.0,86.0,111.0,294.0
202.0,97.0,112.0,290.0
201.0,106.0,113.0,288.0
205.0,108.0,114.0,286.0
195.0,113.0,115.0,284.0
171.0,104.0,113.0,287.0
140.0,107.0,114.0,285.0
141.0,107.0,111.0,286.0
150.0,102.0,110.0,284.0
179.0,104.0,111.0,280.0
208.0,98.0,110.0,278.0
224.0,108.0,110.0,277.0
225.0,107.0,109.0,275.0
245.0,113.0,111.0,272.0
253.0,105.0,110.0,272.0
239.0,105.0,111.0,272.0
210.0,112.0,110.0,272.0
202.0,123.0,110.0,270.0
202.0,131.0,109.0,271.0
231.0,124.0,106.0,273.0
276.0,134.0,105.0,272.0
291.0,141.0,105.0,270.0
297.0,123.0,105.0,270.0
314.0,118.0,104.0,270.0
294.0,101.0,103.0,269.0
251.0,89.0,100.0,272.0
198.0,92.0,100.0,272.0
187.0,94.0,103.0,270.0
173.0,107.0,103.0,271.0
177.0,119.0,100.0,274.0
225.0,127.0,100.0,273.0
257.0,128.0,101.0,269.0
278.0,137.0,102.0,267.0
303.0,137.0,101.0,269.0
329.0,141.0,99.0,269.0
339.0,146.0,101.0,264.0
333.0,151.0,102.0,263.0
312.0,153.0,101.0,262.0
288.0,146.0,101.0,262.0
261.0,140.0,100.0,263.0
234.0,132.0,100.0,263.0
231.0,129.0,102.0,261.0
274.0,119.0,101.0,262.0
318.0,111.0,102.0,262.0
348.0,107.0,100.0,265.0
379.0,109.0,98.0,265.0
427.0,115.0,98.0,264.0
454.0,122.0,99.0,264.0
460.0,116.0,99.0,263.0
454.0,111.0,100.0,262.0
447.0,104.0,100.0,264.0
403.0,97.0,98.0,265.0
359.0,98.0,98.0,263.0
313.0,102.0,100.0,260.0
266.0,108.0,99.0,260.0
257.0,124.0,99.0,261.0
228.0,121.0,99.0,262.0
225.0,133.0,97.0,266.0
244.0,134.0,97.0,267.0
269.0,134.0,96.0,265.0
296.0,133.0,95.0,267.0
295.0,126.0,94.0,267.0
284.0,124.0,95.0,267.0
253.0,120.0,95.0,267.0
208.0,116.0,94.0,267.0
158.0,109.0,93.0,268.0
107.0,113.0,94.0,269.0
87.0,113.0,96.0,268.0
79.0,109.0,98.0,268.0
87.0,104.0,97.0,269.0
119.0,106.0,97.0,268.0
150.0,105.0,96.0,269.0
178.0,108.0,96.0,268.0
209.0,104.0,95.0,269.0
239.0,102.0,97.0,267.0
260.0,104.0,100.0,264.0
270.0,101.0,99.0,263.0
279.0,100.0,100.0,263.0
272.0,91.0,99.0,264.0
242.0,87.0,100.0,263.0
211.0,85.0,100.0,262.0
183.0,85.0,100.0,261.0
152.0,89.0,100.0,261.0
141.0,97.0,100.0,264.0
145.0,101.0,99.0,265.0
172.0,105.0,99.0,266.0
203.0,110.0,99.0,265.0
231.0,118.0,98.0,266.0
251.0,127.0,98.0,266.0
256.0,132.0,98.0,265.0
263.0,130.0,97.0,266.0
256.0,130.0,98.0,264.0
229.0,131.0,99.0,265.0
217.0,127.0,100.0,265.0
220.0,124.0,101.0,264.0
249.0,119.0,100.0,263.0
262.0,112.0,100.0,263.0
239.0,116.0,100.0,262.0
226.0,117.0,99.0,266.0
224.0,114.0,100.0,265.0
215.0,112.0,100.0,266.0
168.0,117.0,98.0,267.0
130.0,120.0,96.0,270.0
114.0,134.0,97.0,272.0
99.0,132.0,97.0,273.0
81.0,143.0,98.0,275.0
75.0,142.0,99.0,274.0
98.0,133.0,100.0,273.0
126.0,128.0,100.0,272.0
159.0,124.0,100.0,272.0
172.0,117.0,98.0,275.0
196.0,101.0,98.0,277.0
201.0,92.0,98.0,278.0
191.0,86.0,98.0,279.0
156.0,87.0,100.0,277.0
125.0,82.0,100.0,280.0
124.0,90.0,99.0,282.0
132.0,97.0,97.0,284.0
185.0,105.0,96.0,286.0
220.0,102.0,96.0,286.0
231.0,99.0,96.0,288.0
238.0,106.0,97.0,288.0
269.0,106.0,97.0,287.0
269.0,108.0,97.0,288.0
242.0,111.0,96.0,292.0
247.0,115.0,95.0,292.0
295.0,116.0,95.0,292.0
321.0,104.0,96.0,293.0
326.0,104.0,97.0,293.0
332.0,99.0,96.0,295.0
333.0,93.0,97.0,297.0
299.0,91.0,100.0,294.0
220.0,82.0,101.0,293.0
163.0,83.0,101.0,293.0
148.0,90.0,102.0,295.0
119.0,102.0,102.0,295.0
90.0,111.0,102.0,296.0
83.0,125.0,103.0,297.0
84.0,131.0,103.0,296.0
105.0,131.0,102.0,299.0
136.0,133.0,99.0,301.0
170.0,127.0,97.0,305.0
199.0,121.0,97.0,306.0
227.0,119.0,97.0,306.0
245.0,115.0,99.0,304.0
244.0,102.0,99.0,306.0
227.0,100.0,99.0,307.0
200.0,95.0,100.0,309.0
173.0,90.0,101.0,310.0
164.0,93.0,105.0,306.0
164.0,94.0,105.0,306.0
194.0,98.0,106.0,306.0
226.0,104.0,106.0,307.0
255.0,108.0,106.0,308.0
268.0,111.0,108.0,307.0
279.0,111.0,109.0,304.0
283.0,110.0,109.0,303.0
285.0,102.0,110.0,301.0
283.0,95.0,111.0,299.0
281.0,94.0,111.0,297.0
282.0,93.0,114.0,294.0
312.0,83.0,115.0,294.0
333.0,81.0,115.0,292.0
320.0,82.0,116.0,290.0
310.0,80.0,114.0,292.0
