57.0,156.0,198.0,173.0
61.0,158.0,198.0,172.0
63.0,156.0,198.0,171.0
67.0,154.0,198.0,170.0
69.0,158.0,199.0,169.0
70.0,157.0,200.0,168.0
73.0,159.0,200.0,169.0
76.0,161.0,199.0,170.0
79.0,164.0,197.0,171.0
81.0,164.0,196.0,172.0
85.0,167.0,196.0,172.0
87.0,172.0,197.0,170.0
94.0,171.0,195.0,172.0
96.0,173.0,195.0,172.0
101.0,172.0,196.0,172.0
104.0,174.0,195.0,172.0
110.0,173.0,195.0,173.0
115.0,174.0,196.0,173.0
119.0,174.0,199.0,172.0
124.0,173.0,199.0,172.0
133.0,169.0,199.0,172.0
143.0,169.0,197.0,175.0
148.0,168.0,199.0,175.0
154.0,163.0,200.0,176.0
163.0,166.0,201.0,176.0
170.0,168.0,205.0,175.0
175.0,161.0,206.0,175.0
187.0,166.0,207.0,177.0
198.0,160.0,208.0,179.0
207.0,161.0,211.0,178.0
217.0,157.0,211.0,180.0
223.0,153.0,212.0,183.0
228.0,151.0,214.0,183.0
232.0,144.0,216.0,184.0
238.0,138.0,215.0,186.0
243.0,133.0,216.0,187.0
244.0,125.0,215.0,189.0
246.0,124.0,219.0,186.0
251.0,120.0,217.0,187.0
253.0,116.0,216.0,187.0
255.0,113.0,214.0,187.0
256.0,110.0,213.0,186.0
256.0,113.0,214.0,183.0
262.0,108.0,212.0,182.0
260.0,111.0,209.0,181.0
261.0,109.0,206.0,182.0
261.0,110.0,208.0,178.0
262.0,111.0,206.0,176.0
261.0,113.0,205.0,174.0
266.0,108.0,202.0,175.0
265.0,113.0,202.0,171.0
265.0,111.0,201.0,170.0
271.0,110.0,200.0,169.0
271.0,107.0,198.0,169.0
276.0,106.0,196.0,168.0
278.0,104.0,195.0,169.0
281.0,106.0,195.0,167.0
288.0,106.0,193.0,166.0
288.0,106.0,191.0,167.0
295.0,105.0,190.0,167.0
303.0,102.0,189.0,169.0
309.0,103.0,191.0,166.0
317.0,101.0,191.0,165.0
323.0,102.0,194.0,163.0
331.0,106.0,198.0,159.0
336.0,108.0,200.0,159.0
344.0,104.0,202.0,160.0
350.0,105.0,204.0,160.0
359.0,101.0,204.0,161.0
369.0,100.0,203.0,161.0
381.0,99.0,203.0,161.0
385.0,103.0,203.0,161.0
402.0,99.0,204.0,162.0
406.0,101.0,205.0,162.0
422.0,100.0,206.0,161.0
424.0,105.0,208.0,159.0
428.0,104.0,207.0,161.0
433.0,105.0,206.0,161.0
439.0,105.0,203.0,163.0
440.0,109.0,204.0,161.0
442.0,110.0,204.0,160.0
444.0,112.0,203.0,160.0
444.0,112.0,201.0,160.0
442.0,115.0,203.0,159.0
442.0,116.0,203.0,158.0
440.0,116.0,203.0,157.0
439.0,116.0,203.0,157.0
438.0,115.0,202.0,158.0
437.0,115.0,201.0,158.0
438.0,113.0,200.0,158.0
435.0,115.0,201.0,157.0
434.0,114.0,201.0,157.0
431.0,114.0,200.0,158.0
429.0,111.0,201.0,157.0
428.0,114.0,202.0,155.0
429.0,112.0,202.0,155.0
430.0,113.0,202.0,155.0
433.0,111.0,202.0,154.0
434.0,110.0,201.0,154.0
431.0,111.0,198.0,156.0
435.0,112.0,196.0,157.0
436.0,110.0,195.0,157.0
442.0,113.0,192.0,158.0
445.0,114.0,189.0,159.0
449.0,116.0,187.0,160.0
454.0,117.0,184.0,161.0
459.0,119.0,183.0,162.0
463.0,121.0,183.0,162.0
467.0,123.0,181.0,163.0
468.0,127.0,180.0,164.0
470.0,130.0,179.0,164.0
472.0,131.0,179.0,164.0
474.0,133.0,178.0,165.0
477.0,133.0,177.0,165.0
478.0,135.0,176.0,165.0
479.0,133.0,173.0,167.0
482.0,136.0,171.0,167.0
479.0,136.0,171.0,167.0
481.0,136.0,171.0,166.0
479.0,137.0,170.0,167.0
478.0,139.0,171.0,166.0
474.0,137.0,173.0,165.0
469.0,136.0,176.0,163.0
469.0,137.0,176.0,163.0
468.0,134.0,176.0,164.0
465.0,132.0,177.0,163.0
464.0,133.0,178.0,162.0
460.0,130.0,177.0,162.0
460.0,128.0,178.0,161.0
462.0,127.0,178.0,162.0
461.0,125.0,180.0,160.0
465.0,123.0,180.0,160.0
465.0,122.0,180.0,160.0
465.0,122.0,180.0,161.0
467.0,131.0,182.0,159.0
467.0,131.0,183.0,157.0
469.0,132.0,183.0,158.0
472.0,134.0,182.0,158.0
474.0,136.0,180.0,160.0
478.0,137.0,178.0,160.0
479.0,135.0,174.0,162.0
482.0,136.0,172.0,163.0
482.0,138.0,172.0,164.0
482.0,139.0,171.0,164.0
484.0,144.0,172.0,164.0
480.0,142.0,172.0,163.0
479.0,141.0,174.0,160.0
474.0,138.0,175.0,160.0
472.0,136.0,176.0,159.0
462.0,135.0,177.0,158.0
454.0,150.0,180.0,156.0
446.0,157.0,184.0,154.0
438.0,155.0,184.0,155.0
427.0,154.0,186.0,156.0
420.0,152.0,187.0,157.0
415.0,150.0,189.0,156.0
407.0,153.0,192.0,155.0
400.0,147.0,193.0,157.0
393.0,142.0,193.0,159.0
389.0,138.0,194.0,161.0
387.0,135.0,195.0,161.0
383.0,134.0,195.0,161.0
378.0,128.0,193.0,164.0
376.0,124.0,193.0,167.0
371.0,125.0,194.0,167.0
369.0,122.0,196.0,167.0
367.0,124.0,197.0,168.0
366.0,121.0,198.0,169.0
365.0,123.0,199.0,170.0
362.0,122.0,200.0,171.0
357.0,123.0,202.0,170.0
358.0,123.0,200.0,172.0
355.0,123.0,202.0,171.0
352.0,123.0,205.0,170.0
349.0,121.0,204.0,172.0
344.0,118.0,206.0,171.0
338.0,121.0,207.0,170.0
336.0,115.0,206.0,171.0
331.0,117.0,209.0,170.0
328.0,111.0,209.0,171.0
325.0,118.0,210.0,169.0
322.0,109.0,213.0,169.0
319.0,116.0,211.0,171.0
316.0,109.0,213.0,173.0
310.0,117.0,212.0,174.0
308.0,110.0,211.0,176.0
303.0,117.0,211.0,176.0
297.0,115.0,212.0,176.0
287.0,113.0,212.0,176.0
288.0,118.0,211.0,175.0
288.0,118.0,209.0,177.0
287.0,119.0,206.0,179.0
289.0,121.0,204.0,179.0
290.0,122.0,204.0,178.0
290.0,126.0,206.0,176.0
292.0,131.0,207.0,176.0
293.0,132.0,205.0,178.0
297.0,132.0,202.0,180.0
298.0,133.0,201.0,180.0
301.0,131.0,199.0,182.0
301.0,137.0,201.0,179.0
302.0,136.0,201.0,180.0
297.0,139.0,200.0,179.0
301.0,138.0,201.0,179.0
295.0,139.0,202.0,177.0
301.0,140.0,199.0,179.0
296.0,139.0,198.0,179.0
297.0,140.0,198.0,179.0
298.0,144.0,200.0,177.0
297.0,142.0,199.0,178.0
299.0,141.0,197.0,180.0
301.0,141.0,196.0,180.0
301.0,140.0,198.0,179.0
302.0,139.0,199.0,178.0
300.0,138.0,201.0,176.0
303.0,132.0,199.0,179.0
302.0,134.0,201.0,178.0
304.0,132.0,202.0,178.0
304.0,128.0,204.0,177.0
305.0,125.0,203.0,178.0
307.0,119.0,202.0,179.0
308.0,119.0,205.0,176.0
310.0,115.0,204.0,177.0
313.0,112.0,203.0,178.0
316.0,113.0,204.0,177.0
313.0,107.0,205.0,177.0
316.0,102.0,206.0,177.0
318.0,97.0,208.0,176.0
317.0,94.0,210.0,175.0
317.0,89.0,211.0,176.0
321.0,84.0,212.0,177.0
324.0,86.0,213.0,176.0
325.0,80.0,214.0,177.0
325.0,69.0,214.0,180.0
322.0,65.0,216.0,181.0
320.0,61.0,218.0,182.0
317.0,56.0,217.0,186.0
313.0,52.0,215.0,189.0
311.0,47.0,215.0,192.0
303.0,42.0,215.0,194.0
299.0,36.0,214.0,198.0
291.0,35.0,217.0,198.0
282.0,27.0,215.0,201.0
277.0,27.0,215.0,202.0
270.0,24.0,214.0,205.0
265.0,17.0,211.0,208.0
257.0,8.0,212.0,204.0
250.0,3.0,209.0,206.0
252.0,2.0,205.0,206.0
246.0,2.0,203.0,207.0
242.0,2.0,201.0,207.0
236.0,1.0,203.0,204.0
228.0,1.0,202.0,202.0
213.0,3.0,203.0,200.0
209.0,2.0,203.0,199.0
203.0,6.0,203.0,198.0
204.0,7.0,201.0,197.0
205.0,9.0,201.0,196.0
201.0,10.0,202.0,194.0
199.0,12.0,204.0,189.0
198.0,14.0,207.0,185.0
201.0,16.0,205.0,185.0
203.0,19.0,205.0,184.0
205.0,19.0,204.0,184.0
210.0,20.0,201.0,185.0
214.0,18.0,200.0,185.0
218.0,21.0,198.0,185.0
219.0,21.0,198.0,184.0
226.0,23.0,197.0,183.0
229.0,25.0,197.0,182.0
232.0,26.0,196.0,181.0
232.0,26.0,196.0,179.0
234.0,23.0,195.0,178.0
235.0,25.0,194.0,176.0
235.0,21.0,193.0,176.0
234.0,24.0,193.0,174.0
234.0,22.0,191.0,174.0
232.0,24.0,191.0,172.0
236.0,20.0,188.0,174.0
236.0,22.0,189.0,171.0
238.0,20.0,188.0,171.0
241.0,21.0,186.0,172.0
244.0,19.0,184.0,172.0
247.0,19.0,182.0,172.0
249.0,18.0,181.0,171.0
254.0,16.0,180.0,172.0
258.0,16.0,180.0,171.0
262.0,16.0,178.0,171.0
267.0,17.0,178.0,171.0
271.0,17.0,176.0,171.0
274.0,15.0,176.0,171.0
272.0,20.0,176.0,168.0
277.0,23.0,176.0,166.0
281.0,24.0,176.0,165.0
284.0,26.0,177.0,163.0
289.0,28.0,177.0,162.0
292.0,34.0,179.0,161.0
291.0,37.0,180.0,160.0
295.0,41.0,183.0,159.0
296.0,45.0,183.0,160.0
297.0,46.0,184.0,160.0
301.0,51.0,185.0,161.0
304.0,53.0,185.0,162.0
304.0,54.0,185.0,163.0
305.0,57.0,186.0,163.0
307.0,61.0,187.0,163.0
308.0,62.0,186.0,165.0
312.0,67.0,187.0,166.0
309.0,72.0,191.0,164.0
310.0,74.0,190.0,166.0
311.0,76.0,190.0,167.0
314.0,81.0,191.0,166.0
317.0,80.0,190.0,168.0
320.0,86.0,193.0,167.0
318.0,84.0,193.0,168.0
322.0,95.0,196.0,167.0
319.0,98.0,198.0,167.0
317.0,98.0,199.0,168.0
322.0,105.0,201.0,167.0
321.0,106.0,201.0,169.0
320.0,112.0,202.0,169.0
320.0,117.0,202.0,169.0
321.0,116.0,202.0,171.0
323.0,124.0,203.0,171.0
318.0,125.0,206.0,172.0
317.0,130.0,207.0,173.0
317.0,135.0,210.0,172.0
314.0,140.0,212.0,174.0
313.0,141.0,212.0,177.0
310.0,144.0,213.0,179.0
307.0,147.0,213.0,182.0
303.0,149.0,214.0,184.0
300.0,149.0,215.0,186.0
295.0,151.0,218.0,186.0
291.0,153.0,220.0,188.0
287.0,160.0,224.0,187.0
280.0,162.0,225.0,188.0
281.0,163.0,226.0,188.0
289.0,169.0,226.0,189.0
285.0,165.0,225.0,193.0
280.0,168.0,226.0,192.0
280.0,166.0,226.0,193.0
281.0,167.0,226.0,194.0
281.0,166.0,228.0,194.0
288.0,160.0,228.0,197.0
290.0,156.0,230.0,199.0
296.0,153.0,230.0,202.0
304.0,144.0,231.0,204.0
309.0,140.0,233.0,204.0
322.0,130.0,235.0,205.0
325.0,125.0,239.0,204.0
337.0,118.0,239.0,207.0
343.0,112.0,242.0,207.0
350.0,103.0,246.0,207.0
356.0,100.0,247.0,208.0
371.0,93.0,251.0,209.0
375.0,88.0,255.0,209.0
377.0,84.0,259.0,208.0
386.0,74.0,260.0,211.0
379.0,85.0,263.0,212.0
387.0,68.0,263.0,213.0
387.0,69.0,264.0,209.0
388.0,66.0,264.0,209.0
385.0,69.0,268.0,206.0
385.0,66.0,269.0,205.0
382.0,69.0,270.0,204.0
381.0,69.0,270.0,203.0
379.0,70.0,271.0,202.0
375.0,73.0,274.0,199.0
369.0,75.0,275.0,199.0
366.0,76.0,276.0,199.0
363.0,79.0,277.0,199.0
357.0,79.0,278.0,201.0
350.0,81.0,277.0,203.0
342.0,80.0,279.0,203.0
339.0,81.0,283.0,201.0
335.0,83.0,285.0,201.0
336.0,85.0,286.0,203.0
326.0,93.0,288.0,204.0
319.0,93.0,289.0,205.0
319.0,94.0,291.0,205.0
314.0,94.0,292.0,206.0
308.0,94.0,293.0,207.0
307.0,96.0,291.0,211.0
301.0,102.0,286.0,215.0
297.0,106.0,283.0,217.0
300.0,111.0,281.0,216.0
287.0,114.0,279.0,219.0
277.0,112.0,278.0,221.0
265.0,118.0,280.0,221.0
253.0,121.0,280.0,222.0
240.0,125.0,280.0,223.0
224.0,115.0,280.0,225.0
204.0,122.0,279.0,229.0
178.0,111.0,276.0,232.0
156.0,117.0,274.0,233.0
153.0,111.0,270.0,235.0
118.0,112.0,268.0,236.0
100.0,107.0,267.0,236.0
80.0,114.0,274.0,229.0
69.0,101.0,274.0,228.0
58.0,109.0,271.0,229.0
52.0,98.0,266.0,232.0
40.0,97.0,265.0,233.0
32.0,99.0,266.0,231.0
34.0,104.0,269.0,228.0
31.0,100.0,268.0,227.0
28.0,101.0,267.0,227.0
26.0,102.0,268.0,225.0
28.0,111.0,267.0,222.0
29.0,113.0,269.0,217.0
30.0,112.0,265.0,217.0
35.0,115.0,261.0,216.0
39.0,114.0,258.0,216.0
36.0,118.0,260.0,212.0
43.0,115.0,253.0,215.0
43.0,116.0,252.0,213.0
43.0,114.0,251.0,211.0
44.0,115.0,252.0,208.0
42.0,113.0,250.0,208.0
42.0,115.0,251.0,205.0
42.0,115.0,250.0,204.0
42.0,117.0,251.0,202.0
43.0,116.0,250.0,202.0
45.0,120.0,249.0,201.0
55.0,114.0,250.0,202.0
56.0,118.0,246.0,203.0
60.0,114.0,245.0,204.0
70.0,117.0,243.0,206.0
78.0,113.0,242.0,207.0
90.0,116.0,242.0,207.0
101.0,120.0,244.0,206.0
112.0,118.0,244.0,206.0
128.0,118.0,239.0,210.0
142.0,121.0,239.0,212.0
159.0,123.0,240.0,212.0
175.0,129.0,243.0,211.0
194.0,133.0,245.0,211.0
216.0,136.0,243.0,212.0
234.0,138.0,240.0,213.0
252.0,142.0,237.0,213.0
262.0,152.0,236.0,212.0
270.0,157.0,233.0,215.0
281.0,158.0,235.0,213.0
287.0,161.0,236.0,213.0
294.0,157.0,235.0,214.0
291.0,149.0,236.0,213.0
295.0,145.0,239.0,210.0
298.0,138.0,237.0,212.0
296.0,131.0,239.0,211.0
294.0,124.0,242.0,209.0
298.0,117.0,247.0,205.0
299.0,114.0,248.0,203.0
304.0,118.0,250.0,200.0
308.0,117.0,245.0,201.0
312.0,114.0,243.0,202.0
313.0,113.0,242.0,204.0
317.0,113.0,243.0,205.0
325.0,113.0,241.0,204.0
325.0,110.0,240.0,207.0
330.0,110.0,240.0,208.0
334.0,108.0,239.0,211.0
337.0,112.0,241.0,210.0
346.0,111.0,240.0,213.0
349.0,110.0,239.0,214.0
352.0,110.0,243.0,212.0
359.0,112.0,245.0,212.0
365.0,113.0,246.0,212.0
366.0,118.0,247.0,211.0
367.0,116.0,247.0,212.0
369.0,117.0,250.0,210.0
369.0,119.0,251.0,210.0
370.0,118.0,250.0,210.0
370.0,123.0,251.0,210.0
369.0,121.0,249.0,211.0
366.0,123.0,247.0,213.0
359.0,121.0,246.0,215.0
356.0,125.0,244.0,216.0
348.0,126.0,245.0,215.0
341.0,123.0,247.0,215.0
347.0,120.0,246.0,214.0
339.0,123.0,243.0,214.0
325.0,120.0,242.0,217.0
328.0,120.0,239.0,220.0
323.0,122.0,238.0,221.0
317.0,121.0,237.0,223.0
311.0,123.0,237.0,224.0
310.0,125.0,233.0,227.0
312.0,131.0,233.0,225.0
301.0,132.0,229.0,228.0
313.0,133.0,225.0,230.0
317.0,163.0,226.0,227.0
324.0,167.0,227.0,226.0
306.0,167.0,227.0,226.0
317.0,171.0,227.0,226.0
298.0,149.0,225.0,227.0
305.0,154.0,222.0,228.0
315.0,158.0,221.0,229.0
297.0,162.0,218.0,232.0
308.0,159.0,214.0,236.0
324.0,154.0,210.0,239.0
313.0,131.0,204.0,244.0
328.0,140.0,202.0,246.0
335.0,137.0,199.0,248.0
340.0,137.0,198.0,248.0
342.0,137.0,198.0,246.0
332.0,137.0,199.0,245.0
336.0,136.0,201.0,242.0
334.0,136.0,203.0,238.0
333.0,134.0,203.0,237.0
322.0,136.0,202.0,239.0
329.0,133.0,203.0,236.0
331.0,132.0,202.0,237.0
332.0,131.0,201.0,238.0
332.0,129.0,200.0,238.0
329.0,116.0,204.0,234.0
325.0,105.0,204.0,233.0
320.0,114.0,206.0,232.0
316.0,102.0,207.0,230.0
311.0,110.0,206.0,230.0
310.0,112.0,208.0,229.0
308.0,113.0,207.0,229.0
302.0,106.0,212.0,224.0
299.0,113.0,212.0,224.0
297.0,113.0,210.0,225.0
294.0,107.0,210.0,224.0
293.0,111.0,206.0,228.0
292.0,105.0,209.0,223.0
291.0,112.0,205.0,228.0
290.0,112.0,204.0,230.0
290.0,111.0,203.0,230.0
290.0,113.0,203.0,231.0
292.0,111.0,202.0,231.0
289.0,110.0,202.0,231.0
291.0,112.0,202.0,230.0
293.0,110.0,204.0,228.0
294.0,111.0,203.0,229.0
295.0,110.0,202.0,231.0
297.0,110.0,203.0,230.0
298.0,110.0,202.0,231.0
298.0,110.0,203.0,231.0
297.0,111.0,204.0,230.0
302.0,108.0,205.0,231.0
302.0,107.0,204.0,232.0
303.0,106.0,205.0,232.0
305.0,106.0,208.0,231.0
307.0,107.0,210.0,229.0
310.0,106.0,214.0,226.0
315.0,110.0,213.0,227.0
318.0,104.0,215.0,226.0
319.0,105.0,213.0,229.0
319.0,106.0,214.0,228.0
315.0,105.0,218.0,225.0
317.0,105.0,220.0,224.0
319.0,105.0,219.0,225.0
324.0,102.0,216.0,228.0
327.0,101.0,215.0,229.0
329.0,104.0,217.0,226.0
332.0,104.0,216.0,228.0
336.0,104.0,215.0,231.0
326.0,102.0,211.0,234.0
334.0,99.0,212.0,234.0
340.0,101.0,213.0,232.0
345.0,103.0,212.0,234.0
330.0,100.0,211.0,234.0
342.0,97.0,207.0,238.0
324.0,98.0,209.0,237.0
335.0,94.0,206.0,241.0
338.0,101.0,208.0,238.0
319.0,101.0,208.0,237.0
324.0,104.0,208.0,236.0
326.0,107.0,209.0,234.0
325.0,107.0,211.0,232.0
329.0,144.0,212.0,230.0
305.0,127.0,214.0,227.0
312.0,138.0,215.0,226.0
291.0,116.0,215.0,225.0
354.0,66.0,220.0,220.0
361.0,69.0,224.0,216.0
380.0,65.0,231.0,212.0
382.0,68.0,238.0,207.0
390.0,71.0,243.0,204.0
392.0,73.0,245.0,203.0
397.0,72.0,245.0,204.0
398.0,77.0,246.0,203.0
398.0,77.0,246.0,202.0
396.0,82.0,248.0,200.0
403.0,82.0,250.0,200.0
394.0,93.0,252.0,202.0
392.0,85.0,254.0,203.0
398.0,83.0,254.0,200.0
394.0,82.0,254.0,199.0
393.0,81.0,254.0,198.0
377.0,101.0,257.0,200.0
365.0,101.0,259.0,201.0
357.0,100.0,265.0,199.0
348.0,102.0,267.0,200.0
340.0,102.0,269.0,200.0
327.0,106.0,272.0,201.0
314.0,103.0,272.0,203.0
308.0,105.0,273.0,204.0
302.0,103.0,270.0,207.0
292.0,102.0,270.0,208.0
290.0,104.0,268.0,210.0
286.0,99.0,266.0,213.0
277.0,101.0,267.0,212.0
279.0,101.0,266.0,210.0
272.0,102.0,263.0,214.0
278.0,99.0,260.0,213.0
274.0,104.0,257.0,216.0
279.0,104.0,254.0,219.0
281.0,105.0,254.0,220.0
284.0,108.0,253.0,222.0
290.0,106.0,253.0,222.0
290.0,112.0,256.0,219.0
297.0,112.0,253.0,221.0
299.0,116.0,256.0,218.0
304.0,114.0,257.0,218.0
304.0,122.0,259.0,214.0
310.0,121.0,257.0,214.0
309.0,127.0,258.0,212.0
312.0,125.0,257.0,213.0
310.0,130.0,258.0,209.0
312.0,127.0,258.0,208.0
311.0,128.0,258.0,207.0
306.0,131.0,257.0,206.0
306.0,131.0,258.0,204.0
296.0,133.0,260.0,204.0
295.0,130.0,257.0,207.0
289.0,130.0,257.0,207.0
285.0,127.0,254.0,211.0
282.0,123.0,254.0,214.0
274.0,116.0,255.0,214.0
257.0,115.0,255.0,213.0
256.0,118.0,257.0,211.0
248.0,115.0,257.0,211.0
239.0,115.0,255.0,213.0
227.0,117.0,255.0,214.0
223.0,114.0,253.0,215.0
214.0,119.0,254.0,214.0
212.0,122.0,254.0,213.0
208.0,127.0,255.0,211.0
207.0,129.0,253.0,213.0
201.0,133.0,253.0,214.0
195.0,139.0,254.0,212.0
191.0,141.0,256.0,212.0
190.0,146.0,256.0,211.0
185.0,151.0,256.0,211.0
180.0,154.0,255.0,212.0
175.0,158.0,256.0,211.0
169.0,155.0,253.0,213.0
162.0,158.0,254.0,213.0
153.0,154.0,253.0,214.0
144.0,159.0,253.0,214.0
141.0,153.0,254.0,214.0
130.0,154.0,254.0,214.0
121.0,153.0,254.0,214.0
110.0,153.0,257.0,212.0
99.0,154.0,256.0,211.0
90.0,154.0,253.0,213.0
81.0,153.0,250.0,215.0
70.0,154.0,251.0,213.0
63.0,150.0,248.0,215.0
58.0,150.0,245.0,216.0
50.0,150.0,244.0,216.0
46.0,151.0,244.0,215.0
43.0,147.0,244.0,214.0
32.0,144.0,245.0,213.0
30.0,147.0,246.0,210.0
27.0,148.0,247.0,208.0
17.0,146.0,249.0,206.0
18.0,146.0,246.0,207.0
20.0,145.0,243.0,207.0
15.0,145.0,243.0,206.0
17.0,141.0,240.0,207.0
17.0,147.0,240.0,206.0
19.0,149.0,240.0,205.0
11.0,151.0,241.0,203.0
12.0,151.0,243.0,201.0
13.0,153.0,244.0,200.0
14.0,151.0,242.0,201.0
13.0,155.0,239.0,202.0
12.0,152.0,239.0,201.0
14.0,153.0,241.0,200.0
19.0,151.0,238.0,201.0
19.0,155.0,235.0,202.0
22.0,153.0,233.0,203.0
29.0,154.0,232.0,202.0
21.0,159.0,234.0,199.0
22.0,159.0,233.0,199.0
27.0,159.0,230.0,201.0
29.0,165.0,233.0,199.0
30.0,164.0,230.0,199.0
31.0,164.0,229.0,199.0
35.0,168.0,227.0,200.0
36.0,168.0,227.0,199.0
40.0,169.0,226.0,199.0
38.0,169.0,225.0,198.0
