336.0,165.0,26.0,61.0
336.0,165.0,27.0,59.0
335.0,163.0,27.0,59.0
334.0,164.0,27.0,59.0
335.0,163.0,27.0,60.0
332.0,163.0,26.0,60.0
334.0,159.0,26.0,60.0
334.0,160.0,26.0,61.0
331.0,161.0,26.0,62.0
331.0,162.0,26.0,62.0
330.0,165.0,27.0,61.0
330.0,163.0,27.0,61.0
333.0,161.0,26.0,62.0
330.0,163.0,26.0,61.0
327.0,163.0,26.0,61.0
331.0,159.0,26.0,63.0
330.0,158.0,25.0,64.0
327.0,157.0,26.0,64.0
326.0,160.0,27.0,63.0
327.0,159.0,27.0,63.0
329.0,159.0,27.0,63.0
329.0,159.0,27.0,64.0
328.0,159.0,27.0,65.0
331.0,157.0,27.0,64.0
331.0,156.0,27.0,65.0
329.0,155.0,28.0,65.0
329.0,154.0,27.0,65.0
331.0,155.0,27.0,65.0
330.0,150.0,27.0,65.0
330.0,151.0,27.0,65.0
330.0,152.0,28.0,65.0
329.0,153.0,28.0,65.0
329.0,152.0,29.0,64.0
331.0,150.0,29.0,64.0
332.0,150.0,28.0,64.0
331.0,149.0,29.0,64.0
333.0,148.0,29.0,64.0
333.0,151.0,27.0,65.0
333.0,150.0,28.0,65.0
333.0,148.0,28.0,65.0
333.0,149.0,28.0,64.0
334.0,149.0,28.0,64.0
332.0,150.0,29.0,64.0
333.0,152.0,29.0,64.0
332.0,149.0,28.0,65.0
333.0,148.0,28.0,64.0
333.0,148.0,28.0,65.0
333.0,148.0,27.0,66.0
334.0,148.0,27.0,66.0
334.0,147.0,26.0,67.0
334.0,147.0,26.0,67.0
335.0,148.0,26.0,66.0
335.0,149.0,26.0,66.0
337.0,150.0,26.0,67.0
338.0,150.0,26.0,66.0
338.0,149.0,26.0,66.0
339.0,151.0,26.0,66.0
338.0,150.0,26.0,66.0
338.0,148.0,26.0,65.0
339.0,147.0,26.0,66.0
337.0,148.0,27.0,65.0
335.0,148.0,27.0,65.0
334.0,149.0,27.0,65.0
332.0,149.0,27.0,66.0
331.0,148.0,27.0,65.0
331.0,148.0,27.0,66.0
330.0,148.0,28.0,65.0
326.0,149.0,28.0,64.0
324.0,146.0,28.0,64.0
325.0,148.0,28.0,65.0
325.0,148.0,27.0,66.0
325.0,149.0,27.0,66.0
323.0,147.0,27.0,66.0
323.0,148.0,27.0,66.0
324.0,150.0,27.0,65.0
325.0,149.0,27.0,65.0
326.0,148.0,27.0,66.0
325.0,149.0,28.0,65.0
324.0,150.0,27.0,65.0
325.0,148.0,27.0,66.0
326.0,147.0,27.0,66.0
326.0,148.0,27.0,67.0
324.0,150.0,27.0,66.0
324.0,150.0,27.0,67.0
323.0,150.0,28.0,67.0
324.0,152.0,28.0,67.0
325.0,151.0,28.0,66.0
326.0,150.0,28.0,67.0
325.0,151.0,27.0,67.0
326.0,152.0,27.0,67.0
330.0,150.0,27.0,67.0
331.0,150.0,27.0,67.0
331.0,151.0,26.0,67.0
332.0,152.0,27.0,66.0
334.0,153.0,27.0,66.0
334.0,152.0,27.0,67.0
336.0,151.0,26.0,67.0
337.0,149.0,27.0,65.0
338.0,151.0,27.0,65.0
338.0,151.0,27.0,64.0
339.0,149.0,27.0,64.0
342.0,149.0,27.0,64.0
342.0,149.0,27.0,64.0
343.0,150.0,27.0,64.0
343.0,147.0,27.0,64.0
342.0,148.0,27.0,64.0
344.0,151.0,27.0,65.0
345.0,151.0,27.0,65.0
347.0,149.0,27.0,65.0
347.0,150.0,26.0,66.0
348.0,150.0,27.0,65.0
351.0,148.0,27.0,66.0
355.0,150.0,26.0,66.0
356.0,153.0,27.0,65.0
357.0,153.0,27.0,64.0
358.0,153.0,27.0,65.0
362.0,153.0,27.0,65.0
364.0,155.0,27.0,65.0
366.0,155.0,28.0,65.0
368.0,154.0,28.0,65.0
367.0,151.0,27.0,66.0
367.0,152.0,27.0,66.0
369.0,150.0,27.0,67.0
369.0,151.0,27.0,67.0
369.0,151.0,28.0,66.0
369.0,151.0,28.0,67.0
368.0,153.0,28.0,68.0
368.0,154.0,28.0,67.0
368.0,154.0,29.0,67.0
369.0,154.0,29.0,67.0
369.0,156.0,29.0,66.0
375.0,155.0,29.0,67.0
375.0,154.0,28.0,68.0
382.0,157.0,28.0,68.0
382.0,159.0,28.0,67.0
383.0,159.0,28.0,68.0
382.0,158.0,28.0,68.0
383.0,163.0,28.0,68.0
384.0,163.0,28.0,68.0
390.0,162.0,28.0,69.0
391.0,162.0,28.0,68.0
392.0,163.0,28.0,69.0
391.0,161.0,28.0,70.0
393.0,162.0,27.0,69.0
399.0,165.0,28.0,69.0
401.0,165.0,28.0,68.0
402.0,166.0,28.0,68.0
403.0,166.0,28.0,68.0
405.0,171.0,28.0,68.0
411.0,168.0,28.0,68.0
411.0,167.0,28.0,68.0
411.0,166.0,28.0,67.0
413.0,168.0,27.0,68.0
413.0,165.0,28.0,67.0
415.0,165.0,28.0,67.0
416.0,166.0,28.0,67.0
415.0,162.0,28.0,67.0
413.0,163.0,28.0,67.0
413.0,161.0,28.0,67.0
413.0,165.0,28.0,66.0
415.0,165.0,28.0,66.0
415.0,165.0,28.0,65.0
416.0,165.0,27.0,66.0
416.0,167.0,28.0,65.0
417.0,166.0,28.0,65.0
424.0,165.0,28.0,65.0
427.0,165.0,28.0,64.0
431.0,166.0,28.0,63.0
440.0,166.0,28.0,63.0
444.0,169.0,28.0,63.0
446.0,171.0,28.0,62.0
453.0,169.0,27.0,62.0
456.0,169.0,27.0,62.0
457.0,169.0,27.0,62.0
458.0,165.0,27.0,62.0
460.0,166.0,27.0,61.0
466.0,163.0,26.0,62.0
467.0,163.0,26.0,62.0
468.0,157.0,26.0,62.0
467.0,157.0,26.0,62.0
467.0,158.0,25.0,62.0
467.0,160.0,25.0,62.0
470.0,160.0,25.0,62.0
472.0,161.0,25.0,62.0
471.0,164.0,25.0,61.0
469.0,165.0,25.0,61.0
472.0,163.0,25.0,61.0
473.0,165.0,25.0,61.0
473.0,167.0,26.0,60.0
473.0,168.0,25.0,61.0
472.0,169.0,24.0,63.0
467.0,171.0,25.0,62.0
466.0,170.0,25.0,61.0
466.0,170.0,25.0,62.0
464.0,169.0,25.0,62.0
457.0,170.0,25.0,61.0
457.0,168.0,25.0,62.0
458.0,168.0,25.0,61.0
458.0,167.0,25.0,61.0
457.0,165.0,25.0,61.0
457.0,166.0,25.0,61.0
458.0,165.0,24.0,62.0
458.0,162.0,23.0,62.0
458.0,166.0,24.0,61.0
459.0,163.0,24.0,61.0
458.0,162.0,24.0,61.0
459.0,162.0,24.0,61.0
457.0,162.0,24.0,60.0
455.0,161.0,24.0,60.0
455.0,158.0,23.0,60.0
454.0,159.0,23.0,60.0
453.0,158.0,23.0,60.0
452.0,158.0,23.0,60.0
451.0,159.0,23.0,60.0
450.0,161.0,23.0,60.0
451.0,158.0,23.0,60.0
451.0,156.0,24.0,60.0
451.0,157.0,24.0,59.0
451.0,157.0,23.0,59.0
451.0,158.0,23.0,60.0
452.0,157.0,22.0,61.0
453.0,155.0,22.0,61.0
454.0,155.0,22.0,60.0
455.0,153.0,23.0,60.0
454.0,154.0,22.0,60.0
454.0,154.0,22.0,59.0
456.0,154.0,22.0,59.0
456.0,151.0,23.0,59.0
456.0,149.0,23.0,59.0
456.0,149.0,23.0,59.0
457.0,147.0,23.0,59.0
457.0,147.0,22.0,59.0
458.0,148.0,22.0,59.0
463.0,148.0,23.0,58.0
465.0,149.0,23.0,58.0
472.0,149.0,22.0,58.0
476.0,148.0,22.0,58.0
481.0,149.0,22.0,59.0
486.0,148.0,23.0,58.0
498.0,144.0,23.0,57.0
504.0,141.0,23.0,56.0
506.0,140.0,23.0,56.0
513.0,139.0,23.0,56.0
524.0,136.0,23.0,56.0
530.0,134.0,23.0,56.0
531.0,133.0,23.0,55.0
537.0,132.0,23.0,56.0
540.0,130.0,23.0,55.0
540.0,129.0,23.0,55.0
539.0,129.0,23.0,55.0
540.0,126.0,23.0,55.0
539.0,125.0,23.0,56.0
538.0,123.0,23.0,56.0
536.0,122.0,23.0,57.0
531.0,124.0,24.0,56.0
531.0,124.0,23.0,56.0
529.0,125.0,23.0,56.0
528.0,124.0,23.0,57.0
526.0,125.0,23.0,57.0
522.0,124.0,23.0,57.0
521.0,125.0,23.0,57.0
519.0,127.0,24.0,56.0
515.0,125.0,23.0,57.0
514.0,119.0,23.0,57.0
513.0,119.0,24.0,57.0
511.0,118.0,24.0,58.0
506.0,117.0,24.0,57.0
505.0,117.0,24.0,57.0
504.0,116.0,24.0,57.0
503.0,114.0,24.0,57.0
498.0,109.0,24.0,56.0
496.0,109.0,24.0,57.0
495.0,107.0,24.0,57.0
493.0,104.0,24.0,57.0
489.0,101.0,24.0,58.0
491.0,99.0,23.0,59.0
491.0,96.0,23.0,59.0
491.0,94.0,24.0,60.0
487.0,93.0,24.0,60.0
487.0,94.0,24.0,60.0
488.0,95.0,24.0,59.0
488.0,94.0,24.0,59.0
492.0,92.0,24.0,59.0
491.0,90.0,25.0,59.0
490.0,89.0,25.0,59.0
491.0,88.0,25.0,59.0
493.0,87.0,25.0,59.0
494.0,86.0,24.0,60.0
495.0,87.0,24.0,60.0
496.0,85.0,24.0,61.0
497.0,84.0,24.0,61.0
497.0,83.0,24.0,62.0
496.0,84.0,25.0,61.0
493.0,85.0,26.0,60.0
491.0,86.0,26.0,60.0
491.0,86.0,26.0,60.0
489.0,87.0,26.0,60.0
490.0,87.0,26.0,61.0
488.0,87.0,25.0,61.0
487.0,86.0,24.0,63.0
482.0,86.0,25.0,64.0
476.0,86.0,25.0,64.0
470.0,86.0,25.0,64.0
468.0,85.0,25.0,64.0
463.0,84.0,26.0,63.0
462.0,87.0,26.0,64.0
456.0,90.0,26.0,63.0
453.0,92.0,26.0,63.0
445.0,93.0,26.0,64.0
444.0,93.0,25.0,65.0
443.0,93.0,25.0,66.0
442.0,94.0,25.0,66.0
441.0,94.0,25.0,66.0
439.0,92.0,25.0,66.0
437.0,92.0,25.0,66.0
436.0,93.0,25.0,67.0
435.0,93.0,26.0,66.0
433.0,93.0,26.0,66.0
433.0,95.0,26.0,67.0
433.0,94.0,25.0,68.0
432.0,93.0,26.0,68.0
432.0,93.0,26.0,67.0
431.0,96.0,27.0,68.0
431.0,94.0,26.0,68.0
431.0,95.0,26.0,69.0
430.0,93.0,26.0,68.0
429.0,92.0,26.0,68.0
427.0,90.0,26.0,69.0
426.0,90.0,27.0,69.0
424.0,91.0,27.0,68.0
423.0,90.0,27.0,69.0
416.0,89.0,27.0,68.0
414.0,88.0,27.0,69.0
413.0,87.0,27.0,70.0
411.0,88.0,28.0,68.0
409.0,88.0,29.0,67.0
408.0,87.0,29.0,67.0
407.0,86.0,30.0,67.0
405.0,85.0,30.0,67.0
404.0,86.0,30.0,66.0
400.0,88.0,29.0,67.0
395.0,89.0,29.0,67.0
394.0,88.0,28.0,68.0
392.0,88.0,29.0,67.0
386.0,88.0,29.0,67.0
380.0,88.0,28.0,67.0
379.0,88.0,28.0,67.0
377.0,87.0,28.0,68.0
376.0,88.0,28.0,68.0
375.0,88.0,28.0,67.0
