143.0,125.0,30.0,54.0
144.0,124.0,29.0,54.0
144.0,125.0,29.0,54.0
143.0,125.0,29.0,54.0
145.0,124.0,29.0,55.0
143.0,125.0,29.0,55.0
143.0,126.0,30.0,54.0
143.0,126.0,30.0,54.0
144.0,126.0,30.0,54.0
143.0,127.0,30.0,54.0
143.0,126.0,30.0,54.0
143.0,127.0,30.0,54.0
144.0,126.0,30.0,53.0
144.0,127.0,30.0,53.0
144.0,126.0,30.0,53.0
143.0,126.0,30.0,53.0
143.0,124.0,30.0,54.0
143.0,125.0,30.0,54.0
142.0,125.0,29.0,54.0
144.0,126.0,30.0,54.0
144.0,127.0,29.0,55.0
144.0,127.0,30.0,55.0
145.0,126.0,30.0,55.0
143.0,128.0,30.0,56.0
145.0,126.0,30.0,57.0
144.0,127.0,30.0,58.0
143.0,128.0,30.0,58.0
143.0,127.0,31.0,58.0
143.0,127.0,31.0,59.0
145.0,128.0,31.0,60.0
146.0,128.0,31.0,61.0
146.0,130.0,32.0,61.0
145.0,129.0,32.0,61.0
145.0,129.0,32.0,62.0
146.0,128.0,33.0,63.0
143.0,129.0,33.0,63.0
143.0,128.0,34.0,63.0
142.0,129.0,35.0,63.0
141.0,129.0,35.0,64.0
138.0,130.0,35.0,64.0
137.0,130.0,35.0,65.0
135.0,129.0,35.0,65.0
133.0,129.0,36.0,66.0
132.0,127.0,36.0,66.0
130.0,125.0,36.0,66.0
129.0,122.0,35.0,67.0
131.0,120.0,35.0,67.0
134.0,120.0,35.0,67.0
137.0,120.0,35.0,66.0
141.0,119.0,35.0,66.0
143.0,120.0,36.0,66.0
146.0,121.0,36.0,65.0
150.0,123.0,36.0,64.0
150.0,125.0,36.0,66.0
147.0,125.0,35.0,66.0
144.0,125.0,36.0,65.0
145.0,124.0,35.0,66.0
143.0,126.0,35.0,66.0
141.0,128.0,35.0,66.0
140.0,132.0,35.0,66.0
138.0,133.0,36.0,66.0
138.0,134.0,36.0,66.0
140.0,134.0,36.0,66.0
141.0,134.0,36.0,67.0
142.0,133.0,36.0,67.0
140.0,130.0,36.0,68.0
139.0,128.0,36.0,68.0
138.0,127.0,37.0,68.0
137.0,126.0,38.0,69.0
137.0,123.0,37.0,70.0
138.0,116.0,37.0,72.0
138.0,108.0,37.0,72.0
140.0,98.0,38.0,72.0
140.0,93.0,38.0,73.0
141.0,87.0,39.0,73.0
136.0,80.0,39.0,73.0
131.0,79.0,39.0,74.0
124.0,85.0,40.0,73.0
111.0,97.0,41.0,73.0
105.0,107.0,40.0,74.0
99.0,120.0,40.0,76.0
99.0,134.0,40.0,77.0
101.0,146.0,40.0,77.0
111.0,157.0,41.0,76.0
123.0,165.0,41.0,76.0
135.0,171.0,41.0,75.0
146.0,173.0,41.0,74.0
153.0,172.0,41.0,74.0
160.0,172.0,42.0,73.0
163.0,166.0,41.0,75.0
163.0,159.0,41.0,76.0
161.0,152.0,41.0,76.0
158.0,140.0,41.0,77.0
154.0,130.0,42.0,76.0
149.0,124.0,41.0,77.0
143.0,114.0,41.0,77.0
134.0,108.0,41.0,77.0
126.0,108.0,41.0,76.0
118.0,115.0,42.0,74.0
114.0,118.0,42.0,74.0
110.0,122.0,41.0,75.0
111.0,124.0,42.0,74.0
113.0,126.0,42.0,74.0
123.0,125.0,41.0,74.0
129.0,124.0,41.0,74.0
134.0,124.0,41.0,73.0
138.0,120.0,41.0,73.0
142.0,118.0,40.0,73.0
147.0,117.0,40.0,74.0
149.0,114.0,39.0,74.0
151.0,110.0,39.0,74.0
149.0,109.0,39.0,74.0
147.0,105.0,39.0,74.0
147.0,102.0,40.0,74.0
142.0,101.0,39.0,74.0
136.0,105.0,40.0,74.0
132.0,107.0,40.0,73.0
131.0,110.0,40.0,73.0
132.0,115.0,40.0,73.0
132.0,118.0,40.0,72.0
131.0,122.0,41.0,71.0
133.0,123.0,41.0,70.0
134.0,119.0,42.0,70.0
132.0,119.0,42.0,69.0
134.0,118.0,41.0,70.0
135.0,114.0,40.0,71.0
133.0,114.0,40.0,70.0
133.0,112.0,41.0,69.0
130.0,106.0,40.0,69.0
136.0,107.0,40.0,69.0
135.0,106.0,40.0,69.0
132.0,106.0,38.0,70.0
134.0,106.0,39.0,70.0
135.0,104.0,39.0,69.0
135.0,104.0,39.0,69.0
131.0,103.0,39.0,69.0
133.0,102.0,40.0,68.0
133.0,102.0,40.0,68.0
132.0,102.0,41.0,68.0
132.0,101.0,41.0,69.0
132.0,99.0,41.0,70.0
131.0,97.0,41.0,71.0
132.0,95.0,41.0,72.0
134.0,95.0,41.0,73.0
134.0,94.0,42.0,73.0
134.0,91.0,42.0,74.0
135.0,89.0,43.0,76.0
135.0,84.0,43.0,77.0
137.0,75.0,43.0,79.0
137.0,74.0,44.0,78.0
139.0,73.0,46.0,78.0
141.0,70.0,47.0,78.0
142.0,70.0,47.0,78.0
144.0,70.0,47.0,80.0
120.0,77.0,48.0,79.0
120.0,80.0,47.0,80.0
121.0,85.0,47.0,80.0
113.0,90.0,48.0,78.0
115.0,88.0,47.0,80.0
118.0,89.0,48.0,78.0
121.0,90.0,48.0,78.0
125.0,90.0,48.0,78.0
127.0,88.0,47.0,78.0
130.0,84.0,47.0,79.0
132.0,88.0,46.0,79.0
132.0,90.0,46.0,80.0
133.0,94.0,48.0,78.0
130.0,97.0,47.0,79.0
132.0,104.0,46.0,80.0
134.0,102.0,46.0,80.0
129.0,109.0,45.0,80.0
130.0,109.0,45.0,80.0
126.0,113.0,46.0,79.0
127.0,113.0,46.0,79.0
127.0,111.0,45.0,80.0
128.0,111.0,44.0,80.0
127.0,112.0,44.0,80.0
127.0,122.0,44.0,81.0
129.0,123.0,45.0,79.0
131.0,123.0,45.0,78.0
136.0,124.0,45.0,78.0
139.0,121.0,45.0,78.0
143.0,120.0,45.0,79.0
145.0,121.0,44.0,78.0
146.0,120.0,46.0,77.0
142.0,121.0,46.0,77.0
145.0,121.0,46.0,76.0
147.0,120.0,46.0,76.0
149.0,119.0,45.0,77.0
150.0,118.0,45.0,77.0
152.0,116.0,44.0,78.0
154.0,117.0,44.0,77.0
155.0,119.0,45.0,77.0
159.0,118.0,45.0,76.0
163.0,119.0,44.0,77.0
168.0,119.0,44.0,76.0
172.0,119.0,44.0,76.0
179.0,117.0,44.0,76.0
182.0,119.0,44.0,75.0
187.0,121.0,44.0,75.0
193.0,128.0,44.0,74.0
197.0,130.0,44.0,74.0
199.0,130.0,45.0,74.0
200.0,130.0,45.0,74.0
200.0,130.0,44.0,75.0
201.0,129.0,43.0,75.0
202.0,129.0,43.0,75.0
205.0,128.0,43.0,75.0
205.0,125.0,42.0,77.0
205.0,128.0,41.0,79.0
205.0,116.0,41.0,80.0
198.0,105.0,40.0,81.0
191.0,94.0,40.0,83.0
193.0,89.0,41.0,84.0
193.0,84.0,41.0,84.0
178.0,69.0,40.0,85.0
172.0,61.0,42.0,84.0
171.0,62.0,43.0,83.0
162.0,65.0,46.0,81.0
173.0,49.0,47.0,79.0
175.0,36.0,46.0,79.0
162.0,44.0,46.0,79.0
147.0,43.0,46.0,78.0
125.0,42.0,46.0,78.0
104.0,42.0,45.0,79.0
90.0,47.0,44.0,79.0
81.0,46.0,46.0,77.0
68.0,47.0,46.0,77.0
61.0,50.0,46.0,77.0
60.0,51.0,45.0,78.0
59.0,56.0,45.0,79.0
60.0,60.0,44.0,80.0
66.0,70.0,43.0,81.0
66.0,78.0,43.0,80.0
72.0,84.0,44.0,80.0
73.0,89.0,44.0,79.0
75.0,92.0,46.0,77.0
78.0,98.0,46.0,76.0
81.0,95.0,47.0,76.0
83.0,95.0,47.0,76.0
87.0,96.0,48.0,75.0
96.0,97.0,47.0,75.0
99.0,104.0,46.0,76.0
103.0,107.0,46.0,76.0
107.0,110.0,46.0,76.0
110.0,113.0,45.0,76.0
116.0,113.0,45.0,76.0
118.0,111.0,45.0,76.0
119.0,109.0,44.0,76.0
119.0,109.0,44.0,76.0
121.0,107.0,43.0,76.0
123.0,106.0,43.0,76.0
123.0,105.0,43.0,76.0
123.0,102.0,43.0,76.0
117.0,106.0,44.0,74.0
117.0,104.0,44.0,74.0
110.0,105.0,47.0,70.0
110.0,103.0,48.0,68.0
105.0,101.0,49.0,67.0
106.0,100.0,49.0,67.0
107.0,99.0,49.0,67.0
109.0,99.0,49.0,67.0
111.0,97.0,49.0,67.0
112.0,96.0,49.0,67.0
114.0,95.0,49.0,67.0
116.0,95.0,49.0,67.0
118.0,94.0,48.0,68.0
119.0,94.0,47.0,69.0
121.0,93.0,45.0,71.0
122.0,93.0,45.0,72.0
117.0,95.0,45.0,72.0
117.0,95.0,45.0,72.0
119.0,94.0,45.0,72.0
121.0,91.0,45.0,71.0
122.0,91.0,45.0,71.0
117.0,92.0,45.0,72.0
119.0,92.0,45.0,72.0
115.0,91.0,44.0,73.0
116.0,91.0,44.0,73.0
112.0,91.0,43.0,74.0
113.0,93.0,43.0,74.0
109.0,97.0,43.0,75.0
111.0,101.0,43.0,75.0
113.0,105.0,44.0,74.0
115.0,110.0,45.0,73.0
117.0,114.0,47.0,71.0
118.0,121.0,47.0,71.0
120.0,124.0,46.0,71.0
122.0,127.0,45.0,72.0
123.0,128.0,44.0,71.0
126.0,130.0,45.0,70.0
128.0,129.0,44.0,71.0
129.0,125.0,43.0,71.0
129.0,121.0,43.0,71.0
128.0,120.0,43.0,70.0
128.0,121.0,43.0,70.0
122.0,126.0,43.0,69.0
123.0,124.0,42.0,70.0
124.0,124.0,42.0,70.0
120.0,127.0,42.0,69.0
121.0,128.0,41.0,70.0
122.0,128.0,41.0,70.0
123.0,129.0,40.0,70.0
123.0,131.0,40.0,69.0
124.0,135.0,40.0,69.0
125.0,139.0,40.0,69.0
127.0,139.0,40.0,68.0
124.0,139.0,40.0,68.0
126.0,142.0,40.0,68.0
127.0,136.0,40.0,67.0
128.0,138.0,40.0,67.0
124.0,141.0,40.0,66.0
127.0,137.0,40.0,66.0
130.0,137.0,40.0,66.0
133.0,139.0,40.0,65.0
135.0,141.0,40.0,64.0
138.0,143.0,40.0,64.0
140.0,145.0,40.0,63.0
142.0,147.0,40.0,63.0
145.0,147.0,40.0,63.0
147.0,150.0,40.0,62.0
147.0,151.0,41.0,61.0
148.0,156.0,41.0,62.0
150.0,154.0,41.0,62.0
151.0,151.0,40.0,62.0
153.0,149.0,41.0,62.0
153.0,149.0,41.0,61.0
153.0,149.0,41.0,61.0
153.0,149.0,41.0,61.0
168.0,156.0,40.0,62.0
170.0,169.0,39.0,63.0
172.0,174.0,39.0,63.0
173.0,175.0,39.0,63.0
175.0,174.0,39.0,64.0
189.0,173.0,39.0,64.0
189.0,172.0,40.0,63.0
189.0,177.0,40.0,63.0
188.0,176.0,41.0,62.0
177.0,175.0,40.0,64.0
178.0,176.0,39.0,64.0
178.0,175.0,39.0,65.0
179.0,175.0,38.0,65.0
181.0,175.0,39.0,65.0
182.0,174.0,39.0,65.0
182.0,173.0,39.0,66.0
181.0,172.0,40.0,65.0
181.0,157.0,38.0,68.0
176.0,150.0,39.0,68.0
177.0,150.0,38.0,70.0
176.0,143.0,37.0,71.0
174.0,143.0,37.0,73.0
174.0,142.0,37.0,74.0
173.0,141.0,37.0,75.0
173.0,140.0,37.0,76.0
172.0,140.0,38.0,76.0
172.0,140.0,39.0,77.0
171.0,139.0,39.0,77.0
171.0,139.0,39.0,78.0
170.0,140.0,40.0,78.0
170.0,140.0,41.0,78.0
168.0,135.0,42.0,77.0
168.0,137.0,43.0,76.0
168.0,138.0,44.0,75.0
169.0,139.0,45.0,75.0
175.0,132.0,44.0,76.0
176.0,124.0,43.0,77.0
182.0,124.0,42.0,79.0
182.0,130.0,41.0,80.0
182.0,129.0,40.0,81.0
181.0,137.0,40.0,80.0
188.0,138.0,40.0,81.0
188.0,138.0,39.0,81.0
167.0,162.0,39.0,82.0
169.0,165.0,38.0,83.0
171.0,165.0,38.0,83.0
173.0,164.0,38.0,83.0
175.0,168.0,38.0,83.0
178.0,171.0,37.0,84.0
180.0,170.0,38.0,83.0
183.0,169.0,38.0,82.0
185.0,171.0,39.0,82.0
136.0,136.0,39.0,82.0
135.0,134.0,41.0,81.0
134.0,127.0,42.0,80.0
132.0,126.0,43.0,78.0
127.0,126.0,43.0,77.0
124.0,125.0,43.0,76.0
120.0,130.0,43.0,76.0
118.0,129.0,44.0,74.0
117.0,131.0,43.0,74.0
115.0,134.0,44.0,73.0
113.0,135.0,43.0,73.0
112.0,136.0,43.0,73.0
113.0,141.0,43.0,72.0
121.0,142.0,42.0,72.0
125.0,148.0,43.0,71.0
134.0,145.0,42.0,72.0
138.0,146.0,42.0,71.0
143.0,144.0,42.0,71.0
146.0,137.0,42.0,72.0
149.0,128.0,43.0,73.0
147.0,121.0,43.0,73.0
146.0,118.0,43.0,74.0
144.0,114.0,43.0,75.0
141.0,109.0,42.0,76.0
140.0,107.0,42.0,76.0
132.0,107.0,42.0,76.0
125.0,114.0,43.0,75.0
117.0,114.0,44.0,73.0
115.0,115.0,43.0,73.0
114.0,115.0,43.0,73.0
113.0,118.0,43.0,71.0
113.0,118.0,43.0,71.0
114.0,120.0,42.0,70.0
121.0,120.0,42.0,70.0
125.0,118.0,41.0,71.0
130.0,117.0,41.0,70.0
138.0,114.0,41.0,70.0
149.0,112.0,41.0,70.0
154.0,110.0,40.0,71.0
164.0,103.0,40.0,71.0
168.0,102.0,40.0,71.0
174.0,97.0,40.0,71.0
175.0,94.0,40.0,71.0
176.0,87.0,41.0,71.0
180.0,88.0,41.0,71.0
186.0,89.0,41.0,70.0
185.0,91.0,41.0,70.0
187.0,91.0,41.0,71.0
187.0,93.0,41.0,72.0
185.0,95.0,41.0,72.0
178.0,99.0,41.0,72.0
178.0,101.0,40.0,73.0
178.0,103.0,40.0,75.0
178.0,106.0,40.0,75.0
178.0,108.0,40.0,75.0
176.0,102.0,40.0,75.0
175.0,101.0,40.0,75.0
173.0,100.0,40.0,76.0
172.0,100.0,40.0,76.0
169.0,96.0,41.0,75.0
163.0,97.0,42.0,74.0
151.0,103.0,42.0,74.0
144.0,107.0,42.0,74.0
140.0,113.0,42.0,74.0
139.0,112.0,42.0,74.0
139.0,114.0,42.0,74.0
141.0,114.0,41.0,74.0
142.0,117.0,41.0,74.0
143.0,118.0,42.0,73.0
147.0,125.0,42.0,73.0
150.0,123.0,41.0,73.0
150.0,120.0,42.0,73.0
150.0,118.0,42.0,73.0
149.0,115.0,42.0,74.0
146.0,114.0,41.0,74.0
142.0,113.0,41.0,75.0
143.0,109.0,41.0,76.0
144.0,106.0,41.0,76.0
144.0,105.0,41.0,77.0
145.0,103.0,40.0,78.0
144.0,104.0,40.0,80.0
143.0,105.0,40.0,80.0
144.0,114.0,40.0,81.0
144.0,117.0,41.0,80.0
146.0,120.0,41.0,81.0
148.0,122.0,41.0,81.0
149.0,123.0,42.0,80.0
150.0,123.0,42.0,80.0
152.0,125.0,43.0,79.0
154.0,128.0,43.0,78.0
154.0,128.0,43.0,78.0
