298.0,160.0,48.0,80.0
297.0,162.0,48.0,80.0
297.0,166.0,49.0,78.0
298.0,168.0,49.0,78.0
300.0,172.0,49.0,78.0
301.0,177.0,49.0,78.0
304.0,180.0,48.0,79.0
308.0,181.0,48.0,80.0
310.0,182.0,48.0,81.0
312.0,184.0,49.0,81.0
313.0,185.0,49.0,81.0
313.0,183.0,49.0,82.0
313.0,184.0,50.0,83.0
312.0,182.0,50.0,83.0
308.0,186.0,50.0,82.0
309.0,183.0,50.0,83.0
305.0,184.0,50.0,85.0
304.0,185.0,51.0,86.0
301.0,186.0,52.0,85.0
299.0,187.0,53.0,85.0
297.0,185.0,53.0,86.0
294.0,183.0,53.0,86.0
291.0,183.0,53.0,87.0
287.0,182.0,53.0,87.0
283.0,183.0,54.0,87.0
282.0,183.0,55.0,88.0
286.0,187.0,55.0,88.0
290.0,189.0,55.0,88.0
295.0,189.0,56.0,90.0
305.0,192.0,56.0,90.0
312.0,198.0,57.0,91.0
316.0,203.0,58.0,91.0
319.0,206.0,58.0,92.0
329.0,214.0,59.0,92.0
331.0,216.0,59.0,93.0
328.0,226.0,60.0,93.0
323.0,225.0,60.0,94.0
311.0,230.0,60.0,95.0
299.0,225.0,60.0,95.0
290.0,227.0,60.0,96.0
274.0,226.0,62.0,95.0
268.0,225.0,62.0,96.0
253.0,216.0,61.0,98.0
240.0,210.0,61.0,99.0
233.0,201.0,62.0,99.0
230.0,191.0,62.0,100.0
229.0,182.0,63.0,100.0
232.0,175.0,63.0,101.0
239.0,170.0,63.0,101.0
254.0,168.0,64.0,100.0
268.0,162.0,64.0,100.0
281.0,165.0,64.0,100.0
291.0,171.0,64.0,101.0
303.0,173.0,65.0,100.0
314.0,169.0,64.0,101.0
326.0,164.0,64.0,102.0
339.0,163.0,65.0,102.0
352.0,164.0,66.0,101.0
366.0,168.0,66.0,101.0
379.0,171.0,67.0,101.0
392.0,173.0,68.0,100.0
405.0,183.0,68.0,102.0
408.0,190.0,69.0,102.0
409.0,191.0,69.0,102.0
411.0,200.0,70.0,103.0
407.0,201.0,69.0,105.0
396.0,202.0,68.0,107.0
381.0,200.0,67.0,107.0
364.0,202.0,68.0,106.0
347.0,202.0,69.0,106.0
338.0,202.0,69.0,107.0
320.0,203.0,70.0,107.0
307.0,204.0,70.0,108.0
301.0,199.0,70.0,109.0
295.0,195.0,69.0,109.0
288.0,194.0,69.0,110.0
283.0,193.0,69.0,111.0
275.0,184.0,69.0,110.0
270.0,181.0,69.0,110.0
266.0,177.0,70.0,110.0
262.0,174.0,70.0,110.0
261.0,170.0,71.0,110.0
258.0,171.0,69.0,111.0
255.0,171.0,69.0,110.0
253.0,172.0,69.0,110.0
250.0,172.0,69.0,109.0
250.0,170.0,69.0,109.0
249.0,164.0,68.0,108.0
248.0,168.0,69.0,107.0
246.0,168.0,70.0,106.0
239.0,167.0,71.0,104.0
238.0,166.0,73.0,103.0
237.0,163.0,73.0,102.0
234.0,164.0,74.0,101.0
233.0,162.0,75.0,99.0
232.0,162.0,75.0,98.0
233.0,161.0,74.0,99.0
232.0,163.0,74.0,98.0
233.0,163.0,74.0,97.0
233.0,164.0,73.0,97.0
234.0,162.0,72.0,98.0
232.0,164.0,72.0,98.0
235.0,165.0,72.0,97.0
233.0,164.0,71.0,98.0
232.0,166.0,71.0,98.0
236.0,163.0,71.0,97.0
233.0,163.0,71.0,97.0
235.0,163.0,71.0,97.0
236.0,164.0,70.0,98.0
237.0,165.0,70.0,98.0
238.0,165.0,70.0,98.0
244.0,163.0,68.0,99.0
248.0,164.0,67.0,100.0
252.0,165.0,67.0,100.0
255.0,166.0,66.0,101.0
256.0,165.0,65.0,103.0
258.0,163.0,64.0,103.0
260.0,160.0,65.0,104.0
260.0,158.0,65.0,105.0
261.0,158.0,65.0,106.0
262.0,158.0,65.0,106.0
263.0,156.0,66.0,107.0
264.0,154.0,67.0,107.0
265.0,152.0,67.0,108.0
265.0,152.0,68.0,107.0
265.0,150.0,69.0,107.0
265.0,148.0,69.0,108.0
264.0,146.0,69.0,108.0
264.0,142.0,68.0,109.0
263.0,138.0,68.0,109.0
264.0,132.0,67.0,110.0
264.0,128.0,66.0,110.0
263.0,124.0,65.0,110.0
265.0,121.0,64.0,111.0
265.0,118.0,63.0,111.0
268.0,115.0,62.0,111.0
269.0,114.0,61.0,112.0
272.0,113.0,61.0,112.0
273.0,114.0,61.0,111.0
274.0,114.0,61.0,110.0
276.0,114.0,60.0,111.0
281.0,114.0,60.0,110.0
279.0,115.0,60.0,111.0
277.0,115.0,59.0,111.0
276.0,116.0,60.0,110.0
272.0,116.0,60.0,110.0
271.0,118.0,60.0,109.0
267.0,121.0,60.0,108.0
265.0,123.0,60.0,108.0
263.0,125.0,60.0,107.0
262.0,128.0,61.0,106.0
260.0,131.0,61.0,105.0
259.0,136.0,61.0,104.0
258.0,139.0,60.0,104.0
256.0,142.0,60.0,103.0
255.0,145.0,61.0,102.0
258.0,148.0,60.0,103.0
261.0,152.0,61.0,102.0
264.0,155.0,60.0,102.0
271.0,163.0,61.0,102.0
278.0,170.0,61.0,103.0
284.0,174.0,61.0,103.0
295.0,187.0,60.0,105.0
304.0,191.0,60.0,105.0
313.0,196.0,60.0,104.0
323.0,197.0,62.0,103.0
333.0,196.0,64.0,102.0
342.0,192.0,66.0,100.0
347.0,182.0,66.0,100.0
350.0,173.0,67.0,100.0
350.0,162.0,68.0,99.0
347.0,150.0,67.0,99.0
340.0,140.0,67.0,99.0
324.0,133.0,67.0,99.0
308.0,128.0,65.0,100.0
293.0,125.0,64.0,102.0
277.0,133.0,65.0,101.0
265.0,143.0,65.0,101.0
259.0,154.0,64.0,103.0
251.0,168.0,65.0,103.0
247.0,183.0,64.0,104.0
245.0,196.0,64.0,105.0
247.0,205.0,64.0,105.0
256.0,215.0,64.0,106.0
267.0,219.0,63.0,107.0
274.0,223.0,65.0,105.0
286.0,232.0,63.0,107.0
297.0,239.0,61.0,110.0
299.0,238.0,61.0,110.0
308.0,238.0,63.0,110.0
317.0,237.0,65.0,110.0
341.0,215.0,65.0,111.0
350.0,205.0,66.0,111.0
354.0,202.0,66.0,110.0
347.0,193.0,67.0,109.0
340.0,188.0,68.0,108.0
330.0,185.0,68.0,108.0
315.0,182.0,66.0,111.0
307.0,179.0,64.0,114.0
296.0,170.0,63.0,115.0
285.0,167.0,63.0,115.0
268.0,159.0,65.0,111.0
257.0,157.0,66.0,110.0
243.0,157.0,67.0,108.0
235.0,157.0,68.0,107.0
225.0,157.0,68.0,107.0
217.0,158.0,67.0,106.0
209.0,162.0,67.0,106.0
208.0,159.0,67.0,106.0
199.0,163.0,67.0,106.0
199.0,164.0,68.0,105.0
199.0,167.0,68.0,105.0
202.0,170.0,68.0,105.0
206.0,175.0,68.0,105.0
221.0,182.0,68.0,106.0
233.0,189.0,67.0,107.0
247.0,193.0,64.0,110.0
262.0,193.0,64.0,111.0
281.0,197.0,64.0,111.0
292.0,200.0,64.0,112.0
296.0,192.0,65.0,113.0
300.0,195.0,65.0,113.0
302.0,193.0,65.0,114.0
301.0,182.0,64.0,116.0
297.0,172.0,63.0,118.0
291.0,165.0,63.0,118.0
285.0,160.0,64.0,117.0
279.0,162.0,67.0,115.0
273.0,163.0,68.0,114.0
269.0,162.0,69.0,114.0
268.0,161.0,70.0,114.0
268.0,164.0,70.0,115.0
271.0,163.0,71.0,115.0
276.0,165.0,70.0,115.0
282.0,164.0,70.0,116.0
291.0,163.0,69.0,118.0
295.0,162.0,70.0,118.0
299.0,159.0,69.0,120.0
302.0,153.0,68.0,120.0
303.0,145.0,69.0,120.0
304.0,142.0,69.0,119.0
304.0,130.0,71.0,117.0
304.0,126.0,71.0,116.0
304.0,124.0,70.0,116.0
306.0,123.0,71.0,115.0
306.0,129.0,70.0,115.0
307.0,138.0,70.0,115.0
308.0,141.0,69.0,116.0
307.0,150.0,70.0,116.0
308.0,169.0,66.0,120.0
303.0,184.0,66.0,121.0
301.0,190.0,66.0,122.0
300.0,197.0,67.0,121.0
298.0,222.0,65.0,124.0
296.0,231.0,66.0,123.0
296.0,240.0,68.0,121.0
294.0,240.0,69.0,120.0
292.0,242.0,70.0,119.0
292.0,243.0,71.0,118.0
292.0,244.0,70.0,119.0
291.0,245.0,70.0,119.0
291.0,247.0,71.0,118.0
290.0,247.0,71.0,119.0
289.0,246.0,70.0,120.0
288.0,244.0,70.0,121.0
287.0,243.0,70.0,122.0
283.0,241.0,70.0,123.0
278.0,235.0,72.0,125.0
276.0,228.0,72.0,126.0
275.0,211.0,72.0,126.0
285.0,200.0,73.0,126.0
293.0,200.0,73.0,129.0
300.0,193.0,73.0,129.0
309.0,189.0,75.0,130.0
324.0,178.0,76.0,130.0
341.0,175.0,76.0,129.0
358.0,172.0,75.0,130.0
374.0,170.0,74.0,131.0
379.0,167.0,74.0,131.0
378.0,161.0,75.0,129.0
374.0,152.0,73.0,131.0
360.0,142.0,73.0,130.0
350.0,131.0,72.0,130.0
339.0,121.0,73.0,128.0
320.0,114.0,73.0,126.0
305.0,108.0,73.0,125.0
290.0,108.0,74.0,123.0
280.0,100.0,74.0,123.0
264.0,101.0,73.0,123.0
249.0,104.0,74.0,122.0
236.0,109.0,74.0,121.0
