144.0,63.0,57.0,89.0
146.0,64.0,57.0,89.0
145.0,61.0,56.0,89.0
145.0,63.0,57.0,89.0
146.0,63.0,57.0,89.0
145.0,61.0,57.0,89.0
146.0,63.0,57.0,89.0
145.0,62.0,57.0,89.0
146.0,62.0,57.0,89.0
145.0,61.0,57.0,89.0
146.0,63.0,57.0,89.0
146.0,62.0,57.0,89.0
144.0,62.0,58.0,89.0
145.0,63.0,57.0,90.0
146.0,62.0,58.0,90.0
144.0,61.0,58.0,89.0
145.0,62.0,58.0,89.0
145.0,62.0,58.0,89.0
145.0,62.0,58.0,90.0
144.0,61.0,58.0,90.0
146.0,63.0,58.0,89.0
144.0,61.0,58.0,90.0
145.0,62.0,58.0,90.0
145.0,62.0,58.0,90.0
145.0,60.0,58.0,90.0
146.0,62.0,57.0,90.0
144.0,60.0,57.0,90.0
146.0,62.0,58.0,89.0
145.0,60.0,57.0,89.0
146.0,62.0,57.0,90.0
145.0,62.0,58.0,90.0
145.0,62.0,58.0,90.0
146.0,60.0,57.0,91.0
147.0,61.0,57.0,91.0
145.0,61.0,58.0,90.0
145.0,62.0,57.0,90.0
145.0,61.0,58.0,90.0
144.0,62.0,59.0,90.0
145.0,63.0,59.0,91.0
144.0,61.0,59.0,91.0
143.0,61.0,59.0,92.0
144.0,60.0,59.0,92.0
145.0,60.0,60.0,91.0
145.0,58.0,59.0,92.0
144.0,58.0,59.0,92.0
143.0,58.0,59.0,92.0
144.0,58.0,60.0,91.0
143.0,57.0,60.0,91.0
144.0,57.0,60.0,91.0
145.0,55.0,59.0,91.0
144.0,56.0,60.0,91.0
145.0,58.0,60.0,91.0
144.0,63.0,61.0,92.0
145.0,60.0,59.0,94.0
144.0,60.0,60.0,94.0
144.0,59.0,62.0,94.0
143.0,58.0,62.0,95.0
143.0,58.0,63.0,96.0
143.0,57.0,64.0,97.0
143.0,57.0,64.0,98.0
143.0,56.0,65.0,99.0
141.0,55.0,65.0,100.0
141.0,55.0,66.0,100.0
141.0,55.0,67.0,100.0
140.0,54.0,67.0,101.0
140.0,54.0,67.0,101.0
139.0,54.0,67.0,101.0
138.0,54.0,67.0,101.0
138.0,60.0,67.0,101.0
137.0,57.0,66.0,102.0
138.0,56.0,66.0,101.0
139.0,55.0,65.0,101.0
139.0,55.0,65.0,101.0
138.0,56.0,65.0,100.0
138.0,57.0,64.0,100.0
139.0,56.0,64.0,100.0
140.0,57.0,63.0,100.0
140.0,57.0,64.0,99.0
141.0,57.0,63.0,98.0
141.0,58.0,63.0,98.0
141.0,58.0,62.0,98.0
141.0,57.0,62.0,98.0
141.0,58.0,62.0,97.0
141.0,57.0,62.0,97.0
142.0,57.0,62.0,97.0
142.0,58.0,61.0,97.0
143.0,58.0,61.0,96.0
143.0,58.0,61.0,96.0
143.0,57.0,61.0,97.0
143.0,58.0,61.0,97.0
143.0,58.0,61.0,97.0
143.0,58.0,61.0,97.0
144.0,58.0,61.0,97.0
145.0,57.0,61.0,97.0
144.0,58.0,60.0,98.0
144.0,56.0,60.0,98.0
145.0,58.0,61.0,98.0
144.0,56.0,61.0,99.0
145.0,57.0,61.0,99.0
144.0,56.0,61.0,99.0
145.0,57.0,62.0,99.0
144.0,57.0,63.0,99.0
146.0,55.0,62.0,100.0
144.0,57.0,63.0,99.0
144.0,57.0,64.0,99.0
144.0,56.0,63.0,100.0
143.0,56.0,63.0,100.0
144.0,56.0,63.0,100.0
143.0,56.0,64.0,100.0
144.0,55.0,63.0,100.0
144.0,56.0,63.0,100.0
144.0,55.0,63.0,100.0
143.0,56.0,64.0,100.0
144.0,55.0,64.0,101.0
145.0,56.0,65.0,100.0
145.0,55.0,64.0,100.0
144.0,55.0,65.0,101.0
144.0,55.0,66.0,100.0
142.0,56.0,67.0,100.0
143.0,55.0,67.0,101.0
142.0,55.0,67.0,101.0
141.0,55.0,67.0,101.0
140.0,56.0,68.0,101.0
139.0,56.0,68.0,101.0
137.0,57.0,69.0,101.0
136.0,56.0,69.0,103.0
135.0,57.0,68.0,104.0
135.0,57.0,67.0,106.0
133.0,58.0,68.0,106.0
125.0,56.0,68.0,107.0
117.0,56.0,67.0,108.0
108.0,55.0,66.0,108.0
100.0,53.0,66.0,109.0
99.0,55.0,66.0,108.0
97.0,55.0,66.0,108.0
97.0,55.0,66.0,109.0
95.0,56.0,66.0,108.0
95.0,55.0,66.0,108.0
96.0,54.0,65.0,109.0
95.0,54.0,67.0,107.0
95.0,55.0,68.0,105.0
94.0,55.0,68.0,105.0
94.0,55.0,68.0,105.0
94.0,54.0,68.0,105.0
95.0,54.0,68.0,105.0
94.0,55.0,68.0,105.0
95.0,55.0,68.0,105.0
96.0,55.0,68.0,105.0
97.0,54.0,67.0,106.0
97.0,55.0,66.0,107.0
98.0,54.0,67.0,107.0
100.0,52.0,66.0,109.0
100.0,52.0,66.0,110.0
101.0,52.0,66.0,110.0
101.0,52.0,67.0,110.0
102.0,54.0,68.0,110.0
103.0,57.0,68.0,110.0
103.0,58.0,68.0,111.0
96.0,55.0,67.0,113.0
97.0,54.0,68.0,113.0
97.0,56.0,69.0,112.0
99.0,55.0,69.0,113.0
100.0,56.0,68.0,114.0
100.0,57.0,68.0,114.0
101.0,57.0,69.0,114.0
94.0,55.0,70.0,113.0
97.0,54.0,69.0,114.0
98.0,57.0,71.0,112.0
91.0,54.0,71.0,112.0
93.0,54.0,70.0,112.0
94.0,54.0,71.0,112.0
96.0,55.0,70.0,112.0
97.0,57.0,70.0,112.0
98.0,56.0,69.0,113.0
98.0,57.0,70.0,112.0
99.0,56.0,69.0,112.0
99.0,57.0,69.0,112.0
99.0,57.0,69.0,111.0
100.0,55.0,67.0,113.0
100.0,55.0,67.0,113.0
100.0,55.0,66.0,113.0
100.0,56.0,66.0,113.0
100.0,57.0,66.0,112.0
100.0,57.0,66.0,112.0
100.0,57.0,65.0,113.0
99.0,58.0,65.0,112.0
96.0,60.0,66.0,111.0
87.0,58.0,65.0,111.0
85.0,58.0,64.0,110.0
84.0,57.0,65.0,109.0
81.0,57.0,63.0,109.0
78.0,58.0,63.0,108.0
72.0,58.0,62.0,107.0
68.0,65.0,61.0,107.0
64.0,65.0,60.0,107.0
61.0,65.0,60.0,107.0
60.0,64.0,59.0,106.0
58.0,64.0,59.0,105.0
56.0,63.0,60.0,104.0
54.0,63.0,60.0,103.0
53.0,64.0,60.0,102.0
50.0,63.0,60.0,102.0
49.0,63.0,60.0,100.0
48.0,63.0,60.0,99.0
49.0,64.0,60.0,99.0
47.0,64.0,60.0,99.0
47.0,64.0,60.0,98.0
47.0,64.0,60.0,98.0
47.0,63.0,59.0,98.0
47.0,63.0,59.0,97.0
48.0,63.0,59.0,97.0
48.0,64.0,59.0,96.0
48.0,64.0,58.0,96.0
47.0,66.0,59.0,95.0
48.0,65.0,58.0,94.0
48.0,65.0,58.0,95.0
48.0,66.0,58.0,94.0
49.0,67.0,58.0,94.0
48.0,67.0,58.0,94.0
48.0,67.0,58.0,93.0
49.0,67.0,57.0,94.0
49.0,67.0,57.0,94.0
49.0,67.0,57.0,94.0
50.0,67.0,57.0,94.0
48.0,67.0,57.0,94.0
49.0,67.0,57.0,94.0
49.0,67.0,57.0,94.0
49.0,67.0,57.0,94.0
49.0,67.0,57.0,93.0
49.0,68.0,57.0,93.0
49.0,68.0,57.0,93.0
48.0,69.0,57.0,93.0
50.0,69.0,57.0,93.0
51.0,69.0,56.0,94.0
55.0,69.0,56.0,93.0
59.0,69.0,56.0,93.0
63.0,71.0,56.0,94.0
68.0,71.0,55.0,94.0
73.0,71.0,55.0,94.0
78.0,72.0,55.0,93.0
83.0,72.0,55.0,93.0
85.0,72.0,55.0,93.0
89.0,72.0,55.0,93.0
93.0,71.0,55.0,93.0
98.0,71.0,54.0,93.0
102.0,70.0,54.0,94.0
105.0,71.0,55.0,93.0
107.0,70.0,55.0,93.0
110.0,69.0,55.0,93.0
112.0,69.0,55.0,92.0
114.0,70.0,55.0,93.0
115.0,70.0,56.0,92.0
115.0,70.0,57.0,92.0
117.0,69.0,58.0,92.0
112.0,67.0,57.0,92.0
115.0,68.0,57.0,93.0
113.0,66.0,56.0,94.0
115.0,66.0,56.0,93.0
108.0,70.0,56.0,94.0
106.0,68.0,56.0,95.0
101.0,69.0,56.0,95.0
95.0,69.0,56.0,95.0
90.0,69.0,56.0,94.0
86.0,70.0,56.0,94.0
82.0,70.0,56.0,94.0
79.0,69.0,57.0,94.0
77.0,68.0,55.0,95.0
76.0,68.0,55.0,95.0
73.0,68.0,55.0,94.0
74.0,67.0,56.0,93.0
73.0,68.0,56.0,93.0
73.0,68.0,56.0,93.0
74.0,68.0,55.0,93.0
74.0,67.0,55.0,93.0
77.0,67.0,55.0,93.0
81.0,68.0,55.0,94.0
85.0,74.0,55.0,94.0
89.0,71.0,54.0,95.0
95.0,71.0,54.0,94.0
101.0,72.0,55.0,93.0
106.0,72.0,55.0,93.0
109.0,72.0,55.0,94.0
111.0,72.0,56.0,93.0
114.0,72.0,56.0,93.0
115.0,73.0,56.0,93.0
112.0,64.0,56.0,92.0
113.0,73.0,56.0,93.0
113.0,73.0,56.0,93.0
111.0,72.0,55.0,94.0
113.0,71.0,55.0,94.0
110.0,71.0,55.0,94.0
106.0,72.0,56.0,94.0
103.0,71.0,56.0,94.0
99.0,71.0,56.0,94.0
94.0,70.0,55.0,94.0
90.0,71.0,56.0,94.0
86.0,71.0,56.0,93.0
81.0,71.0,55.0,93.0
77.0,71.0,55.0,94.0
73.0,71.0,55.0,93.0
70.0,72.0,55.0,93.0
67.0,72.0,54.0,93.0
64.0,73.0,55.0,92.0
63.0,72.0,55.0,92.0
63.0,72.0,55.0,92.0
64.0,72.0,55.0,92.0
64.0,71.0,55.0,93.0
63.0,72.0,55.0,92.0
63.0,72.0,55.0,92.0
63.0,71.0,55.0,91.0
64.0,71.0,54.0,91.0
64.0,72.0,54.0,91.0
64.0,72.0,54.0,91.0
63.0,72.0,55.0,91.0
64.0,72.0,55.0,91.0
63.0,72.0,55.0,91.0
63.0,71.0,55.0,91.0
64.0,71.0,55.0,90.0
64.0,73.0,55.0,90.0
64.0,72.0,54.0,91.0
65.0,72.0,54.0,91.0
65.0,72.0,54.0,91.0
64.0,72.0,54.0,90.0
64.0,73.0,54.0,90.0
64.0,72.0,54.0,90.0
64.0,72.0,54.0,90.0
64.0,73.0,54.0,89.0
