561.0,311.0,22.0,51.0
558.0,311.0,22.0,50.0
556.0,311.0,21.0,51.0
553.0,312.0,21.0,51.0
548.0,315.0,22.0,50.0
542.0,318.0,22.0,50.0
538.0,319.0,22.0,50.0
533.0,320.0,22.0,50.0
532.0,322.0,22.0,49.0
531.0,318.0,21.0,49.0
525.0,316.0,21.0,49.0
521.0,317.0,21.0,49.0
520.0,316.0,21.0,49.0
514.0,318.0,21.0,49.0
508.0,318.0,21.0,49.0
507.0,318.0,21.0,49.0
505.0,317.0,21.0,49.0
499.0,317.0,21.0,49.0
498.0,320.0,21.0,49.0
496.0,318.0,21.0,49.0
490.0,318.0,21.0,49.0
488.0,321.0,20.0,49.0
487.0,320.0,20.0,50.0
482.0,320.0,20.0,50.0
481.0,320.0,20.0,51.0
476.0,320.0,20.0,51.0
474.0,320.0,20.0,50.0
473.0,320.0,20.0,50.0
468.0,320.0,20.0,50.0
464.0,320.0,20.0,50.0
463.0,320.0,20.0,50.0
458.0,319.0,20.0,49.0
456.0,318.0,20.0,49.0
454.0,319.0,20.0,49.0
451.0,319.0,21.0,49.0
449.0,320.0,21.0,48.0
448.0,319.0,21.0,48.0
443.0,317.0,20.0,48.0
439.0,318.0,20.0,49.0
438.0,317.0,20.0,48.0
437.0,319.0,20.0,48.0
432.0,318.0,20.0,48.0
427.0,318.0,19.0,49.0
426.0,321.0,19.0,48.0
422.0,320.0,19.0,48.0
422.0,320.0,19.0,48.0
418.0,322.0,19.0,48.0
414.0,323.0,19.0,48.0
414.0,325.0,19.0,48.0
409.0,325.0,19.0,48.0
405.0,327.0,19.0,47.0
404.0,328.0,19.0,47.0
401.0,330.0,19.0,47.0
398.0,333.0,19.0,47.0
396.0,332.0,19.0,46.0
391.0,334.0,19.0,46.0
387.0,336.0,19.0,46.0
385.0,335.0,19.0,46.0
380.0,337.0,19.0,46.0
376.0,337.0,19.0,46.0
375.0,338.0,18.0,47.0
370.0,336.0,18.0,47.0
365.0,335.0,19.0,46.0
363.0,335.0,18.0,46.0
359.0,335.0,19.0,45.0
354.0,337.0,19.0,45.0
351.0,337.0,19.0,45.0
347.0,335.0,19.0,46.0
346.0,334.0,19.0,45.0
342.0,334.0,19.0,46.0
338.0,334.0,19.0,45.0
334.0,334.0,19.0,46.0
333.0,334.0,18.0,46.0
329.0,334.0,18.0,46.0
324.0,334.0,18.0,46.0
323.0,334.0,18.0,47.0
318.0,334.0,18.0,47.0
313.0,334.0,18.0,46.0
313.0,333.0,18.0,47.0
309.0,331.0,18.0,46.0
305.0,332.0,18.0,46.0
304.0,332.0,18.0,47.0
302.0,333.0,19.0,47.0
297.0,332.0,19.0,46.0
294.0,331.0,18.0,46.0
293.0,330.0,18.0,46.0
289.0,329.0,19.0,46.0
288.0,329.0,18.0,46.0
284.0,329.0,18.0,46.0
282.0,328.0,19.0,46.0
281.0,330.0,19.0,46.0
277.0,330.0,19.0,45.0
275.0,329.0,19.0,45.0
271.0,330.0,19.0,45.0
267.0,330.0,19.0,45.0
263.0,332.0,19.0,44.0
261.0,332.0,19.0,44.0
257.0,332.0,19.0,44.0
254.0,331.0,19.0,43.0
253.0,331.0,19.0,43.0
248.0,330.0,19.0,43.0
244.0,330.0,19.0,43.0
242.0,331.0,19.0,43.0
238.0,332.0,19.0,44.0
233.0,332.0,18.0,44.0
232.0,331.0,18.0,44.0
228.0,331.0,18.0,44.0
225.0,331.0,18.0,44.0
224.0,331.0,18.0,44.0
220.0,332.0,18.0,44.0
216.0,332.0,18.0,44.0
214.0,332.0,18.0,44.0
209.0,332.0,18.0,44.0
205.0,331.0,18.0,44.0
203.0,331.0,18.0,44.0
201.0,332.0,18.0,44.0
197.0,331.0,18.0,44.0
195.0,332.0,18.0,44.0
191.0,331.0,18.0,45.0
186.0,329.0,18.0,45.0
185.0,330.0,18.0,45.0
180.0,328.0,18.0,44.0
177.0,329.0,18.0,44.0
174.0,328.0,18.0,44.0
173.0,328.0,18.0,44.0
168.0,330.0,18.0,44.0
166.0,331.0,18.0,43.0
162.0,331.0,19.0,43.0
158.0,331.0,18.0,43.0
157.0,331.0,18.0,43.0
152.0,331.0,18.0,43.0
149.0,331.0,18.0,44.0
148.0,331.0,18.0,44.0
144.0,332.0,18.0,44.0
140.0,331.0,18.0,43.0
136.0,330.0,18.0,43.0
132.0,330.0,18.0,44.0
128.0,328.0,18.0,44.0
127.0,329.0,18.0,43.0
122.0,328.0,18.0,43.0
121.0,329.0,18.0,43.0
119.0,328.0,18.0,43.0
115.0,329.0,18.0,43.0
111.0,329.0,18.0,43.0
110.0,328.0,18.0,43.0
106.0,329.0,18.0,43.0
103.0,329.0,18.0,43.0
102.0,329.0,18.0,43.0
97.0,328.0,17.0,43.0
93.0,327.0,17.0,44.0
91.0,328.0,17.0,44.0
87.0,328.0,17.0,44.0
83.0,328.0,17.0,43.0
83.0,326.0,17.0,43.0
82.0,325.0,17.0,43.0
78.0,324.0,17.0,43.0
77.0,325.0,17.0,43.0
74.0,323.0,17.0,43.0
71.0,326.0,17.0,43.0
71.0,324.0,17.0,43.0
71.0,325.0,16.0,43.0
67.0,324.0,16.0,43.0
66.0,323.0,16.0,43.0
62.0,324.0,16.0,43.0
59.0,323.0,16.0,44.0
58.0,323.0,16.0,44.0
54.0,322.0,16.0,44.0
53.0,322.0,16.0,44.0
52.0,322.0,16.0,43.0
51.0,322.0,16.0,43.0
50.0,322.0,16.0,43.0
49.0,322.0,16.0,43.0
46.0,320.0,16.0,44.0
46.0,318.0,16.0,44.0
46.0,321.0,16.0,44.0
43.0,319.0,15.0,44.0
43.0,319.0,16.0,44.0
43.0,320.0,16.0,43.0
44.0,321.0,15.0,44.0
43.0,321.0,15.0,43.0
43.0,321.0,15.0,43.0
43.0,322.0,15.0,43.0
43.0,322.0,15.0,43.0
43.0,322.0,15.0,42.0
43.0,322.0,15.0,42.0
43.0,322.0,15.0,42.0
43.0,322.0,15.0,42.0
43.0,322.0,15.0,42.0
43.0,322.0,15.0,42.0
43.0,323.0,15.0,42.0
42.0,323.0,15.0,41.0
42.0,323.0,15.0,41.0
42.0,323.0,15.0,41.0
42.0,323.0,15.0,41.0
42.0,323.0,15.0,42.0
42.0,322.0,15.0,42.0
41.0,322.0,15.0,41.0
41.0,322.0,15.0,41.0
41.0,322.0,15.0,41.0
41.0,322.0,15.0,41.0
41.0,318.0,14.0,42.0
41.0,318.0,14.0,42.0
38.0,318.0,14.0,42.0
39.0,315.0,14.0,41.0
39.0,316.0,14.0,41.0
40.0,317.0,15.0,41.0
40.0,317.0,15.0,41.0
40.0,318.0,14.0,41.0
41.0,318.0,14.0,41.0
41.0,316.0,15.0,40.0
41.0,316.0,15.0,40.0
41.0,317.0,15.0,40.0
40.0,316.0,15.0,39.0
40.0,317.0,15.0,40.0
40.0,316.0,15.0,39.0
40.0,316.0,15.0,39.0
40.0,316.0,15.0,40.0
40.0,317.0,15.0,40.0
40.0,317.0,15.0,39.0
40.0,316.0,15.0,39.0
41.0,315.0,15.0,39.0
41.0,316.0,14.0,39.0
42.0,316.0,14.0,39.0
42.0,317.0,14.0,40.0
42.0,316.0,15.0,39.0
42.0,317.0,14.0,39.0
42.0,316.0,14.0,39.0
41.0,316.0,15.0,39.0
41.0,315.0,15.0,39.0
42.0,315.0,14.0,39.0
42.0,316.0,14.0,39.0
42.0,316.0,14.0,39.0
42.0,317.0,14.0,39.0
42.0,316.0,15.0,39.0
42.0,317.0,14.0,39.0
42.0,316.0,15.0,39.0
42.0,317.0,14.0,39.0
42.0,317.0,15.0,38.0
42.0,316.0,15.0,38.0
42.0,316.0,15.0,38.0
42.0,317.0,14.0,39.0
42.0,317.0,14.0,39.0
42.0,318.0,14.0,39.0
42.0,317.0,15.0,39.0
42.0,316.0,14.0,39.0
42.0,317.0,15.0,39.0
42.0,317.0,15.0,39.0
42.0,318.0,14.0,39.0
42.0,317.0,15.0,39.0
41.0,319.0,15.0,39.0
41.0,318.0,15.0,39.0
39.0,316.0,15.0,39.0
40.0,317.0,15.0,39.0
41.0,318.0,15.0,39.0
41.0,317.0,15.0,39.0
41.0,317.0,15.0,39.0
41.0,318.0,15.0,39.0
41.0,317.0,15.0,38.0
42.0,317.0,15.0,39.0
42.0,318.0,14.0,39.0
42.0,317.0,14.0,39.0
42.0,316.0,14.0,39.0
42.0,318.0,14.0,39.0
42.0,317.0,14.0,39.0
42.0,318.0,14.0,39.0
42.0,317.0,14.0,39.0
42.0,317.0,14.0,39.0
42.0,318.0,14.0,40.0
43.0,317.0,14.0,39.0
43.0,317.0,14.0,39.0
43.0,316.0,14.0,39.0
43.0,318.0,14.0,39.0
43.0,317.0,14.0,39.0
43.0,317.0,15.0,39.0
43.0,318.0,15.0,39.0
43.0,318.0,15.0,38.0
43.0,317.0,15.0,38.0
43.0,317.0,15.0,38.0
42.0,317.0,15.0,38.0
42.0,317.0,15.0,38.0
39.0,316.0,14.0,39.0
39.0,316.0,14.0,38.0
37.0,315.0,14.0,38.0
37.0,317.0,14.0,38.0
35.0,317.0,14.0,38.0
35.0,318.0,14.0,38.0
32.0,333.0,14.0,37.0
32.0,333.0,14.0,37.0
32.0,333.0,14.0,37.0
33.0,334.0,14.0,36.0
33.0,334.0,14.0,36.0
33.0,334.0,14.0,36.0
33.0,336.0,14.0,36.0
33.0,335.0,14.0,36.0
33.0,334.0,13.0,36.0
33.0,335.0,13.0,35.0
33.0,334.0,13.0,35.0
33.0,335.0,13.0,35.0
33.0,334.0,13.0,35.0
33.0,335.0,13.0,35.0
33.0,334.0,13.0,34.0
33.0,334.0,12.0,34.0
32.0,333.0,12.0,34.0
32.0,334.0,12.0,34.0
38.0,333.0,12.0,34.0
36.0,334.0,13.0,34.0
36.0,332.0,12.0,34.0
34.0,329.0,12.0,34.0
33.0,325.0,12.0,35.0
33.0,326.0,12.0,35.0
31.0,324.0,12.0,35.0
28.0,324.0,12.0,35.0
30.0,324.0,12.0,35.0
30.0,323.0,12.0,35.0
30.0,323.0,12.0,35.0
28.0,321.0,13.0,34.0
23.0,320.0,14.0,33.0
23.0,322.0,14.0,33.0
22.0,323.0,14.0,33.0
21.0,323.0,14.0,33.0
18.0,322.0,14.0,33.0
18.0,321.0,13.0,33.0
17.0,322.0,13.0,33.0
17.0,321.0,13.0,33.0
16.0,322.0,13.0,32.0
13.0,322.0,13.0,33.0
13.0,321.0,12.0,33.0
13.0,323.0,12.0,33.0
13.0,322.0,12.0,33.0
13.0,321.0,12.0,33.0
10.0,325.0,12.0,33.0
9.0,334.0,12.0,33.0
9.0,336.0,12.0,33.0
9.0,335.0,12.0,33.0
8.0,335.0,12.0,33.0
8.0,334.0,12.0,33.0
2.0,336.0,12.0,33.0
2.0,337.0,12.0,33.0
2.0,336.0,11.0,34.0
2.0,336.0,11.0,35.0
2.0,336.0,11.0,35.0
2.0,335.0,11.0,35.0
2.0,335.0,11.0,35.0
2.0,337.0,11.0,35.0
2.0,337.0,11.0,35.0
2.0,336.0,11.0,35.0
2.0,335.0,11.0,36.0
