141.0,73.0,27.0,34.0
141.0,72.0,26.0,33.0
142.0,73.0,26.0,33.0
142.0,73.0,26.0,33.0
143.0,73.0,26.0,32.0
142.0,72.0,26.0,32.0
144.0,72.0,26.0,32.0
144.0,73.0,25.0,32.0
144.0,73.0,25.0,31.0
145.0,73.0,25.0,31.0
146.0,72.0,25.0,31.0
146.0,73.0,25.0,31.0
147.0,73.0,25.0,31.0
148.0,73.0,25.0,31.0
148.0,73.0,24.0,30.0
150.0,73.0,24.0,30.0
149.0,74.0,24.0,30.0
151.0,74.0,24.0,30.0
152.0,73.0,24.0,30.0
153.0,74.0,24.0,30.0
154.0,74.0,24.0,29.0
155.0,73.0,24.0,29.0
156.0,74.0,24.0,29.0
157.0,74.0,24.0,29.0
159.0,73.0,24.0,29.0
161.0,74.0,23.0,29.0
163.0,74.0,23.0,29.0
164.0,74.0,23.0,29.0
166.0,74.0,23.0,29.0
167.0,74.0,23.0,29.0
169.0,74.0,22.0,29.0
169.0,74.0,23.0,29.0
171.0,74.0,22.0,29.0
172.0,74.0,22.0,29.0
173.0,74.0,22.0,29.0
174.0,74.0,22.0,28.0
175.0,74.0,22.0,28.0
175.0,73.0,22.0,28.0
177.0,74.0,22.0,28.0
178.0,74.0,22.0,28.0
179.0,74.0,22.0,28.0
179.0,74.0,22.0,28.0
179.0,74.0,22.0,28.0
179.0,74.0,22.0,28.0
179.0,73.0,22.0,28.0
179.0,73.0,22.0,28.0
179.0,73.0,22.0,28.0
179.0,74.0,22.0,28.0
178.0,74.0,22.0,28.0
177.0,74.0,22.0,28.0
175.0,73.0,22.0,28.0
175.0,73.0,22.0,28.0
174.0,74.0,22.0,28.0
172.0,74.0,22.0,28.0
171.0,74.0,22.0,28.0
170.0,73.0,22.0,28.0
168.0,73.0,22.0,28.0
166.0,74.0,22.0,28.0
164.0,73.0,22.0,28.0
163.0,74.0,22.0,28.0
158.0,74.0,22.0,28.0
158.0,73.0,22.0,28.0
157.0,74.0,22.0,28.0
155.0,74.0,22.0,28.0
153.0,75.0,23.0,28.0
151.0,74.0,22.0,28.0
149.0,74.0,22.0,28.0
148.0,74.0,22.0,28.0
146.0,74.0,22.0,28.0
144.0,74.0,22.0,28.0
140.0,75.0,22.0,28.0
140.0,75.0,22.0,28.0
138.0,75.0,22.0,28.0
136.0,74.0,22.0,29.0
133.0,75.0,22.0,28.0
132.0,75.0,22.0,28.0
131.0,76.0,22.0,28.0
129.0,76.0,22.0,28.0
127.0,77.0,22.0,28.0
126.0,76.0,22.0,28.0
124.0,77.0,22.0,28.0
123.0,76.0,22.0,28.0
122.0,77.0,22.0,28.0
122.0,77.0,22.0,28.0
121.0,78.0,22.0,28.0
121.0,77.0,22.0,28.0
120.0,78.0,22.0,28.0
120.0,77.0,22.0,28.0
120.0,77.0,22.0,29.0
119.0,77.0,22.0,28.0
119.0,78.0,22.0,28.0
119.0,77.0,22.0,29.0
118.0,77.0,22.0,29.0
119.0,78.0,22.0,28.0
119.0,78.0,22.0,28.0
120.0,77.0,22.0,28.0
120.0,77.0,21.0,28.0
121.0,78.0,21.0,28.0
121.0,77.0,21.0,28.0
121.0,78.0,21.0,28.0
122.0,78.0,21.0,28.0
123.0,78.0,21.0,27.0
123.0,78.0,21.0,27.0
124.0,78.0,20.0,27.0
125.0,79.0,20.0,27.0
125.0,79.0,20.0,27.0
126.0,79.0,20.0,26.0
127.0,79.0,20.0,26.0
128.0,80.0,21.0,26.0
130.0,80.0,21.0,26.0
132.0,80.0,21.0,26.0
132.0,80.0,22.0,26.0
133.0,80.0,22.0,25.0
134.0,80.0,22.0,25.0
135.0,80.0,22.0,25.0
136.0,80.0,22.0,26.0
137.0,80.0,22.0,25.0
138.0,81.0,23.0,25.0
139.0,80.0,23.0,25.0
140.0,80.0,23.0,25.0
142.0,80.0,23.0,25.0
142.0,80.0,23.0,25.0
143.0,80.0,23.0,25.0
145.0,80.0,23.0,25.0
146.0,80.0,23.0,25.0
147.0,80.0,23.0,25.0
148.0,79.0,23.0,25.0
149.0,79.0,23.0,25.0
150.0,80.0,23.0,26.0
151.0,80.0,23.0,26.0
152.0,79.0,23.0,26.0
152.0,80.0,23.0,26.0
153.0,80.0,23.0,26.0
154.0,79.0,23.0,26.0
154.0,79.0,23.0,26.0
155.0,79.0,24.0,26.0
156.0,79.0,24.0,26.0
157.0,79.0,24.0,27.0
157.0,81.0,24.0,27.0
158.0,79.0,24.0,27.0
159.0,80.0,24.0,27.0
158.0,80.0,24.0,27.0
159.0,81.0,24.0,27.0
159.0,80.0,24.0,28.0
159.0,80.0,24.0,28.0
159.0,81.0,24.0,28.0
159.0,81.0,24.0,28.0
159.0,83.0,24.0,28.0
159.0,81.0,24.0,28.0
159.0,83.0,24.0,28.0
159.0,84.0,24.0,28.0
158.0,84.0,24.0,28.0
159.0,85.0,24.0,28.0
159.0,86.0,24.0,28.0
158.0,86.0,24.0,28.0
158.0,87.0,24.0,28.0
158.0,87.0,24.0,28.0
158.0,89.0,24.0,28.0
157.0,90.0,24.0,28.0
158.0,91.0,24.0,28.0
158.0,92.0,24.0,28.0
158.0,91.0,24.0,28.0
158.0,92.0,24.0,28.0
158.0,93.0,24.0,28.0
158.0,93.0,24.0,28.0
158.0,94.0,24.0,28.0
158.0,94.0,24.0,28.0
158.0,94.0,24.0,28.0
157.0,93.0,25.0,28.0
157.0,94.0,25.0,28.0
157.0,93.0,24.0,28.0
157.0,93.0,24.0,28.0
157.0,93.0,25.0,28.0
156.0,92.0,25.0,28.0
156.0,93.0,25.0,28.0
156.0,91.0,25.0,28.0
155.0,90.0,25.0,28.0
155.0,90.0,24.0,28.0
154.0,91.0,24.0,28.0
154.0,89.0,25.0,28.0
153.0,88.0,25.0,28.0
153.0,88.0,25.0,28.0
153.0,87.0,25.0,28.0
153.0,86.0,25.0,28.0
152.0,85.0,25.0,28.0
152.0,84.0,25.0,28.0
152.0,83.0,25.0,29.0
152.0,82.0,25.0,28.0
151.0,82.0,26.0,28.0
152.0,82.0,25.0,29.0
152.0,81.0,25.0,29.0
152.0,81.0,25.0,29.0
152.0,80.0,25.0,29.0
152.0,81.0,25.0,29.0
152.0,81.0,26.0,29.0
152.0,80.0,25.0,29.0
152.0,80.0,25.0,29.0
152.0,80.0,25.0,29.0
153.0,80.0,26.0,29.0
152.0,79.0,26.0,29.0
152.0,78.0,26.0,29.0
152.0,79.0,25.0,29.0
152.0,79.0,26.0,29.0
153.0,78.0,26.0,29.0
152.0,78.0,26.0,29.0
153.0,78.0,25.0,29.0
153.0,78.0,25.0,29.0
152.0,78.0,25.0,29.0
152.0,78.0,25.0,29.0
152.0,77.0,25.0,29.0
151.0,79.0,26.0,29.0
150.0,79.0,26.0,29.0
150.0,79.0,26.0,29.0
149.0,79.0,26.0,29.0
147.0,79.0,26.0,30.0
145.0,79.0,26.0,30.0
143.0,79.0,26.0,29.0
141.0,80.0,26.0,30.0
138.0,79.0,26.0,29.0
136.0,80.0,26.0,29.0
133.0,81.0,26.0,29.0
131.0,80.0,26.0,29.0
129.0,80.0,26.0,30.0
126.0,80.0,26.0,29.0
124.0,80.0,26.0,30.0
121.0,80.0,26.0,30.0
118.0,80.0,26.0,30.0
116.0,80.0,26.0,30.0
114.0,79.0,26.0,30.0
111.0,79.0,26.0,31.0
109.0,79.0,26.0,31.0
109.0,78.0,27.0,31.0
107.0,77.0,27.0,31.0
106.0,78.0,27.0,30.0
105.0,79.0,27.0,31.0
104.0,78.0,27.0,31.0
103.0,78.0,28.0,30.0
103.0,79.0,28.0,31.0
102.0,78.0,28.0,31.0
102.0,79.0,28.0,31.0
102.0,80.0,28.0,31.0
101.0,79.0,28.0,31.0
101.0,79.0,28.0,31.0
101.0,80.0,28.0,31.0
101.0,79.0,28.0,31.0
101.0,80.0,28.0,31.0
101.0,80.0,29.0,31.0
101.0,80.0,29.0,31.0
101.0,81.0,28.0,31.0
102.0,82.0,28.0,31.0
102.0,83.0,29.0,31.0
103.0,83.0,28.0,31.0
103.0,83.0,28.0,31.0
103.0,84.0,28.0,31.0
103.0,84.0,28.0,31.0
103.0,84.0,28.0,31.0
102.0,85.0,28.0,31.0
101.0,85.0,28.0,31.0
99.0,85.0,28.0,32.0
98.0,84.0,28.0,32.0
96.0,84.0,28.0,32.0
95.0,85.0,28.0,32.0
94.0,83.0,28.0,32.0
92.0,84.0,28.0,32.0
90.0,83.0,28.0,32.0
88.0,83.0,28.0,32.0
86.0,82.0,28.0,32.0
85.0,83.0,28.0,32.0
82.0,82.0,28.0,32.0
79.0,82.0,28.0,32.0
74.0,82.0,28.0,32.0
75.0,82.0,28.0,32.0
71.0,83.0,28.0,32.0
69.0,82.0,28.0,32.0
65.0,82.0,28.0,32.0
62.0,82.0,28.0,32.0
58.0,82.0,28.0,32.0
56.0,82.0,28.0,32.0
53.0,82.0,28.0,32.0
50.0,81.0,28.0,33.0
44.0,82.0,28.0,32.0
44.0,82.0,29.0,32.0
41.0,82.0,28.0,32.0
39.0,82.0,29.0,32.0
37.0,82.0,28.0,32.0
34.0,82.0,28.0,33.0
32.0,82.0,29.0,32.0
30.0,82.0,29.0,32.0
28.0,82.0,29.0,33.0
26.0,82.0,29.0,33.0
23.0,82.0,29.0,33.0
23.0,81.0,29.0,33.0
22.0,82.0,29.0,33.0
20.0,81.0,29.0,33.0
18.0,81.0,29.0,34.0
17.0,81.0,29.0,34.0
15.0,81.0,30.0,34.0
15.0,81.0,30.0,34.0
14.0,81.0,30.0,34.0
13.0,81.0,30.0,33.0
12.0,80.0,30.0,34.0
12.0,81.0,31.0,33.0
11.0,80.0,31.0,33.0
11.0,81.0,31.0,33.0
11.0,80.0,31.0,34.0
11.0,79.0,31.0,34.0
10.0,80.0,31.0,34.0
10.0,79.0,31.0,34.0
11.0,80.0,31.0,34.0
11.0,79.0,31.0,34.0
10.0,79.0,31.0,34.0
11.0,80.0,31.0,34.0
10.0,80.0,31.0,34.0
12.0,79.0,31.0,34.0
12.0,79.0,31.0,34.0
12.0,79.0,31.0,34.0
12.0,79.0,31.0,34.0
13.0,80.0,31.0,34.0
14.0,80.0,31.0,34.0
15.0,79.0,31.0,34.0
17.0,81.0,31.0,34.0
17.0,81.0,31.0,34.0
20.0,81.0,31.0,34.0
21.0,82.0,31.0,34.0
23.0,83.0,31.0,34.0
26.0,85.0,31.0,34.0
29.0,86.0,30.0,34.0
32.0,88.0,30.0,34.0
36.0,90.0,30.0,34.0
39.0,92.0,30.0,34.0
46.0,98.0,29.0,34.0
48.0,98.0,29.0,33.0
51.0,100.0,29.0,33.0
53.0,103.0,29.0,33.0
56.0,106.0,29.0,33.0
61.0,109.0,29.0,33.0
63.0,112.0,29.0,33.0
66.0,114.0,28.0,33.0
69.0,117.0,28.0,32.0
71.0,119.0,28.0,32.0
77.0,123.0,28.0,32.0
77.0,123.0,28.0,32.0
79.0,125.0,28.0,32.0
81.0,127.0,28.0,32.0
83.0,129.0,27.0,32.0
85.0,129.0,27.0,32.0
86.0,132.0,27.0,31.0
89.0,133.0,27.0,31.0
91.0,133.0,27.0,31.0
92.0,134.0,27.0,31.0
94.0,136.0,27.0,31.0
94.0,135.0,27.0,31.0
96.0,137.0,27.0,31.0
98.0,138.0,27.0,31.0
99.0,137.0,26.0,31.0
101.0,138.0,26.0,31.0
102.0,138.0,26.0,31.0
104.0,139.0,26.0,31.0
105.0,141.0,26.0,30.0
106.0,141.0,26.0,30.0
110.0,142.0,26.0,30.0
110.0,141.0,26.0,30.0
111.0,142.0,26.0,30.0
112.0,142.0,26.0,30.0
112.0,141.0,26.0,30.0
114.0,140.0,26.0,30.0
114.0,139.0,26.0,30.0
114.0,137.0,27.0,30.0
115.0,136.0,27.0,30.0
115.0,135.0,27.0,30.0
116.0,132.0,27.0,31.0
117.0,133.0,27.0,31.0
116.0,131.0,27.0,31.0
117.0,130.0,27.0,31.0
117.0,130.0,27.0,31.0
118.0,129.0,27.0,31.0
118.0,128.0,27.0,31.0
119.0,127.0,27.0,31.0
120.0,126.0,27.0,31.0
121.0,125.0,27.0,31.0
123.0,124.0,27.0,31.0
124.0,124.0,28.0,31.0
124.0,124.0,28.0,31.0
125.0,123.0,28.0,31.0
125.0,123.0,28.0,31.0
125.0,122.0,28.0,31.0
126.0,121.0,28.0,31.0
126.0,121.0,28.0,31.0
126.0,120.0,29.0,31.0
126.0,120.0,29.0,32.0
126.0,119.0,29.0,32.0
126.0,119.0,29.0,32.0
126.0,118.0,29.0,32.0
126.0,118.0,29.0,32.0
126.0,117.0,29.0,32.0
128.0,117.0,29.0,32.0
128.0,116.0,30.0,33.0
129.0,116.0,30.0,33.0
130.0,115.0,30.0,33.0
129.0,115.0,30.0,33.0
132.0,114.0,30.0,33.0
134.0,114.0,30.0,33.0
137.0,114.0,31.0,33.0
139.0,114.0,31.0,33.0
142.0,113.0,31.0,33.0
145.0,112.0,31.0,33.0
148.0,112.0,31.0,33.0
151.0,111.0,31.0,33.0
155.0,110.0,31.0,32.0
158.0,109.0,31.0,32.0
165.0,107.0,32.0,32.0
167.0,107.0,31.0,33.0
169.0,106.0,31.0,33.0
171.0,104.0,31.0,33.0
174.0,103.0,31.0,34.0
176.0,102.0,31.0,34.0
179.0,102.0,31.0,34.0
180.0,101.0,31.0,34.0
181.0,102.0,31.0,34.0
181.0,101.0,31.0,34.0
183.0,100.0,31.0,34.0
182.0,101.0,31.0,34.0
183.0,101.0,31.0,34.0
182.0,100.0,32.0,34.0
182.0,99.0,32.0,34.0
181.0,98.0,32.0,34.0
180.0,98.0,32.0,34.0
179.0,98.0,32.0,34.0
178.0,98.0,32.0,34.0
176.0,98.0,32.0,34.0
175.0,98.0,32.0,34.0
175.0,98.0,32.0,35.0
173.0,98.0,32.0,34.0
172.0,98.0,32.0,34.0
171.0,98.0,32.0,34.0
170.0,97.0,32.0,34.0
170.0,97.0,32.0,35.0
169.0,97.0,32.0,35.0
169.0,97.0,32.0,35.0
170.0,96.0,32.0,35.0
171.0,95.0,32.0,35.0
171.0,95.0,32.0,35.0
172.0,95.0,32.0,34.0
174.0,93.0,32.0,35.0
175.0,93.0,32.0,35.0
177.0,92.0,31.0,34.0
180.0,92.0,31.0,34.0
182.0,92.0,31.0,34.0
185.0,91.0,31.0,34.0
188.0,90.0,31.0,35.0
194.0,89.0,31.0,34.0
194.0,89.0,31.0,34.0
196.0,89.0,30.0,34.0
200.0,88.0,30.0,34.0
203.0,89.0,30.0,34.0
205.0,89.0,30.0,33.0
208.0,88.0,30.0,33.0
211.0,89.0,30.0,33.0
213.0,88.0,31.0,33.0
215.0,88.0,30.0,33.0
219.0,88.0,30.0,33.0
220.0,88.0,31.0,33.0
223.0,87.0,31.0,33.0
224.0,87.0,31.0,33.0
227.0,86.0,30.0,33.0
229.0,86.0,30.0,33.0
230.0,84.0,31.0,33.0
233.0,82.0,31.0,33.0
235.0,81.0,31.0,33.0
237.0,80.0,30.0,33.0
241.0,78.0,30.0,33.0
242.0,78.0,30.0,33.0
243.0,76.0,30.0,34.0
245.0,75.0,30.0,33.0
246.0,74.0,30.0,33.0
248.0,74.0,30.0,33.0
250.0,74.0,30.0,33.0
250.0,73.0,30.0,33.0
251.0,71.0,29.0,34.0
251.0,72.0,29.0,33.0
251.0,73.0,30.0,33.0
252.0,72.0,29.0,34.0
251.0,73.0,30.0,34.0
250.0,73.0,29.0,34.0
248.0,73.0,29.0,34.0
248.0,73.0,29.0,34.0
246.0,72.0,30.0,34.0
245.0,72.0,30.0,34.0
244.0,73.0,30.0,34.0
243.0,73.0,30.0,34.0
240.0,74.0,30.0,34.0
240.0,75.0,30.0,34.0
238.0,75.0,30.0,34.0
237.0,75.0,30.0,34.0
235.0,76.0,30.0,34.0
233.0,76.0,31.0,34.0
232.0,76.0,30.0,34.0
230.0,77.0,30.0,34.0
228.0,78.0,30.0,35.0
227.0,78.0,30.0,34.0
223.0,78.0,30.0,35.0
223.0,79.0,30.0,35.0
221.0,79.0,30.0,34.0
219.0,79.0,30.0,35.0
217.0,79.0,30.0,35.0
215.0,79.0,30.0,35.0
214.0,79.0,30.0,35.0
213.0,79.0,29.0,35.0
211.0,79.0,29.0,35.0
209.0,79.0,29.0,35.0
207.0,79.0,29.0,35.0
207.0,80.0,29.0,35.0
207.0,79.0,29.0,35.0
206.0,80.0,29.0,35.0
205.0,79.0,29.0,35.0
205.0,80.0,29.0,35.0
204.0,79.0,29.0,35.0
204.0,79.0,28.0,35.0
204.0,79.0,29.0,35.0
203.0,79.0,29.0,35.0
204.0,79.0,28.0,35.0
204.0,79.0,28.0,35.0
204.0,78.0,28.0,35.0
205.0,78.0,28.0,35.0
205.0,79.0,28.0,34.0
205.0,78.0,28.0,34.0
205.0,78.0,28.0,34.0
206.0,78.0,27.0,34.0
207.0,79.0,27.0,34.0
208.0,79.0,26.0,34.0
208.0,78.0,26.0,34.0
208.0,79.0,26.0,33.0
209.0,78.0,26.0,33.0
210.0,78.0,26.0,33.0
211.0,77.0,26.0,32.0
211.0,78.0,26.0,32.0
212.0,78.0,25.0,31.0
