146.0,150.0,32.0,73.0
148.0,148.0,31.0,73.0
148.0,148.0,31.0,74.0
149.0,148.0,31.0,75.0
150.0,147.0,31.0,75.0
149.0,149.0,31.0,75.0
149.0,148.0,31.0,76.0
150.0,148.0,31.0,76.0
149.0,149.0,31.0,76.0
149.0,149.0,31.0,76.0
150.0,150.0,31.0,76.0
148.0,149.0,31.0,75.0
150.0,148.0,30.0,76.0
150.0,148.0,30.0,76.0
150.0,149.0,31.0,76.0
150.0,149.0,30.0,76.0
151.0,148.0,31.0,76.0
151.0,148.0,31.0,76.0
150.0,148.0,31.0,76.0
151.0,148.0,31.0,77.0
149.0,149.0,31.0,76.0
149.0,147.0,31.0,76.0
150.0,148.0,31.0,77.0
150.0,148.0,31.0,77.0
151.0,148.0,31.0,77.0
151.0,148.0,31.0,77.0
151.0,149.0,31.0,77.0
152.0,148.0,31.0,77.0
152.0,148.0,31.0,77.0
153.0,148.0,31.0,77.0
152.0,148.0,31.0,77.0
152.0,149.0,32.0,77.0
152.0,149.0,31.0,78.0
152.0,148.0,31.0,77.0
152.0,148.0,31.0,77.0
151.0,149.0,32.0,77.0
150.0,148.0,32.0,77.0
149.0,150.0,32.0,77.0
148.0,150.0,32.0,78.0
149.0,150.0,31.0,78.0
148.0,150.0,31.0,78.0
148.0,150.0,32.0,78.0
149.0,149.0,31.0,78.0
147.0,150.0,32.0,77.0
148.0,149.0,32.0,77.0
147.0,150.0,32.0,77.0
147.0,150.0,32.0,77.0
147.0,150.0,32.0,77.0
148.0,149.0,32.0,77.0
146.0,151.0,33.0,77.0
146.0,150.0,32.0,78.0
144.0,150.0,33.0,77.0
143.0,151.0,33.0,77.0
144.0,150.0,33.0,77.0
145.0,149.0,32.0,78.0
145.0,149.0,32.0,79.0
145.0,149.0,32.0,79.0
145.0,149.0,32.0,79.0
145.0,149.0,33.0,79.0
145.0,150.0,33.0,79.0
145.0,151.0,33.0,79.0
146.0,150.0,33.0,79.0
146.0,151.0,33.0,79.0
147.0,150.0,33.0,78.0
147.0,152.0,33.0,78.0
148.0,152.0,33.0,78.0
147.0,151.0,33.0,78.0
146.0,151.0,33.0,78.0
146.0,151.0,33.0,78.0
147.0,150.0,33.0,78.0
147.0,150.0,33.0,78.0
147.0,152.0,33.0,78.0
148.0,150.0,33.0,78.0
147.0,150.0,33.0,78.0
147.0,150.0,33.0,79.0
146.0,150.0,33.0,78.0
146.0,150.0,33.0,78.0
145.0,150.0,33.0,78.0
146.0,149.0,33.0,78.0
146.0,151.0,33.0,79.0
146.0,150.0,33.0,79.0
145.0,150.0,33.0,79.0
147.0,150.0,33.0,79.0
147.0,150.0,33.0,79.0
148.0,148.0,32.0,79.0
148.0,149.0,32.0,79.0
149.0,149.0,32.0,79.0
149.0,149.0,32.0,79.0
150.0,148.0,33.0,79.0
149.0,149.0,33.0,79.0
149.0,149.0,33.0,80.0
150.0,150.0,32.0,80.0
151.0,150.0,32.0,80.0
150.0,152.0,32.0,80.0
152.0,151.0,32.0,80.0
151.0,153.0,33.0,79.0
152.0,152.0,32.0,78.0
151.0,152.0,33.0,78.0
152.0,152.0,33.0,78.0
152.0,153.0,32.0,78.0
154.0,153.0,33.0,78.0
153.0,153.0,33.0,78.0
153.0,153.0,33.0,78.0
153.0,153.0,33.0,78.0
154.0,152.0,33.0,78.0
153.0,152.0,33.0,78.0
152.0,153.0,33.0,78.0
153.0,152.0,33.0,78.0
152.0,152.0,32.0,78.0
154.0,151.0,33.0,78.0
153.0,152.0,33.0,78.0
154.0,152.0,32.0,78.0
154.0,153.0,32.0,78.0
154.0,152.0,33.0,78.0
154.0,152.0,33.0,78.0
155.0,152.0,33.0,78.0
156.0,151.0,33.0,78.0
155.0,152.0,33.0,78.0
156.0,151.0,33.0,79.0
157.0,150.0,33.0,79.0
155.0,152.0,33.0,78.0
156.0,151.0,33.0,78.0
156.0,152.0,33.0,79.0
155.0,152.0,33.0,79.0
155.0,152.0,33.0,78.0
155.0,151.0,33.0,78.0
155.0,151.0,33.0,78.0
155.0,150.0,33.0,78.0
154.0,150.0,33.0,79.0
155.0,150.0,33.0,78.0
154.0,150.0,33.0,79.0
155.0,150.0,33.0,79.0
153.0,149.0,33.0,79.0
154.0,150.0,33.0,79.0
154.0,149.0,33.0,79.0
154.0,148.0,33.0,79.0
154.0,148.0,33.0,80.0
154.0,147.0,33.0,80.0
154.0,147.0,32.0,80.0
154.0,147.0,32.0,80.0
152.0,148.0,33.0,79.0
153.0,148.0,33.0,79.0
153.0,149.0,33.0,79.0
153.0,148.0,33.0,79.0
153.0,148.0,33.0,79.0
151.0,148.0,33.0,79.0
151.0,147.0,33.0,79.0
150.0,148.0,34.0,78.0
150.0,148.0,34.0,78.0
149.0,149.0,34.0,78.0
149.0,148.0,34.0,78.0
148.0,148.0,34.0,78.0
149.0,147.0,34.0,78.0
148.0,147.0,34.0,78.0
149.0,148.0,33.0,79.0
148.0,148.0,34.0,78.0
148.0,148.0,33.0,79.0
148.0,148.0,33.0,79.0
148.0,148.0,33.0,79.0
148.0,148.0,33.0,79.0
147.0,148.0,33.0,79.0
146.0,149.0,33.0,79.0
146.0,148.0,33.0,79.0
147.0,148.0,33.0,79.0
146.0,149.0,33.0,79.0
146.0,149.0,33.0,78.0
145.0,149.0,33.0,78.0
147.0,149.0,33.0,78.0
147.0,149.0,33.0,78.0
147.0,149.0,33.0,78.0
146.0,148.0,33.0,78.0
146.0,149.0,33.0,78.0
146.0,149.0,33.0,78.0
146.0,149.0,33.0,78.0
146.0,149.0,33.0,78.0
146.0,148.0,32.0,79.0
146.0,148.0,32.0,78.0
147.0,148.0,32.0,78.0
145.0,149.0,33.0,77.0
146.0,149.0,32.0,77.0
145.0,148.0,32.0,77.0
145.0,148.0,32.0,77.0
144.0,148.0,32.0,77.0
146.0,148.0,33.0,77.0
147.0,147.0,33.0,77.0
147.0,148.0,33.0,77.0
148.0,147.0,33.0,77.0
150.0,146.0,33.0,77.0
152.0,146.0,33.0,78.0
155.0,145.0,33.0,78.0
157.0,144.0,33.0,78.0
160.0,143.0,33.0,78.0
163.0,143.0,33.0,77.0
166.0,142.0,33.0,77.0
168.0,141.0,34.0,76.0
170.0,141.0,34.0,76.0
171.0,141.0,34.0,76.0
173.0,140.0,34.0,76.0
172.0,139.0,34.0,76.0
172.0,137.0,34.0,77.0
170.0,137.0,34.0,78.0
169.0,136.0,34.0,78.0
166.0,135.0,34.0,78.0
163.0,134.0,34.0,78.0
158.0,134.0,34.0,78.0
153.0,134.0,35.0,78.0
148.0,133.0,35.0,78.0
143.0,132.0,36.0,78.0
138.0,133.0,36.0,78.0
132.0,132.0,36.0,79.0
127.0,132.0,36.0,79.0
123.0,132.0,36.0,80.0
118.0,130.0,35.0,80.0
115.0,129.0,36.0,80.0
113.0,131.0,35.0,81.0
112.0,132.0,34.0,81.0
109.0,132.0,35.0,80.0
110.0,135.0,34.0,80.0
107.0,137.0,34.0,81.0
107.0,140.0,34.0,81.0
106.0,141.0,34.0,81.0
106.0,142.0,34.0,80.0
106.0,145.0,34.0,80.0
107.0,146.0,34.0,81.0
107.0,147.0,34.0,81.0
108.0,150.0,33.0,81.0
110.0,153.0,33.0,82.0
110.0,153.0,33.0,82.0
111.0,155.0,33.0,82.0
113.0,156.0,33.0,82.0
114.0,157.0,33.0,82.0
115.0,157.0,32.0,81.0
113.0,157.0,33.0,81.0
114.0,158.0,33.0,81.0
111.0,158.0,33.0,80.0
110.0,159.0,33.0,81.0
108.0,159.0,33.0,81.0
107.0,158.0,33.0,81.0
105.0,158.0,34.0,81.0
104.0,158.0,34.0,81.0
101.0,158.0,33.0,81.0
100.0,158.0,33.0,82.0
98.0,158.0,33.0,82.0
95.0,158.0,34.0,81.0
91.0,158.0,34.0,81.0
88.0,157.0,34.0,81.0
85.0,156.0,35.0,81.0
81.0,154.0,35.0,80.0
77.0,155.0,36.0,80.0
73.0,154.0,37.0,80.0
71.0,152.0,37.0,80.0
68.0,150.0,36.0,81.0
64.0,150.0,37.0,80.0
62.0,148.0,36.0,81.0
60.0,147.0,36.0,82.0
58.0,145.0,35.0,83.0
57.0,143.0,35.0,83.0
55.0,142.0,35.0,84.0
55.0,141.0,35.0,84.0
52.0,141.0,35.0,84.0
53.0,140.0,35.0,84.0
53.0,138.0,35.0,85.0
53.0,138.0,35.0,86.0
52.0,137.0,35.0,86.0
54.0,137.0,35.0,86.0
54.0,137.0,35.0,86.0
57.0,137.0,35.0,86.0
59.0,137.0,35.0,86.0
62.0,137.0,36.0,86.0
66.0,137.0,35.0,86.0
71.0,137.0,35.0,86.0
76.0,137.0,35.0,86.0
79.0,136.0,36.0,86.0
84.0,136.0,36.0,86.0
89.0,135.0,36.0,86.0
95.0,135.0,36.0,87.0
100.0,135.0,36.0,87.0
105.0,134.0,36.0,88.0
111.0,135.0,36.0,88.0
115.0,135.0,36.0,88.0
117.0,136.0,36.0,88.0
121.0,136.0,37.0,88.0
124.0,137.0,37.0,88.0
126.0,138.0,37.0,88.0
130.0,139.0,37.0,89.0
132.0,139.0,37.0,90.0
135.0,139.0,37.0,89.0
137.0,141.0,37.0,90.0
139.0,142.0,37.0,90.0
143.0,141.0,37.0,90.0
146.0,142.0,36.0,91.0
146.0,143.0,36.0,91.0
148.0,144.0,36.0,91.0
148.0,146.0,37.0,90.0
149.0,145.0,37.0,89.0
149.0,146.0,38.0,89.0
150.0,148.0,38.0,88.0
150.0,148.0,37.0,89.0
149.0,151.0,37.0,88.0
148.0,150.0,38.0,88.0
148.0,151.0,37.0,88.0
147.0,152.0,37.0,89.0
146.0,154.0,37.0,89.0
145.0,155.0,37.0,88.0
144.0,157.0,37.0,88.0
142.0,159.0,37.0,88.0
140.0,160.0,36.0,88.0
137.0,161.0,36.0,87.0
133.0,163.0,36.0,87.0
130.0,163.0,36.0,87.0
126.0,165.0,37.0,86.0
124.0,166.0,36.0,86.0
120.0,166.0,36.0,86.0
118.0,166.0,36.0,85.0
117.0,164.0,36.0,85.0
114.0,163.0,36.0,84.0
110.0,164.0,36.0,84.0
106.0,165.0,36.0,84.0
103.0,165.0,36.0,83.0
99.0,165.0,36.0,83.0
95.0,164.0,36.0,83.0
91.0,163.0,36.0,82.0
88.0,161.0,36.0,82.0
85.0,161.0,36.0,82.0
81.0,160.0,36.0,82.0
79.0,158.0,36.0,82.0
77.0,158.0,35.0,83.0
74.0,157.0,35.0,84.0
72.0,155.0,35.0,84.0
70.0,154.0,35.0,84.0
66.0,153.0,36.0,83.0
62.0,153.0,35.0,83.0
63.0,151.0,35.0,82.0
63.0,149.0,34.0,83.0
63.0,147.0,34.0,83.0
63.0,145.0,34.0,83.0
63.0,144.0,34.0,83.0
64.0,143.0,33.0,83.0
65.0,141.0,33.0,83.0
66.0,141.0,34.0,82.0
71.0,141.0,34.0,82.0
73.0,139.0,33.0,82.0
76.0,137.0,33.0,83.0
80.0,136.0,34.0,82.0
84.0,135.0,34.0,81.0
90.0,133.0,34.0,81.0
94.0,132.0,35.0,80.0
98.0,131.0,35.0,80.0
103.0,128.0,35.0,80.0
110.0,126.0,34.0,81.0
116.0,125.0,34.0,81.0
123.0,126.0,34.0,81.0
129.0,126.0,34.0,81.0
135.0,126.0,34.0,81.0
140.0,127.0,35.0,80.0
145.0,127.0,35.0,80.0
151.0,126.0,34.0,81.0
157.0,128.0,34.0,80.0
167.0,129.0,35.0,81.0
172.0,127.0,35.0,81.0
182.0,127.0,35.0,81.0
187.0,128.0,35.0,80.0
193.0,129.0,35.0,80.0
199.0,128.0,35.0,80.0
204.0,129.0,35.0,79.0
209.0,130.0,35.0,80.0
212.0,133.0,35.0,79.0
215.0,133.0,35.0,80.0
218.0,135.0,35.0,80.0
221.0,136.0,35.0,80.0
224.0,137.0,35.0,80.0
225.0,140.0,35.0,80.0
227.0,142.0,35.0,80.0
227.0,143.0,35.0,80.0
226.0,144.0,35.0,80.0
225.0,147.0,34.0,80.0
221.0,148.0,35.0,80.0
218.0,149.0,35.0,79.0
213.0,149.0,35.0,79.0
209.0,150.0,35.0,79.0
204.0,152.0,35.0,79.0
198.0,152.0,34.0,79.0
191.0,154.0,34.0,79.0
185.0,155.0,34.0,79.0
180.0,156.0,34.0,79.0
173.0,157.0,34.0,79.0
167.0,158.0,34.0,79.0
164.0,159.0,34.0,79.0
155.0,161.0,34.0,79.0
150.0,159.0,34.0,78.0
142.0,159.0,34.0,79.0
136.0,158.0,34.0,79.0
129.0,159.0,34.0,79.0
123.0,159.0,34.0,79.0
117.0,157.0,34.0,79.0
111.0,157.0,35.0,78.0
105.0,155.0,35.0,78.0
101.0,154.0,35.0,77.0
96.0,152.0,35.0,78.0
92.0,148.0,35.0,77.0
87.0,145.0,35.0,78.0
83.0,141.0,35.0,78.0
79.0,138.0,35.0,78.0
80.0,132.0,35.0,78.0
78.0,131.0,35.0,79.0
79.0,126.0,35.0,80.0
82.0,123.0,35.0,79.0
84.0,120.0,35.0,79.0
87.0,116.0,35.0,78.0
92.0,113.0,35.0,78.0
96.0,110.0,35.0,78.0
100.0,107.0,35.0,78.0
105.0,104.0,35.0,77.0
111.0,99.0,35.0,77.0
116.0,97.0,35.0,76.0
123.0,97.0,35.0,76.0
129.0,95.0,35.0,77.0
133.0,92.0,35.0,76.0
136.0,89.0,35.0,76.0
139.0,86.0,35.0,76.0
144.0,81.0,34.0,77.0
146.0,79.0,34.0,78.0
149.0,76.0,34.0,78.0
151.0,72.0,35.0,77.0
152.0,69.0,35.0,77.0
154.0,67.0,35.0,77.0
155.0,65.0,35.0,77.0
155.0,61.0,35.0,77.0
154.0,58.0,34.0,78.0
152.0,55.0,35.0,78.0
150.0,53.0,35.0,79.0
148.0,51.0,35.0,79.0
146.0,49.0,35.0,80.0
144.0,46.0,35.0,80.0
141.0,45.0,35.0,81.0
138.0,42.0,35.0,81.0
135.0,43.0,35.0,82.0
132.0,43.0,34.0,82.0
129.0,44.0,34.0,83.0
127.0,45.0,34.0,83.0
125.0,46.0,34.0,83.0
123.0,48.0,34.0,83.0
120.0,50.0,34.0,83.0
118.0,52.0,34.0,82.0
116.0,54.0,34.0,82.0
113.0,61.0,34.0,82.0
111.0,63.0,34.0,82.0
105.0,70.0,33.0,83.0
104.0,75.0,33.0,83.0
103.0,76.0,33.0,84.0
101.0,81.0,33.0,84.0
100.0,83.0,33.0,84.0
98.0,89.0,33.0,84.0
97.0,94.0,33.0,84.0
97.0,96.0,33.0,84.0
96.0,99.0,33.0,84.0
97.0,105.0,33.0,84.0
97.0,109.0,32.0,83.0
96.0,115.0,33.0,83.0
95.0,120.0,33.0,83.0
95.0,125.0,34.0,82.0
96.0,129.0,34.0,82.0
97.0,134.0,34.0,82.0
101.0,137.0,34.0,81.0
103.0,138.0,33.0,82.0
105.0,140.0,34.0,82.0
107.0,141.0,33.0,83.0
107.0,144.0,33.0,83.0
108.0,145.0,33.0,83.0
107.0,147.0,34.0,83.0
108.0,150.0,34.0,83.0
108.0,151.0,35.0,82.0
109.0,154.0,34.0,82.0
110.0,153.0,35.0,81.0
111.0,154.0,35.0,81.0
111.0,155.0,35.0,81.0
111.0,156.0,35.0,81.0
111.0,158.0,35.0,80.0
111.0,157.0,35.0,81.0
111.0,159.0,35.0,81.0
111.0,158.0,35.0,80.0
111.0,159.0,35.0,80.0
111.0,159.0,35.0,80.0
111.0,160.0,34.0,80.0
111.0,159.0,34.0,80.0
111.0,158.0,34.0,80.0
111.0,159.0,35.0,80.0
111.0,159.0,35.0,80.0
111.0,157.0,35.0,80.0
110.0,157.0,35.0,80.0
109.0,157.0,35.0,80.0
108.0,156.0,34.0,81.0
107.0,155.0,35.0,81.0
106.0,154.0,34.0,81.0
105.0,153.0,34.0,81.0
105.0,152.0,34.0,82.0
104.0,150.0,34.0,82.0
103.0,149.0,34.0,81.0
103.0,148.0,35.0,81.0
102.0,148.0,35.0,82.0
100.0,147.0,35.0,82.0
100.0,144.0,35.0,82.0
99.0,143.0,34.0,82.0
97.0,141.0,35.0,82.0
97.0,139.0,35.0,82.0
97.0,136.0,35.0,83.0
96.0,133.0,35.0,84.0
95.0,131.0,35.0,84.0
95.0,127.0,35.0,84.0
92.0,125.0,35.0,84.0
91.0,123.0,35.0,84.0
93.0,119.0,36.0,84.0
91.0,118.0,36.0,84.0
95.0,115.0,36.0,84.0
97.0,112.0,36.0,85.0
101.0,110.0,36.0,86.0
104.0,106.0,36.0,86.0
110.0,105.0,36.0,86.0
116.0,106.0,35.0,87.0
123.0,107.0,35.0,87.0
134.0,109.0,35.0,87.0
141.0,111.0,36.0,87.0
149.0,113.0,36.0,87.0
157.0,116.0,36.0,87.0
165.0,118.0,36.0,87.0
170.0,117.0,36.0,87.0
175.0,118.0,37.0,88.0
180.0,119.0,37.0,88.0
185.0,122.0,36.0,88.0
189.0,125.0,36.0,89.0
191.0,125.0,37.0,89.0
193.0,127.0,37.0,90.0
193.0,129.0,37.0,90.0
193.0,132.0,37.0,90.0
191.0,133.0,37.0,90.0
193.0,135.0,38.0,89.0
191.0,136.0,38.0,89.0
189.0,137.0,38.0,89.0
187.0,140.0,39.0,89.0
185.0,143.0,39.0,89.0
181.0,144.0,39.0,88.0
177.0,147.0,40.0,88.0
173.0,150.0,40.0,88.0
169.0,154.0,40.0,88.0
167.0,156.0,39.0,88.0
164.0,158.0,40.0,88.0
161.0,162.0,39.0,88.0
158.0,165.0,39.0,88.0
156.0,165.0,39.0,88.0
154.0,165.0,39.0,88.0
151.0,167.0,39.0,87.0
146.0,171.0,39.0,87.0
145.0,175.0,38.0,88.0
147.0,174.0,38.0,87.0
146.0,174.0,38.0,88.0
145.0,175.0,37.0,89.0
142.0,178.0,37.0,88.0
139.0,178.0,37.0,88.0
134.0,176.0,38.0,87.0
131.0,174.0,38.0,86.0
125.0,175.0,38.0,86.0
122.0,175.0,38.0,86.0
120.0,176.0,38.0,86.0
118.0,178.0,38.0,85.0
118.0,176.0,38.0,86.0
116.0,174.0,37.0,86.0
115.0,176.0,37.0,86.0
116.0,174.0,36.0,86.0
115.0,175.0,37.0,86.0
118.0,176.0,36.0,85.0
121.0,175.0,36.0,85.0
123.0,176.0,36.0,85.0
125.0,176.0,36.0,84.0
127.0,177.0,35.0,84.0
129.0,179.0,35.0,83.0
131.0,181.0,35.0,83.0
134.0,182.0,35.0,83.0
135.0,184.0,35.0,82.0
137.0,185.0,35.0,82.0
141.0,185.0,35.0,81.0
144.0,186.0,35.0,80.0
147.0,186.0,34.0,80.0
150.0,185.0,34.0,79.0
153.0,184.0,34.0,79.0
157.0,185.0,34.0,78.0
162.0,185.0,34.0,77.0
166.0,186.0,34.0,77.0
171.0,185.0,34.0,76.0
176.0,184.0,33.0,76.0
178.0,185.0,33.0,77.0
181.0,182.0,33.0,77.0
185.0,177.0,33.0,77.0
186.0,175.0,33.0,76.0
187.0,172.0,33.0,76.0
188.0,170.0,33.0,76.0
189.0,167.0,33.0,77.0
187.0,165.0,33.0,77.0
187.0,167.0,33.0,77.0
186.0,164.0,33.0,77.0
185.0,162.0,34.0,76.0
184.0,161.0,34.0,77.0
182.0,160.0,34.0,77.0
181.0,157.0,34.0,77.0
179.0,157.0,34.0,78.0
176.0,157.0,34.0,78.0
173.0,157.0,34.0,78.0
168.0,157.0,34.0,78.0
165.0,158.0,34.0,79.0
162.0,158.0,34.0,78.0
158.0,159.0,35.0,78.0
154.0,160.0,34.0,78.0
151.0,161.0,34.0,78.0
147.0,163.0,34.0,78.0
145.0,164.0,35.0,78.0
143.0,166.0,35.0,78.0
142.0,169.0,35.0,78.0
142.0,170.0,34.0,78.0
144.0,173.0,34.0,78.0
146.0,176.0,34.0,78.0
146.0,178.0,34.0,79.0
148.0,180.0,34.0,78.0
150.0,181.0,34.0,78.0
150.0,184.0,34.0,78.0
153.0,185.0,34.0,78.0
154.0,186.0,34.0,77.0
157.0,185.0,33.0,78.0
159.0,185.0,33.0,78.0
160.0,185.0,33.0,78.0
163.0,185.0,33.0,78.0
164.0,185.0,33.0,78.0
167.0,186.0,33.0,79.0
169.0,185.0,33.0,79.0
172.0,186.0,33.0,79.0
176.0,185.0,33.0,79.0
179.0,185.0,33.0,78.0
181.0,184.0,33.0,78.0
183.0,183.0,34.0,77.0
187.0,183.0,33.0,77.0
190.0,181.0,34.0,77.0
194.0,180.0,33.0,77.0
197.0,180.0,33.0,77.0
199.0,180.0,33.0,77.0
201.0,178.0,33.0,77.0
204.0,175.0,34.0,76.0
207.0,174.0,34.0,76.0
210.0,172.0,34.0,76.0
213.0,171.0,34.0,76.0
216.0,171.0,34.0,76.0
219.0,168.0,35.0,76.0
222.0,166.0,35.0,76.0
224.0,164.0,34.0,76.0
225.0,163.0,35.0,77.0
226.0,164.0,35.0,77.0
226.0,163.0,35.0,78.0
227.0,161.0,35.0,78.0
229.0,161.0,35.0,78.0
230.0,160.0,35.0,78.0
231.0,158.0,35.0,79.0
232.0,157.0,35.0,80.0
233.0,156.0,35.0,80.0
234.0,153.0,36.0,80.0
236.0,153.0,36.0,80.0
237.0,150.0,35.0,81.0
239.0,148.0,36.0,82.0
241.0,147.0,35.0,83.0
241.0,145.0,35.0,84.0
241.0,145.0,35.0,83.0
241.0,144.0,36.0,83.0
241.0,143.0,36.0,83.0
241.0,142.0,36.0,83.0
240.0,141.0,36.0,83.0
239.0,140.0,36.0,83.0
236.0,138.0,36.0,84.0
234.0,136.0,36.0,85.0
231.0,136.0,36.0,85.0
227.0,136.0,36.0,85.0
224.0,135.0,37.0,85.0
221.0,132.0,37.0,84.0
217.0,132.0,38.0,84.0
213.0,130.0,38.0,84.0
208.0,129.0,38.0,85.0
203.0,129.0,39.0,85.0
197.0,127.0,38.0,86.0
192.0,124.0,39.0,86.0
187.0,123.0,38.0,87.0
182.0,123.0,39.0,88.0
176.0,123.0,39.0,89.0
171.0,122.0,39.0,89.0
167.0,122.0,40.0,90.0
161.0,121.0,39.0,91.0
156.0,121.0,40.0,91.0
151.0,121.0,40.0,92.0
145.0,121.0,41.0,92.0
140.0,121.0,41.0,92.0
135.0,120.0,40.0,93.0
132.0,119.0,40.0,94.0
127.0,119.0,40.0,94.0
125.0,118.0,40.0,95.0
123.0,117.0,40.0,96.0
120.0,118.0,40.0,96.0
118.0,119.0,40.0,96.0
117.0,119.0,39.0,96.0
116.0,119.0,39.0,96.0
115.0,122.0,39.0,96.0
115.0,121.0,39.0,96.0
115.0,123.0,39.0,95.0
116.0,124.0,39.0,96.0
117.0,126.0,39.0,96.0
117.0,128.0,39.0,95.0
118.0,130.0,39.0,95.0
119.0,132.0,39.0,95.0
122.0,134.0,39.0,95.0
124.0,136.0,38.0,96.0
125.0,140.0,38.0,95.0
128.0,141.0,38.0,94.0
130.0,146.0,38.0,94.0
133.0,148.0,38.0,94.0
136.0,150.0,37.0,93.0
138.0,154.0,37.0,92.0
141.0,157.0,37.0,92.0
144.0,158.0,37.0,92.0
148.0,158.0,37.0,92.0
150.0,159.0,36.0,93.0
152.0,158.0,37.0,92.0
154.0,157.0,37.0,91.0
156.0,155.0,37.0,92.0
158.0,156.0,37.0,91.0
161.0,153.0,37.0,90.0
163.0,151.0,37.0,90.0
164.0,147.0,37.0,89.0
166.0,143.0,37.0,89.0
169.0,139.0,37.0,89.0
171.0,134.0,37.0,89.0
172.0,129.0,37.0,89.0
173.0,123.0,37.0,89.0
175.0,118.0,38.0,89.0
176.0,114.0,38.0,89.0
177.0,108.0,38.0,88.0
177.0,103.0,39.0,88.0
177.0,98.0,39.0,88.0
178.0,91.0,38.0,89.0
178.0,86.0,39.0,89.0
177.0,80.0,38.0,90.0
175.0,74.0,38.0,90.0
174.0,70.0,39.0,90.0
173.0,64.0,39.0,90.0
171.0,59.0,39.0,90.0
168.0,55.0,39.0,90.0
165.0,54.0,39.0,90.0
163.0,50.0,39.0,90.0
157.0,49.0,40.0,89.0
153.0,49.0,41.0,88.0
149.0,47.0,41.0,88.0
145.0,48.0,41.0,88.0
140.0,49.0,41.0,89.0
138.0,50.0,40.0,89.0
133.0,50.0,40.0,89.0
128.0,51.0,40.0,90.0
123.0,52.0,40.0,90.0
118.0,56.0,40.0,90.0
114.0,57.0,40.0,91.0
110.0,59.0,40.0,91.0
105.0,64.0,40.0,91.0
103.0,67.0,40.0,92.0
101.0,71.0,40.0,92.0
100.0,75.0,40.0,93.0
100.0,80.0,40.0,94.0
99.0,85.0,40.0,94.0
98.0,89.0,40.0,94.0
98.0,93.0,39.0,94.0
98.0,99.0,40.0,94.0
99.0,104.0,40.0,94.0
98.0,110.0,40.0,93.0
100.0,116.0,40.0,94.0
101.0,121.0,39.0,94.0
102.0,126.0,39.0,94.0
102.0,132.0,39.0,94.0
104.0,134.0,39.0,95.0
105.0,139.0,39.0,94.0
108.0,142.0,39.0,95.0
111.0,144.0,39.0,95.0
113.0,148.0,39.0,95.0
117.0,152.0,39.0,95.0
119.0,157.0,39.0,95.0
123.0,160.0,39.0,94.0
127.0,163.0,39.0,94.0
131.0,166.0,39.0,95.0
134.0,169.0,39.0,95.0
137.0,172.0,39.0,95.0
141.0,172.0,39.0,95.0
145.0,175.0,39.0,95.0
149.0,177.0,39.0,95.0
154.0,175.0,38.0,96.0
157.0,178.0,38.0,96.0
161.0,175.0,38.0,96.0
166.0,175.0,39.0,95.0
170.0,175.0,39.0,94.0
173.0,175.0,39.0,93.0
176.0,173.0,39.0,93.0
179.0,172.0,40.0,92.0
182.0,171.0,39.0,92.0
184.0,170.0,40.0,91.0
187.0,167.0,40.0,90.0
188.0,164.0,40.0,90.0
190.0,161.0,40.0,90.0
190.0,157.0,39.0,90.0
190.0,154.0,39.0,90.0
190.0,153.0,39.0,90.0
191.0,150.0,39.0,90.0
192.0,148.0,39.0,89.0
191.0,145.0,39.0,89.0
191.0,139.0,39.0,89.0
192.0,135.0,39.0,90.0
191.0,130.0,39.0,89.0
190.0,126.0,39.0,90.0
190.0,123.0,39.0,89.0
188.0,119.0,40.0,89.0
186.0,116.0,39.0,90.0
184.0,111.0,39.0,90.0
181.0,107.0,40.0,90.0
176.0,105.0,40.0,91.0
174.0,103.0,39.0,92.0
170.0,102.0,39.0,92.0
168.0,102.0,39.0,93.0
165.0,102.0,39.0,93.0
160.0,104.0,39.0,93.0
159.0,109.0,40.0,93.0
156.0,113.0,40.0,93.0
155.0,119.0,39.0,94.0
153.0,124.0,39.0,94.0
154.0,128.0,40.0,94.0
154.0,132.0,40.0,93.0
153.0,131.0,40.0,94.0
153.0,130.0,40.0,94.0
152.0,126.0,41.0,94.0
151.0,119.0,41.0,94.0
153.0,111.0,42.0,95.0
152.0,104.0,41.0,96.0
151.0,98.0,41.0,97.0
151.0,93.0,41.0,98.0
149.0,92.0,41.0,98.0
146.0,93.0,40.0,99.0
143.0,96.0,40.0,99.0
139.0,99.0,40.0,98.0
136.0,104.0,40.0,98.0
132.0,109.0,41.0,97.0
130.0,114.0,41.0,96.0
129.0,118.0,41.0,96.0
128.0,121.0,42.0,96.0
128.0,123.0,42.0,95.0
129.0,121.0,42.0,95.0
130.0,120.0,42.0,96.0
131.0,117.0,42.0,96.0
129.0,112.0,43.0,96.0
129.0,105.0,42.0,98.0
128.0,99.0,42.0,98.0
127.0,94.0,43.0,99.0
127.0,91.0,43.0,99.0
125.0,89.0,43.0,100.0
126.0,88.0,43.0,100.0
125.0,89.0,42.0,101.0
124.0,90.0,42.0,102.0
125.0,94.0,43.0,102.0
126.0,99.0,43.0,102.0
127.0,104.0,43.0,102.0
129.0,109.0,43.0,102.0
132.0,116.0,43.0,102.0
137.0,118.0,43.0,102.0
140.0,119.0,43.0,103.0
142.0,118.0,44.0,102.0
145.0,115.0,44.0,102.0
147.0,110.0,45.0,102.0
150.0,103.0,45.0,103.0
153.0,95.0,44.0,105.0
156.0,88.0,45.0,105.0
158.0,80.0,45.0,106.0
161.0,72.0,45.0,108.0
162.0,66.0,45.0,109.0
162.0,63.0,46.0,109.0
163.0,60.0,45.0,111.0
158.0,61.0,45.0,110.0
159.0,62.0,46.0,110.0
158.0,66.0,46.0,111.0
157.0,71.0,47.0,110.0
156.0,75.0,47.0,109.0
157.0,82.0,47.0,110.0
158.0,84.0,47.0,109.0
161.0,86.0,47.0,111.0
162.0,87.0,47.0,112.0
163.0,87.0,47.0,112.0
164.0,85.0,48.0,111.0
165.0,80.0,49.0,112.0
166.0,73.0,50.0,113.0
166.0,67.0,50.0,114.0
164.0,62.0,51.0,115.0
164.0,58.0,51.0,117.0
162.0,54.0,52.0,117.0
159.0,54.0,53.0,117.0
158.0,54.0,53.0,119.0
156.0,60.0,53.0,119.0
155.0,68.0,53.0,118.0
155.0,77.0,53.0,119.0
155.0,86.0,53.0,119.0
155.0,92.0,54.0,118.0
157.0,98.0,54.0,118.0
158.0,95.0,53.0,119.0
159.0,96.0,54.0,118.0
161.0,91.0,54.0,120.0
163.0,87.0,55.0,121.0
163.0,80.0,55.0,123.0
161.0,73.0,56.0,124.0
159.0,66.0,57.0,126.0
156.0,60.0,58.0,126.0
153.0,55.0,59.0,127.0
151.0,49.0,58.0,130.0
148.0,45.0,59.0,131.0
144.0,43.0,60.0,131.0
142.0,47.0,60.0,131.0
142.0,51.0,60.0,131.0
141.0,56.0,60.0,131.0
142.0,61.0,60.0,131.0
144.0,67.0,59.0,131.0
146.0,74.0,59.0,131.0
148.0,77.0,59.0,131.0
150.0,79.0,59.0,132.0
152.0,83.0,59.0,132.0
152.0,81.0,59.0,131.0
153.0,80.0,59.0,131.0
160.0,85.0,58.0,131.0
163.0,82.0,59.0,130.0
168.0,80.0,58.0,130.0
175.0,78.0,58.0,129.0
185.0,77.0,57.0,129.0
197.0,75.0,57.0,129.0
203.0,70.0,57.0,130.0
211.0,65.0,58.0,129.0
220.0,63.0,57.0,131.0
226.0,61.0,57.0,132.0
229.0,63.0,58.0,131.0
233.0,63.0,58.0,131.0
236.0,65.0,58.0,131.0
232.0,68.0,58.0,131.0
233.0,69.0,58.0,131.0
229.0,73.0,57.0,132.0
222.0,76.0,58.0,131.0
218.0,78.0,58.0,130.0
213.0,84.0,58.0,130.0
205.0,85.0,59.0,130.0
198.0,90.0,59.0,129.0
189.0,95.0,60.0,129.0
182.0,99.0,60.0,129.0
175.0,101.0,60.0,130.0
168.0,106.0,59.0,130.0
162.0,111.0,59.0,130.0
156.0,116.0,59.0,129.0
151.0,120.0,60.0,128.0
148.0,126.0,60.0,128.0
146.0,127.0,60.0,128.0
142.0,128.0,60.0,128.0
143.0,133.0,58.0,129.0
143.0,135.0,58.0,129.0
143.0,138.0,58.0,128.0
144.0,141.0,56.0,127.0
147.0,145.0,57.0,126.0
149.0,148.0,56.0,125.0
152.0,149.0,55.0,123.0
157.0,148.0,55.0,122.0
159.0,150.0,55.0,122.0
163.0,149.0,54.0,122.0
164.0,149.0,54.0,120.0
168.0,148.0,53.0,120.0
172.0,145.0,52.0,120.0
176.0,144.0,52.0,119.0
179.0,141.0,52.0,118.0
181.0,137.0,52.0,118.0
183.0,136.0,52.0,117.0
184.0,131.0,52.0,117.0
184.0,128.0,53.0,115.0
184.0,123.0,53.0,115.0
183.0,122.0,53.0,114.0
182.0,118.0,52.0,116.0
180.0,114.0,52.0,116.0
177.0,109.0,52.0,116.0
173.0,103.0,52.0,116.0
169.0,100.0,52.0,116.0
165.0,96.0,52.0,116.0
162.0,94.0,52.0,116.0
157.0,92.0,53.0,116.0
155.0,91.0,52.0,116.0
152.0,92.0,51.0,116.0
148.0,93.0,51.0,116.0
146.0,93.0,50.0,116.0
144.0,96.0,50.0,115.0
144.0,96.0,49.0,116.0
143.0,98.0,49.0,115.0
143.0,99.0,48.0,115.0
144.0,102.0,48.0,114.0
145.0,104.0,47.0,114.0
145.0,106.0,47.0,113.0
145.0,107.0,47.0,112.0
148.0,110.0,47.0,112.0
150.0,111.0,46.0,112.0
151.0,113.0,46.0,111.0
154.0,115.0,46.0,110.0
156.0,115.0,46.0,109.0
159.0,117.0,46.0,109.0
163.0,118.0,45.0,108.0
168.0,119.0,45.0,108.0
173.0,121.0,45.0,108.0
177.0,122.0,45.0,107.0
182.0,120.0,45.0,105.0
186.0,120.0,45.0,104.0
191.0,122.0,46.0,103.0
201.0,121.0,46.0,103.0
206.0,121.0,46.0,102.0
210.0,119.0,45.0,101.0
219.0,121.0,45.0,101.0
222.0,119.0,45.0,101.0
224.0,119.0,45.0,100.0
230.0,121.0,45.0,99.0
232.0,120.0,45.0,98.0
234.0,121.0,45.0,98.0
235.0,120.0,45.0,96.0
234.0,120.0,45.0,96.0
234.0,121.0,44.0,97.0
232.0,122.0,43.0,96.0
230.0,123.0,44.0,96.0
226.0,123.0,45.0,94.0
221.0,122.0,45.0,94.0
217.0,122.0,45.0,94.0
213.0,120.0,45.0,94.0
207.0,119.0,44.0,93.0
201.0,120.0,45.0,93.0
194.0,119.0,43.0,94.0
188.0,119.0,43.0,94.0
181.0,119.0,43.0,93.0
176.0,120.0,43.0,94.0
171.0,121.0,43.0,94.0
166.0,121.0,43.0,94.0
157.0,122.0,43.0,94.0
152.0,123.0,43.0,93.0
146.0,125.0,43.0,92.0
140.0,126.0,43.0,92.0
135.0,127.0,43.0,91.0
131.0,128.0,43.0,91.0
125.0,129.0,43.0,91.0
121.0,131.0,43.0,91.0
118.0,133.0,42.0,92.0
114.0,136.0,42.0,92.0
111.0,137.0,42.0,92.0
108.0,140.0,42.0,91.0
106.0,141.0,42.0,91.0
103.0,144.0,42.0,91.0
103.0,145.0,41.0,91.0
103.0,147.0,41.0,91.0
103.0,150.0,41.0,90.0
104.0,150.0,40.0,91.0
105.0,152.0,40.0,90.0
108.0,154.0,40.0,90.0
109.0,156.0,39.0,90.0
112.0,157.0,39.0,89.0
115.0,159.0,38.0,89.0
119.0,161.0,38.0,88.0
125.0,161.0,38.0,87.0
128.0,163.0,38.0,87.0
132.0,165.0,38.0,86.0
136.0,166.0,38.0,85.0
143.0,169.0,37.0,85.0
147.0,170.0,37.0,84.0
153.0,170.0,36.0,84.0
157.0,170.0,36.0,84.0
165.0,172.0,36.0,84.0
168.0,170.0,35.0,83.0
172.0,171.0,35.0,83.0
181.0,171.0,35.0,83.0
184.0,170.0,35.0,82.0
188.0,169.0,35.0,82.0
193.0,168.0,35.0,81.0
202.0,169.0,35.0,80.0
207.0,167.0,35.0,80.0
214.0,166.0,35.0,80.0
218.0,165.0,35.0,79.0
226.0,164.0,35.0,79.0
230.0,161.0,35.0,79.0
237.0,160.0,36.0,79.0
240.0,158.0,36.0,78.0
247.0,160.0,37.0,78.0
250.0,158.0,36.0,78.0
254.0,156.0,36.0,78.0
257.0,155.0,36.0,78.0
262.0,153.0,36.0,78.0
266.0,152.0,36.0,78.0
268.0,149.0,36.0,78.0
270.0,148.0,36.0,78.0
271.0,146.0,36.0,78.0
273.0,144.0,36.0,78.0
273.0,142.0,35.0,78.0
274.0,140.0,36.0,78.0
274.0,139.0,36.0,78.0
273.0,137.0,36.0,78.0
272.0,136.0,36.0,78.0
269.0,134.0,36.0,78.0
267.0,132.0,37.0,78.0
263.0,131.0,37.0,79.0
260.0,131.0,37.0,79.0
256.0,130.0,37.0,80.0
253.0,130.0,37.0,80.0
248.0,129.0,37.0,80.0
244.0,129.0,37.0,81.0
241.0,127.0,38.0,81.0
236.0,128.0,38.0,80.0
230.0,128.0,38.0,80.0
227.0,130.0,38.0,80.0
222.0,129.0,39.0,80.0
218.0,130.0,38.0,80.0
212.0,130.0,39.0,80.0
207.0,130.0,38.0,80.0
202.0,130.0,37.0,82.0
197.0,129.0,38.0,82.0
191.0,128.0,38.0,81.0
185.0,129.0,38.0,81.0
178.0,130.0,39.0,81.0
173.0,130.0,39.0,81.0
169.0,130.0,38.0,82.0
163.0,133.0,38.0,82.0
158.0,132.0,38.0,82.0
153.0,132.0,38.0,83.0
149.0,133.0,38.0,83.0
146.0,134.0,37.0,84.0
143.0,135.0,37.0,85.0
140.0,139.0,37.0,85.0
138.0,139.0,37.0,85.0
135.0,139.0,37.0,86.0
132.0,144.0,37.0,86.0
131.0,144.0,37.0,86.0
131.0,144.0,37.0,87.0
130.0,146.0,37.0,87.0
129.0,147.0,37.0,88.0
129.0,149.0,36.0,88.0
129.0,151.0,37.0,88.0
128.0,154.0,36.0,88.0
130.0,158.0,36.0,88.0
130.0,159.0,36.0,87.0
132.0,161.0,35.0,87.0
134.0,163.0,35.0,86.0
137.0,165.0,36.0,85.0
140.0,165.0,36.0,85.0
144.0,166.0,35.0,84.0
148.0,166.0,35.0,83.0
153.0,166.0,35.0,84.0
157.0,169.0,35.0,83.0
161.0,168.0,34.0,82.0
166.0,167.0,34.0,82.0
169.0,167.0,34.0,82.0
172.0,167.0,34.0,81.0
176.0,167.0,34.0,81.0
179.0,167.0,34.0,81.0
183.0,167.0,33.0,80.0
185.0,166.0,34.0,80.0
189.0,164.0,34.0,80.0
191.0,162.0,34.0,79.0
194.0,161.0,33.0,79.0
196.0,160.0,33.0,78.0
199.0,157.0,33.0,78.0
202.0,155.0,33.0,77.0
203.0,152.0,33.0,77.0
206.0,149.0,33.0,77.0
208.0,146.0,33.0,77.0
210.0,144.0,33.0,77.0
211.0,140.0,33.0,76.0
212.0,136.0,34.0,76.0
212.0,132.0,33.0,77.0
215.0,127.0,33.0,77.0
214.0,122.0,33.0,77.0
215.0,117.0,33.0,78.0
215.0,112.0,33.0,78.0
214.0,108.0,33.0,78.0
213.0,103.0,33.0,79.0
211.0,98.0,34.0,78.0
210.0,93.0,34.0,80.0
209.0,88.0,34.0,80.0
207.0,83.0,34.0,80.0
205.0,79.0,34.0,81.0
202.0,75.0,34.0,81.0
198.0,72.0,34.0,81.0
194.0,70.0,35.0,81.0
188.0,67.0,35.0,81.0
183.0,66.0,35.0,81.0
178.0,66.0,35.0,81.0
173.0,66.0,36.0,81.0
167.0,66.0,36.0,81.0
160.0,66.0,36.0,81.0
154.0,70.0,36.0,81.0
148.0,74.0,36.0,81.0
142.0,79.0,36.0,81.0
135.0,84.0,35.0,81.0
131.0,88.0,35.0,81.0
126.0,95.0,35.0,81.0
122.0,100.0,35.0,81.0
117.0,107.0,36.0,81.0
115.0,111.0,35.0,81.0
112.0,116.0,35.0,81.0
109.0,123.0,36.0,81.0
108.0,128.0,36.0,81.0
107.0,134.0,36.0,81.0
106.0,140.0,36.0,81.0
106.0,144.0,36.0,81.0
107.0,149.0,36.0,82.0
108.0,154.0,36.0,81.0
110.0,156.0,36.0,82.0
112.0,160.0,35.0,82.0
116.0,161.0,35.0,82.0
119.0,164.0,35.0,82.0
123.0,165.0,35.0,82.0
125.0,167.0,35.0,81.0
128.0,169.0,35.0,81.0
131.0,170.0,35.0,81.0
134.0,171.0,35.0,82.0
138.0,172.0,35.0,82.0
141.0,173.0,35.0,82.0
143.0,174.0,35.0,81.0
148.0,174.0,35.0,81.0
151.0,175.0,34.0,82.0
154.0,176.0,34.0,82.0
158.0,177.0,34.0,82.0
161.0,177.0,35.0,82.0
163.0,178.0,34.0,82.0
165.0,179.0,34.0,82.0
167.0,180.0,34.0,82.0
168.0,179.0,34.0,82.0
169.0,179.0,34.0,82.0
169.0,178.0,34.0,82.0
169.0,176.0,34.0,81.0
169.0,175.0,34.0,81.0
170.0,174.0,34.0,81.0
170.0,173.0,34.0,81.0
164.0,174.0,34.0,81.0
165.0,169.0,35.0,81.0
163.0,167.0,35.0,81.0
164.0,164.0,36.0,80.0
164.0,160.0,37.0,80.0
164.0,155.0,37.0,81.0
165.0,151.0,37.0,82.0
166.0,146.0,37.0,83.0
166.0,140.0,37.0,83.0
167.0,134.0,37.0,84.0
167.0,129.0,37.0,85.0
167.0,124.0,37.0,86.0
167.0,119.0,38.0,86.0
168.0,114.0,38.0,87.0
169.0,108.0,39.0,87.0
170.0,104.0,39.0,88.0
170.0,100.0,39.0,88.0
172.0,98.0,39.0,89.0
172.0,94.0,39.0,89.0
172.0,93.0,39.0,90.0
173.0,92.0,39.0,90.0
174.0,90.0,39.0,91.0
171.0,89.0,39.0,91.0
173.0,89.0,39.0,91.0
175.0,91.0,39.0,91.0
175.0,90.0,39.0,92.0
174.0,92.0,39.0,92.0
174.0,92.0,39.0,92.0
173.0,93.0,39.0,92.0
173.0,94.0,39.0,93.0
172.0,95.0,39.0,94.0
171.0,98.0,39.0,94.0
172.0,98.0,38.0,95.0
170.0,99.0,38.0,94.0
169.0,101.0,39.0,94.0
168.0,103.0,39.0,93.0
167.0,105.0,39.0,93.0
166.0,110.0,39.0,93.0
165.0,110.0,39.0,92.0
164.0,113.0,39.0,92.0
162.0,115.0,39.0,91.0
162.0,118.0,39.0,92.0
162.0,119.0,38.0,91.0
160.0,123.0,38.0,91.0
160.0,125.0,38.0,91.0
160.0,127.0,38.0,90.0
159.0,129.0,37.0,90.0
158.0,132.0,37.0,90.0
158.0,134.0,38.0,88.0
158.0,137.0,38.0,88.0
158.0,140.0,38.0,87.0
159.0,143.0,38.0,87.0
159.0,143.0,38.0,88.0
161.0,145.0,37.0,88.0
162.0,148.0,36.0,88.0
163.0,152.0,36.0,86.0
164.0,153.0,36.0,86.0
165.0,155.0,35.0,86.0
167.0,157.0,35.0,85.0
168.0,158.0,35.0,85.0
168.0,159.0,35.0,84.0
170.0,158.0,35.0,84.0
171.0,159.0,35.0,83.0
172.0,158.0,34.0,83.0
174.0,159.0,35.0,82.0
175.0,158.0,35.0,82.0
175.0,157.0,35.0,82.0
178.0,158.0,35.0,82.0
179.0,156.0,36.0,81.0
183.0,155.0,36.0,81.0
186.0,153.0,36.0,82.0
188.0,153.0,37.0,81.0
190.0,150.0,37.0,81.0
193.0,147.0,37.0,82.0
196.0,145.0,37.0,82.0
200.0,144.0,38.0,82.0
204.0,142.0,38.0,82.0
207.0,140.0,38.0,82.0
210.0,140.0,37.0,82.0
213.0,139.0,37.0,83.0
217.0,138.0,37.0,84.0
220.0,137.0,37.0,83.0
223.0,136.0,38.0,83.0
226.0,135.0,38.0,84.0
229.0,136.0,38.0,84.0
232.0,135.0,38.0,84.0
234.0,134.0,38.0,85.0
237.0,135.0,38.0,85.0
239.0,134.0,38.0,85.0
240.0,134.0,38.0,85.0
242.0,132.0,39.0,85.0
244.0,132.0,38.0,86.0
246.0,131.0,38.0,86.0
247.0,131.0,39.0,86.0
246.0,131.0,38.0,87.0
246.0,131.0,38.0,88.0
245.0,132.0,38.0,88.0
242.0,131.0,38.0,88.0
241.0,131.0,38.0,89.0
238.0,133.0,39.0,88.0
236.0,132.0,39.0,88.0
233.0,132.0,39.0,88.0
231.0,133.0,40.0,87.0
229.0,133.0,40.0,88.0
229.0,134.0,40.0,88.0
227.0,132.0,40.0,88.0
224.0,135.0,40.0,87.0
219.0,136.0,40.0,87.0
217.0,137.0,41.0,87.0
213.0,139.0,41.0,87.0
209.0,141.0,41.0,87.0
204.0,141.0,41.0,87.0
201.0,144.0,40.0,87.0
199.0,141.0,40.0,88.0
194.0,143.0,40.0,88.0
190.0,141.0,40.0,88.0
185.0,144.0,39.0,88.0
182.0,144.0,40.0,88.0
178.0,145.0,40.0,88.0
176.0,145.0,40.0,88.0
173.0,146.0,40.0,88.0
170.0,146.0,40.0,88.0
167.0,150.0,40.0,88.0
165.0,148.0,39.0,89.0
162.0,148.0,39.0,89.0
160.0,147.0,38.0,90.0
158.0,148.0,38.0,90.0
155.0,148.0,39.0,90.0
152.0,148.0,38.0,90.0
149.0,149.0,39.0,89.0
145.0,148.0,39.0,89.0
144.0,146.0,39.0,89.0
142.0,146.0,39.0,89.0
140.0,145.0,38.0,89.0
139.0,146.0,39.0,89.0
138.0,146.0,38.0,90.0
136.0,146.0,38.0,90.0
135.0,145.0,38.0,90.0
135.0,145.0,38.0,90.0
133.0,145.0,38.0,90.0
132.0,145.0,38.0,90.0
130.0,145.0,38.0,90.0
129.0,145.0,39.0,89.0
129.0,145.0,39.0,90.0
130.0,144.0,39.0,90.0
130.0,143.0,39.0,91.0
130.0,142.0,39.0,91.0
134.0,144.0,39.0,90.0
136.0,142.0,40.0,89.0
138.0,141.0,40.0,89.0
141.0,141.0,40.0,89.0
145.0,141.0,39.0,90.0
149.0,139.0,39.0,90.0
154.0,140.0,39.0,90.0
159.0,137.0,39.0,91.0
164.0,137.0,40.0,91.0
170.0,136.0,40.0,91.0
175.0,136.0,40.0,90.0
180.0,136.0,41.0,90.0
184.0,135.0,41.0,90.0
188.0,134.0,41.0,89.0
192.0,133.0,42.0,89.0
197.0,131.0,42.0,90.0
202.0,128.0,41.0,91.0
210.0,129.0,41.0,92.0
216.0,127.0,40.0,93.0
220.0,127.0,40.0,93.0
226.0,125.0,41.0,92.0
230.0,125.0,41.0,92.0
234.0,124.0,41.0,92.0
237.0,123.0,42.0,92.0
240.0,123.0,42.0,93.0
244.0,123.0,43.0,92.0
248.0,123.0,43.0,92.0
250.0,124.0,44.0,92.0
253.0,125.0,45.0,91.0
255.0,125.0,45.0,92.0
260.0,126.0,45.0,93.0
260.0,125.0,45.0,93.0
261.0,125.0,46.0,94.0
261.0,123.0,46.0,94.0
261.0,121.0,46.0,95.0
260.0,119.0,45.0,96.0
257.0,117.0,46.0,96.0
252.0,112.0,46.0,96.0
250.0,113.0,46.0,97.0
243.0,109.0,46.0,97.0
240.0,108.0,47.0,97.0
235.0,109.0,47.0,98.0
229.0,107.0,47.0,97.0
224.0,107.0,47.0,98.0
219.0,108.0,47.0,98.0
210.0,106.0,47.0,99.0
205.0,107.0,47.0,98.0
196.0,105.0,47.0,99.0
192.0,106.0,46.0,100.0
186.0,106.0,46.0,99.0
180.0,107.0,46.0,99.0
171.0,107.0,46.0,99.0
167.0,107.0,46.0,99.0
164.0,107.0,45.0,100.0
153.0,109.0,45.0,100.0
148.0,110.0,46.0,99.0
143.0,111.0,46.0,98.0
138.0,112.0,45.0,99.0
132.0,113.0,45.0,98.0
127.0,114.0,46.0,98.0
122.0,113.0,46.0,97.0
118.0,115.0,46.0,97.0
115.0,116.0,45.0,98.0
110.0,117.0,45.0,99.0
107.0,118.0,45.0,99.0
104.0,119.0,45.0,100.0
103.0,120.0,45.0,100.0
101.0,121.0,45.0,100.0
101.0,122.0,45.0,99.0
102.0,124.0,45.0,99.0
102.0,124.0,45.0,99.0
105.0,126.0,44.0,100.0
107.0,127.0,43.0,101.0
110.0,128.0,43.0,101.0
112.0,129.0,43.0,101.0
116.0,130.0,42.0,101.0
117.0,134.0,43.0,100.0
118.0,134.0,42.0,100.0
118.0,139.0,42.0,99.0
119.0,139.0,42.0,98.0
119.0,144.0,42.0,97.0
118.0,145.0,42.0,97.0
115.0,147.0,42.0,95.0
111.0,149.0,43.0,94.0
108.0,151.0,43.0,93.0
105.0,152.0,43.0,93.0
102.0,153.0,43.0,92.0
100.0,153.0,43.0,91.0
98.0,154.0,43.0,90.0
97.0,153.0,43.0,90.0
98.0,153.0,42.0,89.0
99.0,155.0,42.0,89.0
101.0,155.0,42.0,88.0
102.0,157.0,42.0,88.0
104.0,156.0,41.0,89.0
107.0,158.0,40.0,89.0
110.0,159.0,39.0,89.0
115.0,160.0,39.0,89.0
120.0,161.0,39.0,89.0
124.0,163.0,39.0,88.0
131.0,165.0,38.0,88.0
136.0,167.0,38.0,88.0
140.0,168.0,38.0,88.0
145.0,168.0,38.0,88.0
151.0,169.0,37.0,87.0
156.0,173.0,37.0,87.0
163.0,171.0,37.0,86.0
168.0,174.0,37.0,85.0
175.0,172.0,37.0,84.0
180.0,173.0,37.0,83.0
186.0,172.0,37.0,83.0
193.0,171.0,37.0,83.0
198.0,169.0,37.0,83.0
203.0,168.0,37.0,81.0
208.0,166.0,37.0,81.0
213.0,164.0,37.0,81.0
218.0,161.0,37.0,80.0
223.0,158.0,38.0,79.0
227.0,156.0,38.0,79.0
232.0,152.0,38.0,80.0
235.0,147.0,37.0,81.0
239.0,145.0,37.0,81.0
242.0,142.0,37.0,81.0
246.0,140.0,38.0,80.0
249.0,137.0,38.0,81.0
252.0,135.0,38.0,81.0
253.0,133.0,38.0,81.0
252.0,131.0,38.0,82.0
251.0,128.0,38.0,82.0
249.0,126.0,37.0,83.0
246.0,122.0,37.0,84.0
243.0,120.0,37.0,84.0
240.0,118.0,37.0,85.0
236.0,117.0,38.0,85.0
232.0,116.0,38.0,85.0
229.0,115.0,38.0,86.0
223.0,113.0,38.0,86.0
217.0,113.0,39.0,85.0
211.0,113.0,39.0,85.0
205.0,115.0,40.0,85.0
199.0,115.0,40.0,85.0
193.0,118.0,40.0,85.0
187.0,121.0,40.0,84.0
183.0,124.0,40.0,85.0
179.0,126.0,40.0,85.0
175.0,131.0,39.0,85.0
172.0,132.0,39.0,85.0
170.0,135.0,38.0,86.0
169.0,139.0,38.0,86.0
171.0,142.0,37.0,87.0
171.0,147.0,37.0,87.0
172.0,148.0,37.0,87.0
173.0,152.0,37.0,87.0
176.0,155.0,37.0,87.0
178.0,158.0,36.0,88.0
181.0,161.0,37.0,87.0
185.0,164.0,36.0,88.0
188.0,167.0,36.0,88.0
192.0,168.0,36.0,88.0
194.0,170.0,36.0,88.0
197.0,169.0,36.0,88.0
199.0,168.0,36.0,87.0
201.0,168.0,37.0,86.0
200.0,167.0,37.0,86.0
201.0,164.0,38.0,86.0
202.0,160.0,38.0,86.0
203.0,156.0,38.0,86.0
203.0,151.0,38.0,88.0
203.0,145.0,38.0,88.0
203.0,140.0,38.0,89.0
203.0,134.0,38.0,90.0
203.0,129.0,38.0,91.0
202.0,122.0,39.0,91.0
202.0,117.0,39.0,92.0
201.0,112.0,40.0,92.0
200.0,108.0,40.0,93.0
198.0,102.0,40.0,92.0
194.0,99.0,40.0,93.0
195.0,93.0,40.0,94.0
193.0,90.0,40.0,95.0
191.0,86.0,40.0,96.0
188.0,82.0,40.0,96.0
185.0,79.0,40.0,96.0
179.0,77.0,40.0,96.0
173.0,72.0,40.0,97.0
168.0,70.0,40.0,97.0
163.0,68.0,39.0,97.0
157.0,67.0,39.0,97.0
151.0,66.0,39.0,98.0
144.0,66.0,39.0,98.0
138.0,66.0,40.0,98.0
130.0,66.0,41.0,97.0
123.0,66.0,41.0,97.0
118.0,66.0,42.0,97.0
113.0,65.0,42.0,97.0
107.0,65.0,42.0,97.0
98.0,66.0,43.0,96.0
94.0,67.0,44.0,96.0
88.0,68.0,44.0,96.0
83.0,71.0,44.0,95.0
77.0,75.0,44.0,94.0
72.0,78.0,44.0,94.0
67.0,82.0,44.0,94.0
63.0,86.0,44.0,95.0
62.0,89.0,44.0,95.0
60.0,92.0,43.0,96.0
60.0,97.0,43.0,95.0
61.0,102.0,43.0,95.0
64.0,107.0,43.0,95.0
68.0,111.0,43.0,95.0
75.0,116.0,42.0,97.0
80.0,121.0,42.0,97.0
84.0,124.0,42.0,96.0
94.0,127.0,42.0,97.0
103.0,130.0,42.0,96.0
113.0,133.0,43.0,95.0
123.0,138.0,43.0,95.0
134.0,140.0,43.0,95.0
145.0,143.0,42.0,96.0
154.0,144.0,42.0,97.0
165.0,145.0,42.0,97.0
175.0,149.0,43.0,97.0
186.0,150.0,42.0,98.0
192.0,151.0,43.0,97.0
204.0,151.0,43.0,97.0
215.0,154.0,43.0,96.0
223.0,155.0,43.0,97.0
230.0,155.0,43.0,97.0
236.0,154.0,42.0,97.0
238.0,158.0,43.0,97.0
241.0,155.0,43.0,97.0
243.0,158.0,43.0,97.0
241.0,156.0,43.0,98.0
237.0,154.0,43.0,98.0
234.0,155.0,43.0,99.0
229.0,153.0,44.0,99.0
224.0,154.0,44.0,99.0
216.0,151.0,44.0,99.0
210.0,151.0,44.0,99.0
204.0,148.0,44.0,99.0
196.0,148.0,44.0,100.0
188.0,149.0,45.0,100.0
181.0,147.0,44.0,101.0
174.0,147.0,44.0,101.0
166.0,149.0,44.0,101.0
161.0,148.0,45.0,101.0
155.0,149.0,44.0,101.0
151.0,152.0,44.0,100.0
147.0,155.0,44.0,99.0
143.0,156.0,44.0,99.0
141.0,159.0,44.0,99.0
140.0,163.0,44.0,99.0
139.0,167.0,44.0,98.0
139.0,172.0,43.0,98.0
139.0,175.0,43.0,97.0
141.0,181.0,43.0,96.0
144.0,185.0,43.0,96.0
151.0,187.0,43.0,94.0
154.0,193.0,43.0,93.0
162.0,196.0,43.0,92.0
166.0,199.0,42.0,92.0
170.0,200.0,43.0,90.0
175.0,204.0,43.0,89.0
185.0,202.0,42.0,89.0
190.0,202.0,41.0,89.0
202.0,201.0,40.0,89.0
207.0,200.0,40.0,88.0
213.0,198.0,40.0,86.0
221.0,195.0,40.0,86.0
226.0,192.0,40.0,86.0
231.0,189.0,40.0,85.0
234.0,187.0,40.0,84.0
237.0,182.0,40.0,84.0
239.0,178.0,40.0,84.0
243.0,177.0,39.0,85.0
246.0,172.0,39.0,86.0
248.0,169.0,38.0,88.0
249.0,166.0,38.0,88.0
249.0,163.0,38.0,88.0
249.0,159.0,38.0,89.0
248.0,155.0,38.0,89.0
248.0,151.0,38.0,89.0
248.0,148.0,38.0,89.0
248.0,144.0,38.0,89.0
247.0,140.0,39.0,89.0
247.0,137.0,38.0,89.0
247.0,133.0,38.0,90.0
245.0,129.0,38.0,90.0
244.0,126.0,39.0,90.0
242.0,123.0,39.0,90.0
239.0,119.0,40.0,90.0
237.0,117.0,40.0,90.0
234.0,114.0,40.0,91.0
230.0,111.0,41.0,91.0
226.0,109.0,41.0,92.0
221.0,107.0,41.0,92.0
216.0,103.0,41.0,92.0
211.0,100.0,42.0,92.0
206.0,97.0,42.0,93.0
201.0,97.0,42.0,93.0
197.0,95.0,42.0,95.0
191.0,95.0,41.0,96.0
186.0,95.0,42.0,96.0
182.0,95.0,42.0,97.0
178.0,96.0,42.0,97.0
173.0,95.0,42.0,97.0
169.0,98.0,42.0,98.0
165.0,99.0,42.0,99.0
161.0,101.0,42.0,99.0
158.0,105.0,42.0,99.0
156.0,109.0,42.0,99.0
155.0,113.0,42.0,99.0
155.0,116.0,42.0,100.0
154.0,120.0,41.0,100.0
154.0,124.0,41.0,100.0
153.0,128.0,41.0,99.0
152.0,132.0,41.0,98.0
151.0,135.0,41.0,98.0
152.0,137.0,41.0,98.0
152.0,140.0,41.0,98.0
151.0,143.0,41.0,98.0
152.0,146.0,41.0,97.0
152.0,147.0,41.0,97.0
153.0,149.0,41.0,97.0
152.0,152.0,41.0,97.0
153.0,156.0,41.0,96.0
152.0,159.0,41.0,96.0
154.0,161.0,41.0,96.0
155.0,166.0,40.0,95.0
156.0,170.0,40.0,95.0
159.0,174.0,40.0,95.0
160.0,176.0,40.0,94.0
165.0,181.0,40.0,93.0
168.0,184.0,40.0,92.0
172.0,187.0,39.0,91.0
175.0,189.0,39.0,90.0
179.0,190.0,39.0,89.0
184.0,191.0,39.0,89.0
188.0,192.0,39.0,88.0
194.0,192.0,39.0,87.0
201.0,190.0,39.0,87.0
205.0,186.0,39.0,87.0
206.0,183.0,39.0,87.0
208.0,178.0,39.0,87.0
209.0,172.0,40.0,87.0
210.0,164.0,39.0,88.0
208.0,156.0,39.0,88.0
207.0,149.0,39.0,89.0
203.0,139.0,39.0,89.0
202.0,133.0,40.0,89.0
196.0,127.0,40.0,90.0
192.0,121.0,40.0,90.0
188.0,117.0,40.0,90.0
183.0,112.0,41.0,91.0
178.0,109.0,41.0,91.0
172.0,107.0,41.0,91.0
164.0,104.0,40.0,92.0
157.0,104.0,41.0,91.0
148.0,103.0,41.0,91.0
141.0,105.0,41.0,91.0
133.0,105.0,42.0,90.0
125.0,107.0,42.0,90.0
118.0,110.0,41.0,90.0
112.0,112.0,41.0,90.0
107.0,114.0,41.0,90.0
102.0,117.0,41.0,90.0
99.0,121.0,40.0,90.0
95.0,126.0,40.0,90.0
93.0,130.0,40.0,89.0
94.0,130.0,40.0,89.0
92.0,136.0,40.0,88.0
94.0,136.0,40.0,88.0
93.0,141.0,39.0,88.0
96.0,143.0,38.0,89.0
99.0,144.0,38.0,89.0
101.0,146.0,38.0,90.0
104.0,148.0,37.0,90.0
107.0,148.0,37.0,90.0
111.0,150.0,37.0,90.0
115.0,152.0,38.0,89.0
120.0,152.0,38.0,89.0
124.0,155.0,37.0,88.0
130.0,154.0,37.0,88.0
134.0,156.0,37.0,87.0
139.0,157.0,37.0,86.0
144.0,157.0,37.0,87.0
149.0,156.0,37.0,87.0
154.0,157.0,37.0,86.0
161.0,159.0,37.0,86.0
169.0,161.0,36.0,86.0
175.0,161.0,36.0,86.0
184.0,163.0,36.0,85.0
188.0,166.0,36.0,85.0
197.0,168.0,36.0,85.0
203.0,165.0,37.0,84.0
209.0,163.0,37.0,83.0
213.0,164.0,37.0,83.0
218.0,165.0,38.0,82.0
224.0,165.0,37.0,82.0
229.0,163.0,37.0,82.0
233.0,160.0,37.0,82.0
235.0,162.0,37.0,83.0
237.0,161.0,37.0,83.0
240.0,162.0,37.0,83.0
241.0,160.0,37.0,83.0
242.0,157.0,37.0,83.0
242.0,156.0,37.0,83.0
243.0,155.0,37.0,83.0
245.0,155.0,37.0,84.0
245.0,153.0,38.0,84.0
245.0,151.0,38.0,84.0
245.0,149.0,38.0,85.0
245.0,147.0,38.0,86.0
244.0,145.0,38.0,86.0
243.0,143.0,38.0,87.0
243.0,142.0,38.0,87.0
242.0,140.0,37.0,88.0
242.0,139.0,38.0,88.0
241.0,137.0,38.0,87.0
240.0,136.0,39.0,88.0
239.0,135.0,39.0,88.0
236.0,134.0,40.0,88.0
235.0,132.0,40.0,90.0
233.0,130.0,40.0,90.0
230.0,129.0,41.0,90.0
226.0,129.0,41.0,91.0
222.0,129.0,41.0,91.0
219.0,128.0,42.0,91.0
215.0,126.0,42.0,92.0
211.0,125.0,43.0,92.0
207.0,124.0,43.0,93.0
203.0,122.0,42.0,94.0
199.0,121.0,42.0,95.0
194.0,120.0,43.0,95.0
190.0,121.0,43.0,96.0
184.0,121.0,43.0,96.0
179.0,122.0,44.0,96.0
175.0,122.0,43.0,97.0
171.0,122.0,44.0,98.0
165.0,123.0,45.0,97.0
160.0,123.0,45.0,97.0
154.0,125.0,45.0,97.0
150.0,125.0,45.0,98.0
146.0,126.0,45.0,98.0
144.0,127.0,45.0,99.0
141.0,128.0,44.0,100.0
138.0,130.0,44.0,101.0
136.0,131.0,44.0,101.0
134.0,132.0,44.0,102.0
131.0,133.0,44.0,103.0
129.0,134.0,45.0,102.0
128.0,136.0,44.0,102.0
127.0,138.0,44.0,103.0
126.0,140.0,44.0,103.0
125.0,145.0,44.0,103.0
126.0,149.0,43.0,103.0
128.0,154.0,43.0,103.0
128.0,156.0,43.0,102.0
131.0,162.0,43.0,102.0
135.0,166.0,42.0,102.0
136.0,169.0,43.0,101.0
140.0,171.0,42.0,100.0
144.0,174.0,42.0,99.0
147.0,176.0,41.0,99.0
151.0,176.0,42.0,97.0
155.0,177.0,42.0,96.0
160.0,174.0,41.0,96.0
163.0,175.0,41.0,95.0
167.0,172.0,41.0,94.0
172.0,171.0,42.0,92.0
177.0,168.0,42.0,92.0
180.0,165.0,43.0,90.0
185.0,160.0,43.0,90.0
188.0,156.0,43.0,90.0
191.0,151.0,42.0,90.0
195.0,146.0,42.0,90.0
197.0,142.0,42.0,90.0
198.0,139.0,42.0,90.0
198.0,136.0,42.0,90.0
197.0,130.0,41.0,91.0
196.0,127.0,41.0,91.0
195.0,124.0,41.0,92.0
194.0,121.0,41.0,93.0
192.0,118.0,41.0,93.0
187.0,115.0,41.0,93.0
184.0,116.0,41.0,93.0
178.0,115.0,41.0,93.0
173.0,113.0,41.0,93.0
164.0,115.0,41.0,94.0
156.0,114.0,41.0,94.0
149.0,115.0,41.0,94.0
141.0,115.0,42.0,93.0
134.0,115.0,42.0,93.0
127.0,114.0,42.0,93.0
116.0,114.0,42.0,94.0
111.0,113.0,42.0,94.0
102.0,114.0,42.0,94.0
97.0,113.0,42.0,94.0
91.0,113.0,41.0,95.0
85.0,114.0,42.0,95.0
79.0,115.0,42.0,95.0
74.0,114.0,43.0,95.0
71.0,112.0,43.0,96.0
68.0,111.0,43.0,97.0
68.0,108.0,42.0,98.0
67.0,107.0,42.0,99.0
68.0,104.0,43.0,100.0
71.0,102.0,42.0,101.0
76.0,101.0,42.0,100.0
81.0,99.0,43.0,100.0
88.0,97.0,43.0,100.0
93.0,96.0,43.0,99.0
100.0,96.0,43.0,99.0
109.0,96.0,43.0,99.0
117.0,96.0,43.0,99.0
124.0,96.0,43.0,100.0
139.0,99.0,42.0,100.0
151.0,101.0,42.0,100.0
158.0,102.0,43.0,100.0
170.0,105.0,44.0,100.0
183.0,110.0,44.0,100.0
189.0,109.0,44.0,101.0
195.0,112.0,43.0,102.0
199.0,116.0,43.0,101.0
202.0,120.0,43.0,101.0
205.0,123.0,43.0,101.0
204.0,127.0,43.0,101.0
199.0,130.0,43.0,101.0
197.0,131.0,44.0,101.0
191.0,134.0,43.0,101.0
187.0,134.0,43.0,102.0
183.0,134.0,43.0,102.0
177.0,135.0,44.0,103.0
170.0,135.0,44.0,103.0
163.0,131.0,45.0,103.0
159.0,131.0,46.0,103.0
153.0,132.0,47.0,102.0
146.0,131.0,47.0,103.0
138.0,127.0,48.0,104.0
134.0,123.0,48.0,105.0
130.0,116.0,48.0,106.0
126.0,114.0,48.0,107.0
124.0,112.0,49.0,107.0
123.0,107.0,49.0,109.0
122.0,98.0,49.0,110.0
121.0,96.0,49.0,111.0
121.0,93.0,50.0,112.0
121.0,90.0,50.0,113.0
122.0,86.0,51.0,114.0
123.0,82.0,51.0,116.0
123.0,79.0,52.0,116.0
123.0,75.0,53.0,118.0
125.0,71.0,53.0,119.0
127.0,68.0,53.0,121.0
130.0,65.0,53.0,121.0
134.0,62.0,53.0,122.0
138.0,60.0,54.0,122.0
143.0,58.0,54.0,123.0
148.0,56.0,54.0,125.0
153.0,56.0,54.0,125.0
159.0,55.0,54.0,126.0
166.0,56.0,54.0,127.0
172.0,57.0,54.0,128.0
178.0,59.0,54.0,129.0
185.0,60.0,54.0,129.0
191.0,62.0,54.0,129.0
197.0,64.0,54.0,128.0
204.0,66.0,55.0,128.0
212.0,72.0,55.0,129.0
219.0,74.0,54.0,129.0
224.0,77.0,53.0,130.0
228.0,81.0,53.0,130.0
230.0,85.0,53.0,130.0
232.0,88.0,53.0,129.0
232.0,93.0,53.0,129.0
231.0,97.0,53.0,128.0
226.0,102.0,54.0,126.0
223.0,104.0,55.0,126.0
217.0,107.0,55.0,125.0
211.0,110.0,56.0,124.0
204.0,112.0,56.0,124.0
197.0,113.0,57.0,123.0
188.0,117.0,57.0,123.0
180.0,117.0,57.0,123.0
174.0,120.0,57.0,123.0
164.0,120.0,56.0,124.0
158.0,122.0,57.0,124.0
150.0,122.0,57.0,124.0
145.0,124.0,56.0,125.0
137.0,125.0,56.0,126.0
132.0,126.0,55.0,126.0
124.0,126.0,55.0,126.0
118.0,126.0,56.0,125.0
113.0,128.0,56.0,125.0
110.0,126.0,56.0,125.0
105.0,127.0,56.0,124.0
103.0,127.0,55.0,125.0
100.0,128.0,54.0,124.0
100.0,127.0,53.0,123.0
103.0,128.0,52.0,123.0
102.0,127.0,51.0,123.0
105.0,128.0,51.0,122.0
107.0,126.0,50.0,122.0
108.0,130.0,50.0,121.0
112.0,131.0,50.0,120.0
115.0,132.0,50.0,119.0
119.0,132.0,50.0,118.0
124.0,132.0,49.0,118.0
129.0,131.0,50.0,117.0
133.0,134.0,50.0,116.0
139.0,133.0,50.0,116.0
144.0,131.0,49.0,115.0
150.0,132.0,49.0,114.0
156.0,130.0,49.0,114.0
162.0,130.0,48.0,113.0
167.0,128.0,49.0,112.0
173.0,128.0,49.0,111.0
178.0,127.0,49.0,110.0
184.0,126.0,50.0,109.0
189.0,125.0,49.0,109.0
194.0,124.0,50.0,109.0
200.0,124.0,50.0,108.0
205.0,123.0,50.0,107.0
208.0,122.0,50.0,106.0
210.0,120.0,50.0,106.0
212.0,118.0,49.0,106.0
214.0,117.0,48.0,107.0
213.0,116.0,48.0,106.0
214.0,115.0,48.0,106.0
213.0,114.0,48.0,106.0
212.0,112.0,48.0,106.0
212.0,111.0,48.0,106.0
211.0,111.0,48.0,106.0
208.0,109.0,47.0,106.0
206.0,105.0,47.0,107.0
199.0,104.0,48.0,106.0
196.0,102.0,48.0,107.0
191.0,101.0,48.0,107.0
187.0,100.0,48.0,107.0
184.0,98.0,47.0,108.0
178.0,97.0,48.0,108.0
172.0,96.0,48.0,108.0
167.0,96.0,47.0,109.0
160.0,96.0,48.0,108.0
154.0,97.0,48.0,109.0
149.0,98.0,47.0,110.0
143.0,99.0,46.0,110.0
138.0,98.0,46.0,110.0
134.0,101.0,46.0,109.0
128.0,102.0,47.0,109.0
122.0,104.0,47.0,108.0
116.0,105.0,47.0,108.0
113.0,106.0,47.0,107.0
109.0,109.0,46.0,107.0
104.0,111.0,46.0,106.0
103.0,112.0,46.0,106.0
98.0,114.0,45.0,106.0
98.0,117.0,45.0,105.0
94.0,120.0,44.0,105.0
94.0,122.0,44.0,104.0
94.0,126.0,44.0,104.0
95.0,128.0,44.0,103.0
95.0,131.0,44.0,103.0
98.0,135.0,43.0,102.0
100.0,137.0,43.0,102.0
101.0,142.0,43.0,101.0
106.0,142.0,42.0,102.0
110.0,144.0,42.0,101.0
114.0,145.0,42.0,100.0
119.0,144.0,42.0,99.0
123.0,147.0,42.0,98.0
128.0,146.0,42.0,98.0
132.0,148.0,42.0,97.0
137.0,148.0,42.0,96.0
142.0,149.0,42.0,96.0
147.0,147.0,42.0,96.0
152.0,148.0,42.0,95.0
158.0,148.0,42.0,94.0
164.0,147.0,42.0,93.0
169.0,147.0,42.0,92.0
181.0,148.0,41.0,92.0
185.0,146.0,41.0,92.0
189.0,145.0,42.0,91.0
194.0,144.0,42.0,90.0
205.0,145.0,41.0,91.0
209.0,146.0,42.0,90.0
215.0,145.0,42.0,90.0
221.0,144.0,41.0,89.0
227.0,144.0,41.0,89.0
234.0,143.0,41.0,89.0
235.0,138.0,41.0,89.0
238.0,139.0,41.0,90.0
241.0,137.0,41.0,89.0
244.0,138.0,42.0,88.0
249.0,136.0,42.0,89.0
250.0,133.0,41.0,90.0
251.0,132.0,42.0,90.0
251.0,130.0,42.0,90.0
250.0,126.0,41.0,90.0
249.0,124.0,41.0,90.0
247.0,122.0,41.0,91.0
244.0,120.0,41.0,92.0
241.0,117.0,41.0,92.0
237.0,116.0,41.0,93.0
234.0,115.0,42.0,93.0
230.0,112.0,42.0,93.0
227.0,110.0,42.0,93.0
221.0,109.0,42.0,94.0
215.0,108.0,42.0,94.0
209.0,106.0,41.0,95.0
202.0,107.0,42.0,94.0
195.0,104.0,42.0,94.0
188.0,104.0,43.0,94.0
181.0,104.0,42.0,95.0
176.0,103.0,42.0,96.0
169.0,103.0,43.0,96.0
163.0,105.0,43.0,97.0
156.0,106.0,43.0,97.0
151.0,107.0,42.0,98.0
145.0,109.0,42.0,98.0
141.0,110.0,42.0,98.0
136.0,112.0,42.0,98.0
131.0,116.0,42.0,97.0
127.0,116.0,42.0,97.0
123.0,120.0,42.0,97.0
122.0,121.0,42.0,97.0
120.0,125.0,42.0,97.0
119.0,126.0,42.0,97.0
119.0,129.0,42.0,97.0
119.0,132.0,42.0,97.0
120.0,133.0,42.0,97.0
122.0,135.0,42.0,97.0
124.0,137.0,41.0,97.0
127.0,139.0,41.0,97.0
129.0,139.0,41.0,97.0
132.0,139.0,41.0,97.0
134.0,140.0,41.0,96.0
137.0,140.0,41.0,96.0
139.0,139.0,41.0,95.0
142.0,139.0,40.0,95.0
144.0,138.0,40.0,94.0
145.0,137.0,40.0,93.0
150.0,135.0,40.0,93.0
157.0,134.0,39.0,93.0
162.0,132.0,39.0,93.0
164.0,130.0,39.0,92.0
171.0,129.0,39.0,91.0
175.0,126.0,39.0,91.0
179.0,122.0,40.0,90.0
183.0,120.0,40.0,89.0
187.0,114.0,40.0,88.0
194.0,108.0,40.0,88.0
197.0,104.0,40.0,87.0
200.0,101.0,41.0,86.0
203.0,97.0,41.0,87.0
207.0,92.0,41.0,86.0
210.0,86.0,40.0,87.0
213.0,82.0,41.0,86.0
216.0,76.0,40.0,87.0
219.0,70.0,41.0,87.0
222.0,66.0,41.0,86.0
223.0,60.0,41.0,87.0
224.0,54.0,41.0,87.0
225.0,48.0,40.0,87.0
224.0,43.0,40.0,88.0
223.0,40.0,40.0,88.0
221.0,36.0,40.0,88.0
218.0,33.0,40.0,88.0
214.0,30.0,40.0,88.0
209.0,32.0,40.0,88.0
207.0,31.0,40.0,89.0
202.0,32.0,40.0,89.0
196.0,35.0,40.0,89.0
190.0,37.0,40.0,90.0
183.0,41.0,41.0,89.0
177.0,45.0,41.0,89.0
169.0,48.0,41.0,89.0
162.0,53.0,41.0,88.0
155.0,57.0,42.0,89.0
148.0,62.0,42.0,89.0
142.0,67.0,42.0,89.0
137.0,70.0,42.0,90.0
132.0,75.0,42.0,90.0
127.0,80.0,42.0,90.0
122.0,83.0,41.0,90.0
117.0,89.0,42.0,90.0
113.0,94.0,41.0,90.0
110.0,99.0,41.0,90.0
106.0,104.0,41.0,90.0
103.0,108.0,41.0,91.0
99.0,114.0,41.0,91.0
96.0,121.0,41.0,90.0
94.0,127.0,40.0,90.0
91.0,133.0,40.0,90.0
89.0,138.0,39.0,91.0
88.0,143.0,39.0,92.0
89.0,148.0,39.0,92.0
90.0,153.0,39.0,92.0
93.0,157.0,39.0,92.0
95.0,162.0,39.0,92.0
98.0,164.0,39.0,92.0
102.0,165.0,38.0,93.0
106.0,166.0,39.0,93.0
111.0,168.0,39.0,93.0
116.0,167.0,39.0,93.0
122.0,169.0,39.0,93.0
127.0,170.0,39.0,92.0
132.0,169.0,39.0,92.0
136.0,169.0,39.0,91.0
140.0,170.0,39.0,90.0
144.0,170.0,39.0,89.0
149.0,169.0,39.0,89.0
155.0,168.0,38.0,89.0
159.0,168.0,38.0,88.0
164.0,166.0,38.0,88.0
168.0,165.0,38.0,87.0
173.0,164.0,38.0,87.0
178.0,162.0,37.0,87.0
182.0,161.0,37.0,87.0
185.0,159.0,38.0,87.0
188.0,157.0,38.0,87.0
190.0,156.0,38.0,86.0
191.0,155.0,38.0,86.0
193.0,154.0,39.0,85.0
195.0,152.0,39.0,85.0
195.0,149.0,38.0,86.0
195.0,147.0,39.0,86.0
194.0,144.0,39.0,87.0
192.0,142.0,39.0,87.0
189.0,142.0,38.0,88.0
186.0,140.0,39.0,88.0
182.0,138.0,38.0,88.0
177.0,136.0,38.0,88.0
173.0,134.0,38.0,89.0
167.0,132.0,39.0,89.0
161.0,133.0,40.0,89.0
154.0,131.0,40.0,89.0
148.0,130.0,40.0,90.0
142.0,128.0,40.0,91.0
135.0,127.0,41.0,91.0
130.0,126.0,41.0,91.0
124.0,127.0,41.0,91.0
118.0,128.0,41.0,92.0
114.0,130.0,40.0,92.0
110.0,130.0,40.0,94.0
106.0,131.0,40.0,93.0
99.0,135.0,40.0,94.0
96.0,136.0,40.0,94.0
89.0,139.0,40.0,94.0
87.0,139.0,40.0,94.0
85.0,140.0,40.0,94.0
82.0,141.0,40.0,94.0
78.0,142.0,41.0,94.0
75.0,145.0,40.0,95.0
74.0,146.0,40.0,95.0
72.0,146.0,40.0,95.0
71.0,147.0,40.0,95.0
70.0,149.0,40.0,95.0
70.0,151.0,40.0,95.0
71.0,153.0,40.0,95.0
72.0,154.0,40.0,95.0
72.0,157.0,40.0,95.0
75.0,159.0,39.0,94.0
77.0,158.0,39.0,95.0
79.0,159.0,39.0,95.0
83.0,160.0,38.0,95.0
85.0,162.0,38.0,95.0
89.0,161.0,38.0,95.0
93.0,163.0,38.0,95.0
98.0,163.0,38.0,94.0
103.0,165.0,38.0,94.0
108.0,166.0,39.0,92.0
116.0,166.0,39.0,92.0
122.0,166.0,39.0,91.0
126.0,166.0,39.0,90.0
133.0,164.0,38.0,90.0
138.0,164.0,39.0,89.0
147.0,165.0,39.0,88.0
152.0,164.0,38.0,88.0
157.0,165.0,38.0,87.0
167.0,164.0,38.0,87.0
172.0,165.0,38.0,86.0
177.0,166.0,38.0,86.0
188.0,165.0,37.0,86.0
193.0,167.0,37.0,86.0
197.0,167.0,37.0,86.0
207.0,167.0,37.0,85.0
211.0,166.0,37.0,85.0
217.0,166.0,37.0,85.0
221.0,166.0,38.0,84.0
226.0,165.0,38.0,84.0
232.0,163.0,38.0,84.0
237.0,160.0,37.0,84.0
242.0,158.0,38.0,84.0
247.0,156.0,38.0,83.0
255.0,156.0,38.0,84.0
258.0,153.0,39.0,84.0
262.0,149.0,39.0,84.0
266.0,146.0,38.0,84.0
271.0,142.0,38.0,84.0
274.0,140.0,38.0,84.0
276.0,138.0,38.0,84.0
277.0,136.0,38.0,84.0
278.0,132.0,39.0,84.0
279.0,129.0,38.0,85.0
278.0,127.0,38.0,86.0
278.0,123.0,38.0,87.0
276.0,119.0,38.0,87.0
274.0,118.0,38.0,88.0
270.0,115.0,39.0,88.0
268.0,114.0,39.0,89.0
264.0,111.0,39.0,89.0
259.0,111.0,39.0,90.0
255.0,109.0,40.0,90.0
251.0,107.0,40.0,90.0
245.0,106.0,41.0,90.0
240.0,105.0,41.0,90.0
235.0,105.0,41.0,91.0
229.0,103.0,41.0,91.0
222.0,105.0,41.0,91.0
214.0,105.0,41.0,91.0
207.0,105.0,41.0,91.0
197.0,106.0,41.0,92.0
189.0,108.0,41.0,93.0
181.0,110.0,42.0,93.0
170.0,112.0,42.0,93.0
162.0,115.0,42.0,93.0
155.0,119.0,42.0,93.0
146.0,121.0,43.0,92.0
140.0,124.0,43.0,93.0
133.0,127.0,43.0,93.0
126.0,131.0,43.0,93.0
120.0,135.0,43.0,92.0
115.0,138.0,42.0,93.0
112.0,144.0,42.0,94.0
111.0,148.0,41.0,94.0
110.0,152.0,40.0,95.0
111.0,155.0,39.0,96.0
112.0,157.0,39.0,95.0
114.0,162.0,39.0,95.0
117.0,165.0,39.0,94.0
123.0,167.0,40.0,94.0
131.0,170.0,39.0,94.0
137.0,171.0,39.0,94.0
143.0,171.0,38.0,94.0
155.0,171.0,38.0,94.0
161.0,170.0,38.0,93.0
173.0,168.0,38.0,93.0
178.0,167.0,39.0,91.0
189.0,164.0,39.0,91.0
200.0,161.0,39.0,90.0
211.0,158.0,39.0,90.0
217.0,153.0,39.0,90.0
229.0,149.0,39.0,89.0
239.0,147.0,40.0,88.0
250.0,146.0,40.0,89.0
260.0,145.0,40.0,89.0
269.0,143.0,40.0,88.0
278.0,142.0,40.0,89.0
284.0,140.0,41.0,88.0
294.0,139.0,41.0,88.0
298.0,139.0,41.0,87.0
308.0,139.0,41.0,89.0
317.0,136.0,40.0,89.0
323.0,136.0,40.0,89.0
328.0,135.0,40.0,88.0
338.0,135.0,40.0,89.0
343.0,134.0,40.0,88.0
348.0,132.0,40.0,88.0
353.0,132.0,39.0,88.0
358.0,133.0,38.0,89.0
361.0,133.0,38.0,89.0
364.0,130.0,37.0,91.0
364.0,132.0,37.0,91.0
363.0,131.0,37.0,91.0
363.0,128.0,38.0,91.0
361.0,126.0,38.0,92.0
359.0,125.0,38.0,93.0
357.0,124.0,37.0,93.0
352.0,124.0,37.0,93.0
346.0,124.0,38.0,92.0
340.0,123.0,38.0,92.0
333.0,122.0,38.0,91.0
323.0,123.0,39.0,92.0
317.0,122.0,39.0,92.0
308.0,126.0,39.0,92.0
298.0,127.0,40.0,92.0
289.0,126.0,41.0,92.0
280.0,127.0,41.0,92.0
271.0,127.0,41.0,93.0
261.0,128.0,41.0,93.0
253.0,128.0,41.0,94.0
243.0,128.0,41.0,94.0
234.0,129.0,42.0,94.0
225.0,130.0,42.0,93.0
216.0,132.0,43.0,94.0
208.0,133.0,42.0,95.0
201.0,133.0,42.0,95.0
193.0,133.0,43.0,96.0
187.0,136.0,43.0,95.0
181.0,137.0,43.0,95.0
176.0,137.0,43.0,96.0
167.0,140.0,43.0,96.0
163.0,143.0,43.0,95.0
157.0,145.0,44.0,95.0
152.0,149.0,44.0,94.0
147.0,151.0,44.0,94.0
143.0,153.0,43.0,94.0
139.0,156.0,44.0,93.0
138.0,162.0,43.0,93.0
135.0,167.0,43.0,93.0
131.0,171.0,43.0,93.0
131.0,178.0,43.0,92.0
131.0,181.0,43.0,91.0
130.0,189.0,43.0,90.0
134.0,192.0,43.0,90.0
135.0,199.0,42.0,91.0
140.0,201.0,41.0,91.0
144.0,205.0,40.0,91.0
150.0,207.0,40.0,91.0
155.0,210.0,40.0,90.0
159.0,212.0,40.0,90.0
170.0,214.0,40.0,89.0
177.0,213.0,40.0,89.0
182.0,214.0,40.0,89.0
194.0,213.0,40.0,87.0
204.0,211.0,39.0,88.0
213.0,209.0,40.0,86.0
218.0,210.0,40.0,86.0
228.0,205.0,40.0,85.0
234.0,202.0,40.0,84.0
239.0,199.0,39.0,84.0
248.0,197.0,40.0,83.0
253.0,194.0,39.0,84.0
256.0,191.0,39.0,84.0
258.0,189.0,39.0,84.0
261.0,186.0,39.0,84.0
262.0,183.0,39.0,84.0
262.0,179.0,40.0,85.0
261.0,174.0,40.0,85.0
260.0,172.0,40.0,86.0
257.0,170.0,40.0,86.0
254.0,166.0,40.0,87.0
250.0,162.0,40.0,88.0
246.0,160.0,41.0,88.0
240.0,154.0,41.0,88.0
233.0,151.0,41.0,89.0
227.0,149.0,41.0,89.0
221.0,147.0,42.0,90.0
215.0,144.0,42.0,89.0
209.0,144.0,42.0,90.0
202.0,143.0,42.0,90.0
196.0,142.0,42.0,91.0
190.0,140.0,42.0,92.0
184.0,140.0,42.0,92.0
177.0,140.0,42.0,92.0
172.0,140.0,42.0,93.0
165.0,141.0,42.0,93.0
157.0,143.0,42.0,93.0
150.0,144.0,42.0,93.0
145.0,144.0,42.0,93.0
140.0,146.0,42.0,93.0
135.0,146.0,42.0,92.0
132.0,147.0,42.0,92.0
129.0,149.0,42.0,93.0
127.0,149.0,42.0,93.0
124.0,150.0,41.0,93.0
121.0,150.0,41.0,94.0
119.0,150.0,41.0,94.0
117.0,150.0,41.0,95.0
115.0,150.0,41.0,95.0
115.0,152.0,41.0,95.0
115.0,152.0,40.0,96.0
116.0,152.0,40.0,96.0
117.0,152.0,40.0,95.0
117.0,154.0,40.0,96.0
120.0,154.0,40.0,95.0
121.0,154.0,40.0,95.0
119.0,154.0,40.0,95.0
123.0,155.0,40.0,94.0
125.0,154.0,40.0,93.0
128.0,153.0,40.0,93.0
131.0,152.0,40.0,93.0
133.0,151.0,40.0,92.0
135.0,151.0,41.0,92.0
138.0,150.0,41.0,92.0
140.0,150.0,41.0,91.0
142.0,150.0,41.0,92.0
145.0,150.0,41.0,92.0
148.0,148.0,41.0,92.0
150.0,147.0,41.0,93.0
154.0,146.0,41.0,94.0
157.0,146.0,41.0,94.0
161.0,146.0,41.0,95.0
164.0,147.0,41.0,95.0
169.0,145.0,40.0,96.0
174.0,146.0,40.0,97.0
178.0,147.0,40.0,96.0
183.0,146.0,40.0,97.0
186.0,148.0,40.0,97.0
189.0,148.0,40.0,97.0
192.0,149.0,40.0,97.0
196.0,148.0,40.0,98.0
200.0,149.0,40.0,98.0
202.0,149.0,41.0,97.0
204.0,149.0,41.0,96.0
206.0,149.0,41.0,96.0
208.0,150.0,41.0,96.0
207.0,148.0,41.0,96.0
207.0,148.0,42.0,96.0
207.0,146.0,41.0,97.0
205.0,146.0,42.0,96.0
203.0,146.0,42.0,96.0
201.0,145.0,42.0,97.0
200.0,143.0,42.0,97.0
197.0,142.0,42.0,98.0
194.0,141.0,42.0,98.0
190.0,142.0,42.0,98.0
187.0,141.0,43.0,98.0
183.0,138.0,43.0,98.0
181.0,139.0,43.0,98.0
177.0,139.0,44.0,98.0
174.0,138.0,43.0,98.0
170.0,137.0,43.0,99.0
166.0,138.0,43.0,99.0
161.0,138.0,43.0,99.0
158.0,137.0,43.0,99.0
155.0,137.0,43.0,99.0
152.0,136.0,42.0,100.0
151.0,135.0,42.0,100.0
148.0,134.0,42.0,100.0
147.0,133.0,42.0,100.0
144.0,134.0,42.0,99.0
142.0,131.0,42.0,99.0
141.0,132.0,41.0,99.0
140.0,131.0,42.0,99.0
138.0,130.0,42.0,99.0
137.0,130.0,41.0,99.0
138.0,129.0,41.0,99.0
137.0,129.0,41.0,98.0
136.0,128.0,41.0,98.0
136.0,128.0,41.0,98.0
136.0,129.0,41.0,97.0
137.0,127.0,41.0,97.0
137.0,129.0,41.0,97.0
138.0,129.0,41.0,97.0
138.0,128.0,40.0,97.0
138.0,127.0,40.0,96.0
140.0,129.0,40.0,96.0
140.0,126.0,40.0,96.0
141.0,129.0,40.0,96.0
144.0,127.0,39.0,96.0
145.0,127.0,39.0,96.0
146.0,126.0,39.0,95.0
149.0,128.0,39.0,95.0
150.0,125.0,39.0,96.0
152.0,127.0,38.0,96.0
153.0,127.0,39.0,94.0
155.0,129.0,40.0,94.0
157.0,128.0,39.0,95.0
160.0,128.0,40.0,94.0
162.0,129.0,40.0,94.0
163.0,129.0,40.0,94.0
165.0,129.0,40.0,95.0
168.0,130.0,41.0,94.0
170.0,129.0,41.0,94.0
172.0,129.0,40.0,95.0
175.0,128.0,41.0,95.0
177.0,130.0,40.0,96.0
179.0,128.0,40.0,95.0
181.0,128.0,40.0,95.0
183.0,128.0,40.0,95.0
184.0,129.0,41.0,94.0
184.0,130.0,41.0,92.0
185.0,131.0,41.0,92.0
186.0,132.0,42.0,91.0
187.0,133.0,42.0,90.0
188.0,133.0,42.0,90.0
188.0,133.0,42.0,90.0
187.0,134.0,42.0,89.0
188.0,133.0,42.0,89.0
188.0,133.0,41.0,90.0
188.0,133.0,41.0,90.0
188.0,134.0,41.0,89.0
187.0,134.0,41.0,89.0
186.0,133.0,41.0,89.0
186.0,130.0,41.0,88.0
187.0,129.0,41.0,89.0
186.0,131.0,40.0,89.0
187.0,130.0,41.0,89.0
186.0,130.0,40.0,90.0
187.0,128.0,40.0,91.0
187.0,128.0,40.0,92.0
186.0,128.0,40.0,91.0
185.0,126.0,40.0,91.0
185.0,126.0,41.0,91.0
184.0,125.0,40.0,92.0
182.0,125.0,41.0,92.0
180.0,123.0,41.0,92.0
179.0,123.0,41.0,92.0
176.0,123.0,41.0,92.0
176.0,122.0,41.0,93.0
175.0,124.0,41.0,93.0
173.0,123.0,41.0,93.0
171.0,124.0,41.0,93.0
170.0,123.0,41.0,93.0
168.0,126.0,41.0,93.0
167.0,124.0,41.0,94.0
165.0,124.0,41.0,93.0
163.0,123.0,41.0,94.0
161.0,123.0,41.0,94.0
159.0,122.0,41.0,94.0
158.0,121.0,41.0,94.0
157.0,120.0,42.0,93.0
155.0,118.0,41.0,94.0
154.0,116.0,42.0,93.0
153.0,116.0,42.0,93.0
150.0,113.0,42.0,93.0
148.0,113.0,42.0,93.0
145.0,109.0,42.0,93.0
143.0,109.0,42.0,93.0
140.0,107.0,42.0,94.0
137.0,105.0,42.0,94.0
134.0,105.0,42.0,94.0
131.0,104.0,42.0,94.0
128.0,105.0,42.0,95.0
128.0,105.0,42.0,96.0
126.0,106.0,42.0,96.0
126.0,107.0,42.0,96.0
124.0,109.0,42.0,96.0
126.0,112.0,42.0,96.0
126.0,113.0,42.0,96.0
128.0,115.0,42.0,97.0
130.0,117.0,41.0,98.0
131.0,118.0,41.0,98.0
133.0,121.0,41.0,97.0
139.0,123.0,40.0,97.0
142.0,125.0,40.0,98.0
146.0,126.0,39.0,99.0
149.0,127.0,40.0,98.0
152.0,128.0,40.0,97.0
155.0,127.0,40.0,97.0
159.0,127.0,40.0,98.0
162.0,130.0,40.0,98.0
165.0,131.0,40.0,98.0
169.0,130.0,40.0,99.0
170.0,132.0,40.0,99.0
173.0,132.0,41.0,99.0
176.0,133.0,40.0,99.0
177.0,133.0,39.0,99.0
177.0,135.0,39.0,98.0
177.0,138.0,39.0,97.0
177.0,141.0,39.0,97.0
180.0,147.0,38.0,97.0
180.0,145.0,39.0,97.0
178.0,144.0,40.0,96.0
176.0,144.0,40.0,96.0
175.0,142.0,41.0,95.0
175.0,143.0,40.0,96.0
174.0,142.0,40.0,96.0
172.0,142.0,40.0,96.0
171.0,142.0,40.0,96.0
170.0,140.0,40.0,96.0
169.0,140.0,40.0,96.0
168.0,139.0,40.0,95.0
167.0,139.0,40.0,96.0
167.0,137.0,40.0,96.0
165.0,137.0,40.0,95.0
165.0,135.0,40.0,96.0
165.0,134.0,40.0,95.0
164.0,133.0,40.0,95.0
163.0,133.0,41.0,94.0
162.0,130.0,41.0,94.0
160.0,131.0,41.0,93.0
160.0,131.0,42.0,93.0
158.0,130.0,42.0,92.0
156.0,129.0,42.0,93.0
155.0,129.0,42.0,93.0
155.0,128.0,41.0,94.0
152.0,130.0,42.0,93.0
152.0,129.0,42.0,93.0
150.0,130.0,42.0,93.0
151.0,127.0,41.0,93.0
150.0,128.0,42.0,93.0
148.0,127.0,42.0,93.0
148.0,125.0,42.0,93.0
148.0,125.0,42.0,93.0
149.0,123.0,41.0,94.0
149.0,122.0,41.0,93.0
149.0,122.0,41.0,93.0
149.0,121.0,42.0,93.0
150.0,120.0,42.0,93.0
151.0,119.0,42.0,93.0
151.0,117.0,42.0,93.0
152.0,116.0,42.0,93.0
152.0,114.0,41.0,94.0
154.0,113.0,41.0,94.0
153.0,112.0,42.0,93.0
152.0,111.0,42.0,93.0
153.0,110.0,41.0,94.0
152.0,109.0,41.0,94.0
153.0,110.0,41.0,94.0
152.0,109.0,41.0,94.0
153.0,109.0,41.0,94.0
151.0,109.0,41.0,94.0
152.0,108.0,41.0,95.0
153.0,109.0,41.0,96.0
154.0,110.0,41.0,96.0
154.0,109.0,41.0,97.0
156.0,112.0,41.0,97.0
157.0,113.0,41.0,97.0
158.0,114.0,41.0,98.0
159.0,117.0,41.0,98.0
161.0,120.0,40.0,98.0
164.0,121.0,40.0,98.0
166.0,125.0,40.0,97.0
169.0,126.0,40.0,98.0
171.0,131.0,39.0,98.0
174.0,131.0,39.0,98.0
177.0,132.0,40.0,99.0
179.0,135.0,40.0,98.0
181.0,136.0,40.0,99.0
185.0,138.0,40.0,99.0
188.0,139.0,40.0,100.0
190.0,142.0,40.0,100.0
193.0,141.0,41.0,99.0
194.0,143.0,41.0,99.0
195.0,142.0,41.0,99.0
196.0,142.0,41.0,98.0
196.0,142.0,41.0,99.0
194.0,143.0,42.0,97.0
194.0,143.0,42.0,98.0
191.0,144.0,43.0,97.0
189.0,145.0,42.0,98.0
186.0,144.0,43.0,97.0
182.0,145.0,43.0,97.0
179.0,146.0,43.0,97.0
173.0,147.0,43.0,97.0
168.0,150.0,43.0,96.0
163.0,152.0,44.0,95.0
159.0,152.0,43.0,95.0
154.0,152.0,44.0,95.0
149.0,152.0,44.0,94.0
144.0,152.0,44.0,94.0
139.0,152.0,44.0,93.0
134.0,153.0,45.0,91.0
129.0,154.0,45.0,91.0
125.0,154.0,45.0,90.0
120.0,156.0,44.0,90.0
115.0,156.0,43.0,90.0
111.0,156.0,43.0,90.0
107.0,156.0,42.0,91.0
102.0,158.0,42.0,92.0
99.0,156.0,42.0,91.0
97.0,155.0,41.0,93.0
95.0,154.0,41.0,93.0
93.0,153.0,41.0,93.0
92.0,153.0,41.0,93.0
91.0,152.0,41.0,93.0
90.0,152.0,41.0,93.0
89.0,152.0,41.0,92.0
91.0,151.0,41.0,92.0
91.0,149.0,42.0,92.0
93.0,148.0,42.0,92.0
94.0,146.0,42.0,91.0
96.0,146.0,42.0,91.0
98.0,145.0,42.0,91.0
101.0,143.0,42.0,90.0
105.0,142.0,42.0,90.0
108.0,142.0,42.0,90.0
113.0,141.0,42.0,89.0
117.0,140.0,42.0,89.0
122.0,139.0,42.0,88.0
127.0,138.0,42.0,88.0
132.0,138.0,42.0,87.0
137.0,137.0,40.0,88.0
143.0,136.0,40.0,88.0
148.0,137.0,40.0,87.0
154.0,135.0,41.0,87.0
159.0,135.0,40.0,87.0
165.0,133.0,41.0,86.0
168.0,131.0,41.0,86.0
173.0,131.0,42.0,85.0
178.0,130.0,42.0,85.0
182.0,128.0,41.0,85.0
186.0,126.0,40.0,86.0
189.0,124.0,40.0,86.0
191.0,123.0,40.0,86.0
192.0,121.0,40.0,87.0
192.0,119.0,41.0,87.0
192.0,119.0,40.0,87.0
191.0,118.0,41.0,88.0
191.0,118.0,40.0,89.0
187.0,117.0,40.0,89.0
184.0,115.0,40.0,90.0
179.0,117.0,41.0,89.0
174.0,117.0,41.0,89.0
169.0,119.0,41.0,89.0
164.0,121.0,41.0,90.0
158.0,122.0,41.0,89.0
154.0,124.0,40.0,89.0
147.0,125.0,41.0,88.0
142.0,126.0,42.0,87.0
138.0,127.0,42.0,87.0
132.0,128.0,42.0,86.0
128.0,131.0,42.0,86.0
124.0,132.0,41.0,85.0
121.0,133.0,41.0,86.0
117.0,135.0,41.0,85.0
115.0,135.0,41.0,85.0
113.0,136.0,40.0,86.0
111.0,139.0,40.0,86.0
109.0,140.0,40.0,86.0
107.0,141.0,40.0,85.0
106.0,141.0,40.0,85.0
105.0,143.0,40.0,85.0
106.0,145.0,40.0,85.0
107.0,145.0,40.0,84.0
108.0,146.0,40.0,84.0
111.0,147.0,40.0,83.0
112.0,145.0,40.0,83.0
115.0,146.0,40.0,83.0
117.0,145.0,40.0,83.0
121.0,143.0,40.0,83.0
125.0,141.0,40.0,82.0
129.0,138.0,40.0,83.0
134.0,135.0,39.0,83.0
142.0,130.0,39.0,83.0
146.0,128.0,40.0,82.0
151.0,124.0,40.0,81.0
156.0,120.0,40.0,80.0
161.0,116.0,40.0,80.0
166.0,112.0,40.0,80.0
171.0,109.0,39.0,80.0
177.0,104.0,39.0,79.0
182.0,102.0,39.0,79.0
188.0,99.0,39.0,78.0
193.0,96.0,39.0,78.0
203.0,92.0,39.0,79.0
209.0,88.0,39.0,79.0
211.0,84.0,39.0,79.0
214.0,79.0,39.0,79.0
217.0,77.0,39.0,78.0
220.0,73.0,39.0,78.0
222.0,71.0,39.0,79.0
224.0,69.0,38.0,79.0
223.0,68.0,38.0,78.0
222.0,65.0,38.0,79.0
217.0,65.0,38.0,79.0
216.0,62.0,38.0,78.0
212.0,64.0,38.0,78.0
208.0,64.0,38.0,78.0
204.0,66.0,38.0,79.0
196.0,67.0,38.0,79.0
191.0,69.0,39.0,79.0
183.0,72.0,39.0,78.0
175.0,76.0,39.0,77.0
170.0,78.0,39.0,77.0
162.0,82.0,39.0,77.0
154.0,87.0,39.0,76.0
147.0,90.0,39.0,76.0
139.0,94.0,39.0,75.0
131.0,99.0,39.0,75.0
124.0,104.0,38.0,75.0
119.0,107.0,38.0,75.0
114.0,113.0,38.0,74.0
105.0,117.0,38.0,75.0
97.0,121.0,38.0,74.0
94.0,127.0,38.0,74.0
87.0,130.0,38.0,74.0
85.0,134.0,38.0,74.0
81.0,138.0,38.0,73.0
78.0,144.0,38.0,73.0
75.0,146.0,37.0,74.0
72.0,149.0,37.0,74.0
72.0,151.0,37.0,74.0
71.0,153.0,36.0,74.0
71.0,154.0,36.0,75.0
72.0,154.0,35.0,74.0
73.0,156.0,35.0,74.0
75.0,157.0,35.0,74.0
77.0,156.0,34.0,75.0
79.0,155.0,35.0,75.0
83.0,154.0,35.0,75.0
83.0,152.0,35.0,75.0
83.0,149.0,35.0,74.0
83.0,146.0,35.0,75.0
84.0,143.0,35.0,76.0
84.0,138.0,34.0,77.0
84.0,135.0,33.0,78.0
84.0,130.0,33.0,79.0
83.0,125.0,34.0,79.0
82.0,121.0,33.0,79.0
80.0,118.0,34.0,79.0
77.0,116.0,34.0,79.0
74.0,114.0,34.0,79.0
71.0,114.0,35.0,79.0
68.0,115.0,35.0,79.0
65.0,115.0,35.0,79.0
62.0,118.0,36.0,78.0
60.0,122.0,36.0,78.0
60.0,126.0,35.0,79.0
59.0,131.0,36.0,78.0
60.0,139.0,36.0,78.0
61.0,144.0,36.0,78.0
64.0,149.0,36.0,78.0
70.0,154.0,36.0,78.0
76.0,160.0,35.0,78.0
82.0,166.0,36.0,77.0
85.0,170.0,36.0,76.0
95.0,176.0,36.0,77.0
104.0,177.0,36.0,77.0
113.0,180.0,36.0,77.0
122.0,181.0,36.0,76.0
132.0,183.0,37.0,76.0
142.0,183.0,36.0,77.0
151.0,182.0,36.0,76.0
161.0,181.0,36.0,77.0
169.0,180.0,36.0,77.0
178.0,177.0,36.0,77.0
187.0,175.0,36.0,78.0
195.0,173.0,36.0,78.0
203.0,170.0,37.0,78.0
210.0,166.0,37.0,78.0
217.0,162.0,38.0,78.0
220.0,158.0,38.0,78.0
229.0,155.0,38.0,78.0
232.0,151.0,39.0,78.0
236.0,147.0,39.0,79.0
239.0,143.0,39.0,79.0
246.0,138.0,39.0,79.0
248.0,134.0,40.0,79.0
250.0,131.0,41.0,79.0
251.0,126.0,41.0,80.0
253.0,122.0,41.0,80.0
252.0,124.0,42.0,81.0
252.0,118.0,43.0,82.0
250.0,113.0,44.0,81.0
249.0,108.0,44.0,82.0
247.0,103.0,45.0,83.0
239.0,97.0,45.0,84.0
232.0,92.0,45.0,85.0
225.0,89.0,45.0,85.0
217.0,85.0,45.0,85.0
209.0,81.0,45.0,86.0
200.0,78.0,46.0,86.0
191.0,73.0,45.0,88.0
182.0,69.0,44.0,89.0
171.0,61.0,45.0,89.0
161.0,56.0,45.0,89.0
150.0,57.0,45.0,89.0
140.0,59.0,45.0,90.0
129.0,62.0,46.0,90.0
118.0,66.0,46.0,90.0
109.0,70.0,46.0,90.0
101.0,75.0,46.0,91.0
98.0,78.0,46.0,91.0
94.0,87.0,46.0,92.0
91.0,94.0,45.0,92.0
86.0,96.0,45.0,93.0
84.0,104.0,45.0,94.0
82.0,111.0,45.0,95.0
80.0,116.0,45.0,96.0
80.0,123.0,44.0,97.0
81.0,128.0,44.0,98.0
82.0,130.0,43.0,100.0
85.0,139.0,43.0,99.0
86.0,144.0,44.0,99.0
88.0,149.0,45.0,99.0
95.0,157.0,46.0,97.0
98.0,161.0,45.0,98.0
101.0,166.0,45.0,97.0
105.0,171.0,45.0,97.0
109.0,174.0,46.0,95.0
114.0,178.0,45.0,95.0
123.0,182.0,44.0,96.0
127.0,184.0,44.0,96.0
135.0,188.0,43.0,96.0
140.0,191.0,43.0,96.0
145.0,191.0,42.0,97.0
150.0,192.0,42.0,96.0
154.0,193.0,42.0,96.0
159.0,192.0,42.0,96.0
165.0,192.0,42.0,95.0
169.0,191.0,42.0,95.0
173.0,188.0,42.0,95.0
178.0,188.0,42.0,94.0
182.0,188.0,42.0,93.0
186.0,186.0,43.0,92.0
190.0,182.0,42.0,92.0
194.0,178.0,42.0,92.0
197.0,176.0,43.0,91.0
201.0,172.0,43.0,91.0
203.0,170.0,43.0,91.0
206.0,165.0,43.0,91.0
207.0,163.0,43.0,91.0
208.0,160.0,42.0,91.0
208.0,157.0,43.0,90.0
207.0,155.0,43.0,90.0
207.0,155.0,43.0,89.0
207.0,153.0,43.0,90.0
206.0,151.0,42.0,91.0
204.0,151.0,43.0,90.0
203.0,149.0,42.0,91.0
200.0,149.0,43.0,90.0
196.0,149.0,43.0,90.0
192.0,150.0,43.0,90.0
188.0,150.0,42.0,91.0
184.0,151.0,41.0,91.0
178.0,153.0,42.0,90.0
172.0,153.0,42.0,89.0
166.0,155.0,42.0,89.0
160.0,157.0,42.0,88.0
151.0,159.0,42.0,87.0
144.0,160.0,42.0,87.0
138.0,163.0,42.0,86.0
132.0,165.0,42.0,85.0
126.0,166.0,41.0,85.0
120.0,166.0,41.0,84.0
114.0,169.0,41.0,83.0
109.0,170.0,41.0,83.0
100.0,171.0,41.0,83.0
97.0,171.0,40.0,84.0
92.0,171.0,40.0,84.0
87.0,171.0,40.0,84.0
86.0,171.0,41.0,83.0
84.0,169.0,40.0,83.0
84.0,169.0,41.0,83.0
85.0,168.0,40.0,84.0
87.0,167.0,40.0,85.0
89.0,166.0,39.0,85.0
92.0,166.0,40.0,85.0
97.0,165.0,39.0,85.0
102.0,162.0,39.0,86.0
108.0,160.0,39.0,86.0
115.0,160.0,40.0,85.0
123.0,159.0,39.0,86.0
130.0,157.0,39.0,86.0
139.0,158.0,39.0,86.0
146.0,156.0,39.0,86.0
159.0,154.0,38.0,86.0
169.0,155.0,38.0,86.0
179.0,154.0,38.0,85.0
188.0,154.0,38.0,85.0
201.0,155.0,38.0,85.0
211.0,157.0,38.0,86.0
222.0,157.0,37.0,86.0
233.0,158.0,38.0,87.0
242.0,157.0,38.0,87.0
249.0,157.0,38.0,86.0
256.0,155.0,38.0,86.0
265.0,154.0,39.0,86.0
268.0,150.0,39.0,87.0
279.0,151.0,38.0,88.0
282.0,152.0,38.0,87.0
286.0,150.0,39.0,87.0
291.0,149.0,39.0,87.0
294.0,147.0,39.0,87.0
297.0,146.0,39.0,88.0
297.0,144.0,39.0,88.0
297.0,143.0,39.0,90.0
295.0,142.0,40.0,89.0
291.0,140.0,40.0,90.0
288.0,137.0,40.0,91.0
283.0,136.0,40.0,91.0
278.0,134.0,41.0,91.0
270.0,132.0,41.0,92.0
264.0,131.0,42.0,92.0
257.0,130.0,42.0,92.0
251.0,128.0,43.0,92.0
241.0,127.0,43.0,93.0
231.0,127.0,42.0,94.0
222.0,127.0,43.0,94.0
214.0,127.0,43.0,95.0
204.0,128.0,43.0,96.0
198.0,128.0,43.0,97.0
187.0,126.0,43.0,97.0
181.0,127.0,43.0,98.0
173.0,128.0,42.0,98.0
164.0,129.0,42.0,98.0
155.0,131.0,42.0,99.0
148.0,131.0,42.0,99.0
139.0,135.0,43.0,99.0
133.0,135.0,43.0,99.0
127.0,138.0,42.0,99.0
122.0,137.0,43.0,99.0
118.0,138.0,43.0,99.0
115.0,141.0,44.0,98.0
112.0,142.0,44.0,97.0
111.0,146.0,44.0,97.0
109.0,148.0,44.0,97.0
110.0,151.0,44.0,97.0
111.0,153.0,44.0,97.0
112.0,156.0,43.0,97.0
114.0,158.0,42.0,97.0
117.0,160.0,41.0,98.0
120.0,159.0,41.0,98.0
122.0,160.0,41.0,98.0
127.0,161.0,41.0,98.0
130.0,163.0,40.0,98.0
133.0,162.0,40.0,97.0
138.0,165.0,41.0,96.0
143.0,165.0,41.0,95.0
148.0,165.0,40.0,95.0
154.0,165.0,40.0,95.0
159.0,165.0,40.0,94.0
163.0,165.0,40.0,93.0
169.0,164.0,40.0,93.0
175.0,162.0,40.0,93.0
181.0,164.0,39.0,92.0
188.0,163.0,39.0,91.0
195.0,162.0,38.0,91.0
202.0,165.0,38.0,91.0
207.0,164.0,38.0,91.0
213.0,163.0,38.0,90.0
219.0,161.0,38.0,90.0
225.0,161.0,38.0,90.0
230.0,160.0,38.0,90.0
234.0,159.0,39.0,89.0
238.0,157.0,39.0,88.0
241.0,157.0,39.0,89.0
243.0,155.0,39.0,89.0
244.0,155.0,38.0,90.0
246.0,153.0,39.0,90.0
246.0,154.0,39.0,90.0
244.0,151.0,39.0,90.0
243.0,151.0,39.0,90.0
239.0,150.0,40.0,90.0
237.0,148.0,40.0,90.0
233.0,147.0,40.0,90.0
229.0,147.0,40.0,91.0
225.0,146.0,40.0,92.0
219.0,146.0,40.0,92.0
213.0,146.0,40.0,92.0
207.0,146.0,41.0,92.0
201.0,147.0,41.0,93.0
196.0,148.0,41.0,94.0
189.0,149.0,42.0,94.0
183.0,149.0,41.0,95.0
177.0,149.0,41.0,95.0
172.0,149.0,41.0,96.0
166.0,149.0,41.0,96.0
160.0,148.0,41.0,96.0
153.0,149.0,41.0,97.0
148.0,151.0,41.0,96.0
141.0,153.0,42.0,96.0
135.0,154.0,42.0,95.0
129.0,155.0,42.0,95.0
124.0,156.0,42.0,95.0
120.0,159.0,42.0,95.0
115.0,161.0,42.0,95.0
110.0,163.0,42.0,94.0
107.0,164.0,42.0,94.0
103.0,165.0,43.0,94.0
101.0,165.0,42.0,94.0
99.0,167.0,42.0,93.0
99.0,168.0,41.0,94.0
98.0,169.0,41.0,93.0
97.0,169.0,41.0,93.0
97.0,170.0,41.0,93.0
98.0,171.0,40.0,94.0
100.0,171.0,39.0,94.0
100.0,170.0,40.0,93.0
102.0,168.0,40.0,93.0
104.0,168.0,39.0,93.0
107.0,167.0,39.0,93.0
110.0,167.0,39.0,93.0
114.0,166.0,38.0,94.0
116.0,167.0,38.0,93.0
120.0,165.0,38.0,93.0
122.0,165.0,38.0,92.0
125.0,164.0,38.0,92.0
128.0,163.0,38.0,92.0
131.0,162.0,38.0,91.0
134.0,163.0,38.0,91.0
137.0,161.0,38.0,90.0
140.0,161.0,38.0,90.0
143.0,160.0,38.0,90.0
148.0,160.0,38.0,90.0
149.0,159.0,38.0,90.0
153.0,159.0,38.0,90.0
155.0,160.0,37.0,91.0
159.0,159.0,37.0,91.0
161.0,159.0,37.0,91.0
164.0,157.0,37.0,91.0
166.0,158.0,37.0,92.0
168.0,158.0,36.0,92.0
168.0,159.0,37.0,91.0
169.0,160.0,38.0,90.0
170.0,161.0,38.0,90.0
171.0,163.0,38.0,90.0
172.0,164.0,38.0,90.0
176.0,165.0,38.0,89.0
176.0,166.0,38.0,89.0
177.0,166.0,39.0,89.0
177.0,167.0,38.0,89.0
177.0,168.0,39.0,89.0
178.0,169.0,39.0,88.0
176.0,170.0,39.0,87.0
175.0,170.0,39.0,87.0
174.0,169.0,39.0,87.0
172.0,169.0,39.0,86.0
170.0,169.0,39.0,86.0
169.0,168.0,39.0,86.0
167.0,167.0,38.0,87.0
163.0,167.0,38.0,86.0
160.0,167.0,39.0,86.0
157.0,166.0,38.0,85.0
155.0,166.0,38.0,86.0
151.0,165.0,38.0,85.0
145.0,164.0,38.0,86.0
142.0,163.0,38.0,86.0
139.0,165.0,37.0,86.0
137.0,165.0,38.0,85.0
133.0,165.0,37.0,85.0
130.0,166.0,37.0,86.0
126.0,165.0,36.0,85.0
122.0,166.0,36.0,85.0
118.0,167.0,36.0,85.0
114.0,167.0,37.0,84.0
110.0,167.0,36.0,84.0
105.0,167.0,36.0,84.0
102.0,168.0,36.0,84.0
97.0,168.0,36.0,84.0
93.0,168.0,36.0,84.0
89.0,167.0,36.0,84.0
85.0,166.0,36.0,84.0
76.0,166.0,36.0,84.0
73.0,167.0,37.0,83.0
70.0,166.0,36.0,84.0
67.0,166.0,36.0,84.0
64.0,165.0,36.0,84.0
62.0,165.0,36.0,84.0
61.0,163.0,36.0,85.0
60.0,163.0,36.0,85.0
61.0,163.0,37.0,84.0
62.0,163.0,37.0,84.0
64.0,162.0,37.0,84.0
71.0,162.0,36.0,85.0
77.0,162.0,36.0,85.0
83.0,163.0,36.0,85.0
89.0,163.0,36.0,86.0
95.0,161.0,36.0,86.0
102.0,161.0,36.0,85.0
109.0,160.0,36.0,85.0
116.0,158.0,36.0,85.0
123.0,157.0,36.0,84.0
129.0,149.0,36.0,84.0
135.0,148.0,37.0,83.0
147.0,146.0,37.0,83.0
153.0,144.0,37.0,82.0
158.0,141.0,38.0,81.0
163.0,138.0,38.0,81.0
169.0,134.0,38.0,80.0
174.0,132.0,38.0,80.0
179.0,129.0,38.0,80.0
183.0,127.0,37.0,80.0
181.0,127.0,38.0,79.0
186.0,125.0,37.0,80.0
184.0,124.0,37.0,79.0
182.0,123.0,38.0,78.0
179.0,122.0,38.0,77.0
177.0,121.0,38.0,77.0
173.0,122.0,38.0,77.0
170.0,121.0,38.0,77.0
162.0,126.0,38.0,77.0
159.0,124.0,37.0,77.0
149.0,125.0,38.0,76.0
146.0,126.0,37.0,75.0
136.0,127.0,38.0,74.0
126.0,130.0,38.0,73.0
117.0,133.0,38.0,72.0
108.0,136.0,38.0,71.0
100.0,139.0,37.0,71.0
92.0,141.0,37.0,71.0
85.0,143.0,36.0,70.0
81.0,148.0,36.0,69.0
73.0,151.0,36.0,69.0
70.0,153.0,35.0,69.0
62.0,155.0,35.0,68.0
59.0,157.0,35.0,68.0
52.0,158.0,34.0,67.0
51.0,161.0,34.0,68.0
49.0,163.0,33.0,67.0
48.0,164.0,33.0,67.0
47.0,166.0,33.0,66.0
47.0,167.0,33.0,66.0
47.0,168.0,33.0,66.0
48.0,169.0,33.0,65.0
49.0,169.0,33.0,65.0
54.0,171.0,32.0,64.0
59.0,172.0,33.0,63.0
64.0,173.0,33.0,63.0
70.0,172.0,32.0,62.0
76.0,171.0,32.0,62.0
81.0,167.0,32.0,61.0
86.0,163.0,32.0,61.0
97.0,162.0,32.0,60.0
102.0,156.0,32.0,59.0
107.0,151.0,32.0,59.0
113.0,145.0,32.0,59.0
120.0,139.0,32.0,58.0
130.0,129.0,31.0,59.0
136.0,124.0,31.0,58.0
141.0,114.0,31.0,58.0
147.0,108.0,32.0,57.0
152.0,102.0,32.0,57.0
158.0,91.0,31.0,58.0
163.0,85.0,31.0,58.0
168.0,79.0,30.0,58.0
171.0,73.0,30.0,58.0
170.0,68.0,30.0,57.0
170.0,63.0,30.0,57.0
168.0,59.0,30.0,57.0
167.0,59.0,30.0,56.0
161.0,55.0,30.0,56.0
160.0,56.0,31.0,55.0
154.0,56.0,31.0,55.0
148.0,57.0,31.0,55.0
145.0,60.0,31.0,55.0
143.0,67.0,31.0,54.0
137.0,73.0,31.0,54.0
130.0,78.0,30.0,55.0
124.0,83.0,30.0,55.0
122.0,90.0,30.0,55.0
116.0,96.0,30.0,56.0
114.0,104.0,29.0,56.0
113.0,112.0,29.0,56.0
107.0,118.0,28.0,57.0
106.0,129.0,28.0,57.0
110.0,137.0,27.0,59.0
109.0,144.0,26.0,59.0
108.0,152.0,26.0,59.0
112.0,161.0,26.0,60.0
111.0,168.0,26.0,59.0
115.0,176.0,26.0,60.0
118.0,184.0,26.0,59.0
123.0,191.0,26.0,59.0
128.0,196.0,26.0,60.0
133.0,200.0,26.0,60.0
138.0,204.0,27.0,59.0
138.0,203.0,27.0,58.0
142.0,203.0,28.0,57.0
147.0,202.0,29.0,56.0
153.0,202.0,28.0,56.0
162.0,207.0,29.0,56.0
167.0,203.0,29.0,55.0
172.0,202.0,29.0,55.0
177.0,201.0,29.0,55.0
182.0,200.0,28.0,55.0
187.0,199.0,28.0,55.0
192.0,194.0,28.0,55.0
196.0,194.0,28.0,55.0
196.0,188.0,28.0,55.0
201.0,187.0,27.0,55.0
205.0,188.0,27.0,55.0
205.0,182.0,27.0,55.0
205.0,181.0,27.0,55.0
208.0,181.0,27.0,55.0
209.0,180.0,27.0,55.0
212.0,180.0,27.0,55.0
212.0,179.0,28.0,54.0
212.0,178.0,28.0,54.0
212.0,177.0,27.0,54.0
212.0,176.0,27.0,54.0
212.0,175.0,27.0,54.0
212.0,173.0,27.0,54.0
212.0,172.0,27.0,54.0
212.0,172.0,27.0,54.0
212.0,171.0,27.0,55.0
212.0,170.0,27.0,55.0
216.0,170.0,27.0,55.0
215.0,166.0,27.0,55.0
215.0,166.0,27.0,55.0
219.0,162.0,27.0,55.0
219.0,156.0,27.0,55.0
223.0,156.0,28.0,55.0
227.0,156.0,28.0,55.0
226.0,155.0,28.0,55.0
230.0,151.0,28.0,56.0
229.0,151.0,28.0,56.0
229.0,151.0,28.0,56.0
228.0,150.0,28.0,56.0
227.0,150.0,29.0,56.0
226.0,145.0,29.0,56.0
224.0,146.0,29.0,56.0
222.0,146.0,29.0,57.0
215.0,141.0,30.0,56.0
209.0,141.0,30.0,55.0
204.0,140.0,30.0,56.0
199.0,138.0,30.0,55.0
197.0,139.0,30.0,55.0
190.0,138.0,30.0,55.0
185.0,138.0,30.0,54.0
180.0,137.0,30.0,55.0
179.0,142.0,30.0,55.0
174.0,142.0,29.0,56.0
172.0,143.0,29.0,57.0
166.0,144.0,29.0,56.0
165.0,145.0,29.0,56.0
163.0,147.0,29.0,57.0
161.0,149.0,29.0,57.0
159.0,150.0,29.0,57.0
157.0,152.0,29.0,57.0
156.0,154.0,29.0,57.0
154.0,156.0,29.0,57.0
153.0,159.0,29.0,57.0
154.0,165.0,28.0,58.0
153.0,166.0,28.0,58.0
154.0,167.0,28.0,58.0
154.0,169.0,28.0,58.0
155.0,172.0,28.0,57.0
156.0,173.0,28.0,57.0
157.0,175.0,28.0,57.0
158.0,177.0,28.0,56.0
164.0,182.0,28.0,57.0
165.0,183.0,28.0,56.0
167.0,184.0,28.0,57.0
172.0,185.0,28.0,56.0
174.0,185.0,28.0,57.0
179.0,187.0,27.0,57.0
181.0,184.0,28.0,57.0
186.0,185.0,28.0,56.0
190.0,185.0,28.0,57.0
192.0,182.0,28.0,57.0
197.0,184.0,28.0,56.0
198.0,180.0,28.0,56.0
203.0,180.0,28.0,56.0
205.0,180.0,27.0,57.0
207.0,176.0,27.0,57.0
209.0,177.0,27.0,57.0
211.0,177.0,27.0,58.0
210.0,177.0,28.0,57.0
209.0,176.0,28.0,58.0
208.0,174.0,28.0,58.0
206.0,172.0,28.0,59.0
201.0,173.0,28.0,59.0
200.0,168.0,28.0,59.0
197.0,167.0,28.0,60.0
191.0,166.0,28.0,60.0
189.0,168.0,29.0,60.0
183.0,165.0,29.0,60.0
177.0,167.0,29.0,61.0
172.0,165.0,28.0,62.0
167.0,167.0,29.0,63.0
162.0,164.0,29.0,64.0
157.0,163.0,29.0,64.0
151.0,162.0,29.0,64.0
149.0,161.0,30.0,64.0
142.0,161.0,30.0,64.0
136.0,162.0,30.0,64.0
134.0,161.0,30.0,65.0
128.0,160.0,29.0,66.0
126.0,163.0,30.0,66.0
123.0,161.0,30.0,67.0
116.0,161.0,30.0,67.0
110.0,163.0,30.0,67.0
105.0,164.0,31.0,67.0
103.0,166.0,31.0,66.0
98.0,169.0,31.0,66.0
96.0,173.0,32.0,66.0
93.0,174.0,32.0,66.0
91.0,178.0,32.0,66.0
87.0,180.0,32.0,66.0
86.0,183.0,32.0,66.0
85.0,186.0,31.0,67.0
85.0,189.0,31.0,67.0
86.0,191.0,31.0,67.0
87.0,193.0,31.0,67.0
89.0,195.0,31.0,67.0
93.0,193.0,31.0,67.0
99.0,195.0,30.0,68.0
103.0,197.0,30.0,68.0
111.0,195.0,30.0,69.0
116.0,198.0,30.0,69.0
124.0,195.0,31.0,70.0
131.0,192.0,31.0,71.0
136.0,190.0,31.0,71.0
147.0,188.0,31.0,72.0
155.0,187.0,31.0,71.0
163.0,185.0,31.0,72.0
171.0,183.0,31.0,73.0
180.0,180.0,31.0,74.0
187.0,178.0,31.0,73.0
195.0,176.0,32.0,73.0
198.0,171.0,31.0,73.0
207.0,169.0,32.0,74.0
211.0,166.0,32.0,73.0
215.0,161.0,32.0,74.0
225.0,161.0,32.0,74.0
234.0,159.0,32.0,75.0
239.0,157.0,32.0,75.0
248.0,154.0,32.0,75.0
252.0,153.0,33.0,75.0
261.0,150.0,33.0,75.0
268.0,148.0,34.0,75.0
276.0,147.0,34.0,76.0
278.0,145.0,33.0,77.0
283.0,143.0,34.0,77.0
287.0,142.0,34.0,77.0
289.0,140.0,34.0,78.0
291.0,139.0,34.0,78.0
290.0,137.0,34.0,78.0
288.0,135.0,35.0,79.0
286.0,132.0,35.0,79.0
282.0,131.0,36.0,80.0
279.0,129.0,36.0,81.0
275.0,127.0,36.0,81.0
268.0,126.0,37.0,81.0
263.0,123.0,37.0,81.0
257.0,122.0,38.0,81.0
248.0,121.0,38.0,82.0
242.0,121.0,39.0,81.0
233.0,117.0,39.0,81.0
226.0,116.0,39.0,81.0
217.0,117.0,38.0,82.0
210.0,117.0,39.0,83.0
199.0,117.0,39.0,83.0
188.0,117.0,39.0,84.0
178.0,118.0,39.0,84.0
172.0,119.0,39.0,84.0
161.0,120.0,39.0,83.0
153.0,121.0,40.0,83.0
144.0,124.0,40.0,82.0
136.0,127.0,41.0,82.0
131.0,128.0,40.0,82.0
124.0,131.0,40.0,82.0
120.0,135.0,40.0,82.0
117.0,138.0,40.0,81.0
114.0,141.0,40.0,81.0
111.0,144.0,39.0,82.0
110.0,146.0,39.0,82.0
109.0,149.0,39.0,83.0
108.0,150.0,38.0,84.0
108.0,150.0,38.0,84.0
109.0,152.0,37.0,85.0
110.0,153.0,37.0,86.0
111.0,152.0,37.0,87.0
111.0,152.0,37.0,87.0
111.0,152.0,37.0,88.0
112.0,150.0,38.0,88.0
110.0,148.0,38.0,89.0
110.0,145.0,38.0,89.0
109.0,143.0,39.0,90.0
109.0,140.0,39.0,90.0
107.0,136.0,39.0,91.0
105.0,132.0,39.0,92.0
105.0,127.0,39.0,93.0
103.0,123.0,40.0,93.0
100.0,120.0,40.0,94.0
99.0,115.0,39.0,95.0
97.0,111.0,39.0,95.0
95.0,106.0,40.0,96.0
93.0,102.0,41.0,95.0
90.0,97.0,41.0,95.0
90.0,92.0,41.0,96.0
91.0,88.0,41.0,96.0
89.0,84.0,41.0,98.0
91.0,79.0,42.0,97.0
93.0,74.0,42.0,98.0
97.0,68.0,42.0,98.0
100.0,62.0,43.0,98.0
105.0,60.0,42.0,98.0
110.0,56.0,42.0,99.0
117.0,52.0,41.0,99.0
127.0,49.0,42.0,99.0
138.0,46.0,41.0,99.0
148.0,44.0,41.0,99.0
159.0,41.0,41.0,100.0
172.0,38.0,40.0,102.0
183.0,35.0,40.0,103.0
194.0,28.0,40.0,103.0
206.0,25.0,39.0,104.0
219.0,23.0,38.0,106.0
231.0,21.0,38.0,106.0
242.0,19.0,39.0,106.0
254.0,18.0,40.0,105.0
264.0,16.0,40.0,105.0
266.0,19.0,41.0,104.0
270.0,20.0,40.0,105.0
278.0,21.0,43.0,102.0
277.0,23.0,44.0,101.0
276.0,29.0,45.0,101.0
268.0,28.0,45.0,102.0
266.0,33.0,46.0,102.0
255.0,32.0,46.0,102.0
243.0,39.0,48.0,101.0
231.0,45.0,49.0,100.0
219.0,44.0,49.0,100.0
206.0,50.0,49.0,100.0
194.0,50.0,50.0,100.0
180.0,56.0,50.0,100.0
166.0,58.0,51.0,99.0
152.0,65.0,51.0,99.0
139.0,73.0,51.0,99.0
128.0,81.0,51.0,99.0
119.0,85.0,51.0,99.0
114.0,93.0,51.0,99.0
111.0,101.0,50.0,100.0
109.0,109.0,50.0,101.0
107.0,113.0,48.0,104.0
108.0,119.0,47.0,105.0
110.0,124.0,47.0,105.0
112.0,131.0,47.0,105.0
119.0,142.0,47.0,105.0
125.0,149.0,46.0,106.0
130.0,153.0,46.0,106.0
136.0,154.0,46.0,107.0
141.0,154.0,46.0,106.0
152.0,156.0,47.0,106.0
163.0,157.0,47.0,107.0
169.0,157.0,47.0,107.0
176.0,155.0,47.0,108.0
188.0,152.0,48.0,107.0
194.0,147.0,48.0,108.0
201.0,138.0,48.0,107.0
213.0,135.0,48.0,108.0
216.0,131.0,49.0,108.0
219.0,125.0,49.0,109.0
222.0,118.0,50.0,110.0
225.0,110.0,50.0,111.0
226.0,105.0,50.0,112.0
226.0,98.0,50.0,114.0
225.0,92.0,51.0,115.0
220.0,87.0,51.0,116.0
213.0,84.0,52.0,116.0
209.0,80.0,52.0,118.0
201.0,80.0,52.0,119.0
194.0,80.0,54.0,118.0
184.0,81.0,54.0,119.0
180.0,81.0,55.0,119.0
171.0,84.0,55.0,117.0
168.0,87.0,55.0,117.0
166.0,92.0,55.0,117.0
164.0,96.0,54.0,118.0
163.0,101.0,55.0,118.0
164.0,105.0,53.0,119.0
166.0,109.0,53.0,120.0
169.0,115.0,53.0,119.0
174.0,122.0,53.0,118.0
181.0,127.0,52.0,118.0
187.0,132.0,52.0,118.0
194.0,136.0,52.0,118.0
205.0,139.0,52.0,118.0
213.0,143.0,53.0,118.0
218.0,151.0,53.0,120.0
227.0,148.0,53.0,121.0
230.0,145.0,53.0,121.0
235.0,146.0,53.0,123.0
240.0,144.0,54.0,123.0
244.0,142.0,55.0,123.0
249.0,139.0,55.0,124.0
255.0,134.0,55.0,125.0
260.0,130.0,55.0,126.0
263.0,126.0,55.0,126.0
265.0,122.0,55.0,127.0
267.0,118.0,56.0,128.0
267.0,114.0,55.0,129.0
268.0,111.0,55.0,130.0
268.0,107.0,56.0,130.0
267.0,102.0,57.0,131.0
265.0,97.0,58.0,131.0
262.0,91.0,58.0,132.0
254.0,89.0,59.0,132.0
251.0,83.0,61.0,132.0
245.0,78.0,61.0,133.0
232.0,69.0,61.0,133.0
228.0,67.0,61.0,134.0
222.0,65.0,62.0,135.0
209.0,56.0,62.0,135.0
204.0,54.0,62.0,136.0
192.0,52.0,62.0,136.0
187.0,47.0,64.0,136.0
176.0,45.0,64.0,137.0
171.0,40.0,64.0,138.0
161.0,39.0,65.0,139.0
159.0,34.0,66.0,139.0
149.0,33.0,65.0,141.0
145.0,28.0,66.0,141.0
140.0,23.0,67.0,142.0
133.0,19.0,67.0,144.0
128.0,17.0,68.0,145.0
124.0,15.0,68.0,146.0
119.0,15.0,68.0,146.0
116.0,15.0,68.0,147.0
113.0,17.0,69.0,146.0
111.0,19.0,69.0,146.0
110.0,22.0,68.0,147.0
111.0,26.0,67.0,148.0
110.0,33.0,67.0,148.0
111.0,40.0,67.0,148.0
113.0,47.0,66.0,149.0
116.0,56.0,65.0,149.0
122.0,66.0,64.0,150.0
129.0,73.0,63.0,150.0
135.0,81.0,62.0,149.0
141.0,88.0,62.0,148.0
147.0,95.0,62.0,148.0
154.0,101.0,61.0,147.0
166.0,108.0,61.0,147.0
175.0,112.0,62.0,146.0
185.0,116.0,62.0,145.0
193.0,120.0,62.0,144.0
203.0,126.0,62.0,144.0
216.0,129.0,62.0,145.0
224.0,132.0,61.0,145.0
231.0,134.0,62.0,146.0
247.0,132.0,62.0,146.0
252.0,132.0,63.0,145.0
258.0,130.0,64.0,145.0
273.0,124.0,64.0,144.0
282.0,119.0,64.0,145.0
287.0,115.0,64.0,146.0
292.0,111.0,65.0,145.0
296.0,107.0,65.0,145.0
299.0,103.0,65.0,146.0
299.0,95.0,64.0,146.0
299.0,92.0,64.0,148.0
298.0,88.0,65.0,149.0
294.0,82.0,66.0,150.0
291.0,77.0,67.0,150.0
286.0,72.0,68.0,151.0
281.0,59.0,68.0,151.0
275.0,58.0,69.0,151.0
266.0,53.0,69.0,152.0
258.0,49.0,70.0,153.0
253.0,40.0,70.0,154.0
245.0,33.0,72.0,154.0
236.0,27.0,73.0,155.0
228.0,21.0,73.0,158.0
220.0,15.0,73.0,160.0
206.0,5.0,73.0,160.0
199.0,14.0,74.0,160.0
184.0,11.0,75.0,161.0
171.0,10.0,74.0,162.0
157.0,12.0,75.0,162.0
143.0,7.0,75.0,160.0
131.0,13.0,76.0,159.0
128.0,25.0,76.0,159.0
122.0,15.0,77.0,159.0
115.0,18.0,78.0,159.0
99.0,8.0,77.0,159.0
97.0,12.0,77.0,159.0
84.0,14.0,76.0,160.0
82.0,14.0,77.0,160.0
80.0,14.0,77.0,159.0
78.0,12.0,78.0,159.0
76.0,12.0,79.0,158.0
75.0,11.0,80.0,158.0
75.0,10.0,80.0,158.0
74.0,9.0,81.0,159.0
72.0,1.0,84.0,155.0
71.0,1.0,85.0,153.0
70.0,1.0,85.0,153.0
71.0,1.0,84.0,154.0
84.0,1.0,83.0,157.0
95.0,1.0,83.0,157.0
92.0,1.0,83.0,157.0
90.0,1.0,83.0,157.0
101.0,1.0,84.0,156.0
99.0,1.0,83.0,155.0
112.0,1.0,84.0,154.0
112.0,1.0,82.0,157.0
126.0,1.0,82.0,157.0
139.0,1.0,80.0,159.0
140.0,1.0,78.0,161.0
142.0,1.0,78.0,160.0
143.0,1.0,78.0,160.0
158.0,1.0,78.0,160.0
172.0,1.0,77.0,160.0
171.0,1.0,80.0,156.0
183.0,1.0,79.0,156.0
184.0,1.0,79.0,156.0
197.0,1.0,79.0,155.0
196.0,1.0,80.0,153.0
196.0,1.0,80.0,152.0
209.0,1.0,79.0,152.0
208.0,1.0,80.0,150.0
221.0,1.0,79.0,150.0
224.0,1.0,78.0,149.0
237.0,1.0,76.0,149.0
240.0,1.0,76.0,149.0
251.0,1.0,74.0,150.0
259.0,1.0,72.0,152.0
263.0,1.0,70.0,154.0
267.0,1.0,70.0,153.0
271.0,1.0,71.0,151.0
278.0,6.0,68.0,153.0
285.0,14.0,67.0,154.0
290.0,19.0,65.0,156.0
292.0,26.0,66.0,156.0
293.0,32.0,66.0,156.0
292.0,37.0,66.0,155.0
290.0,42.0,67.0,154.0
285.0,44.0,68.0,153.0
281.0,48.0,67.0,153.0
276.0,51.0,66.0,154.0
271.0,54.0,66.0,153.0
265.0,56.0,66.0,154.0
258.0,57.0,67.0,153.0
252.0,58.0,67.0,153.0
247.0,61.0,66.0,154.0
238.0,59.0,67.0,154.0
232.0,58.0,67.0,153.0
224.0,61.0,67.0,154.0
216.0,63.0,67.0,153.0
207.0,61.0,68.0,154.0
199.0,61.0,68.0,154.0
189.0,63.0,69.0,154.0
180.0,65.0,70.0,152.0
171.0,65.0,71.0,152.0
162.0,65.0,70.0,153.0
153.0,65.0,70.0,154.0
144.0,64.0,69.0,155.0
137.0,66.0,69.0,155.0
128.0,67.0,70.0,154.0
122.0,68.0,70.0,153.0
115.0,71.0,70.0,151.0
111.0,73.0,70.0,150.0
107.0,75.0,70.0,149.0
103.0,76.0,69.0,148.0
103.0,78.0,67.0,149.0
101.0,80.0,66.0,148.0
102.0,82.0,66.0,147.0
102.0,87.0,65.0,147.0
105.0,89.0,63.0,147.0
108.0,93.0,62.0,147.0
113.0,97.0,61.0,147.0
119.0,96.0,60.0,147.0
130.0,100.0,59.0,147.0
136.0,103.0,58.0,146.0
147.0,108.0,59.0,144.0
155.0,110.0,58.0,144.0
166.0,113.0,59.0,142.0
173.0,114.0,60.0,140.0
181.0,114.0,60.0,139.0
194.0,111.0,60.0,139.0
205.0,108.0,60.0,138.0
208.0,113.0,62.0,135.0
222.0,109.0,63.0,134.0
228.0,110.0,62.0,134.0
236.0,109.0,61.0,134.0
242.0,110.0,60.0,134.0
249.0,110.0,59.0,135.0
253.0,112.0,58.0,135.0
257.0,112.0,58.0,136.0
259.0,115.0,58.0,135.0
262.0,113.0,57.0,136.0
264.0,115.0,57.0,135.0
266.0,116.0,57.0,134.0
266.0,118.0,57.0,133.0
267.0,120.0,56.0,133.0
266.0,122.0,57.0,132.0
265.0,126.0,57.0,131.0
264.0,129.0,56.0,130.0
263.0,134.0,56.0,130.0
258.0,137.0,57.0,128.0
256.0,142.0,58.0,127.0
249.0,147.0,58.0,125.0
245.0,150.0,59.0,124.0
240.0,156.0,59.0,123.0
236.0,157.0,58.0,122.0
228.0,162.0,59.0,120.0
224.0,163.0,59.0,119.0
216.0,168.0,58.0,118.0
213.0,168.0,58.0,117.0
208.0,168.0,57.0,117.0
204.0,170.0,55.0,117.0
201.0,167.0,55.0,117.0
200.0,160.0,54.0,118.0
197.0,158.0,54.0,118.0
194.0,157.0,53.0,118.0
192.0,156.0,52.0,118.0
193.0,153.0,51.0,119.0
193.0,151.0,50.0,120.0
194.0,152.0,50.0,121.0
196.0,151.0,49.0,121.0
196.0,149.0,50.0,120.0
197.0,149.0,50.0,120.0
198.0,146.0,50.0,120.0
197.0,143.0,51.0,121.0
197.0,140.0,51.0,121.0
195.0,138.0,52.0,122.0
193.0,135.0,52.0,122.0
191.0,130.0,52.0,123.0
187.0,127.0,52.0,123.0
185.0,123.0,51.0,125.0
183.0,120.0,51.0,126.0
182.0,116.0,50.0,127.0
