118.0,57.0,82.0,98.0
119.0,56.0,82.0,99.0
118.0,56.0,83.0,100.0
117.0,55.0,83.0,102.0
117.0,53.0,82.0,104.0
117.0,52.0,83.0,105.0
119.0,52.0,83.0,106.0
119.0,53.0,84.0,107.0
120.0,51.0,85.0,108.0
119.0,50.0,85.0,109.0
119.0,50.0,86.0,109.0
117.0,50.0,87.0,110.0
119.0,49.0,87.0,111.0
116.0,49.0,88.0,112.0
117.0,49.0,88.0,112.0
114.0,49.0,89.0,113.0
115.0,49.0,89.0,113.0
114.0,47.0,90.0,114.0
112.0,46.0,90.0,114.0
111.0,46.0,92.0,114.0
111.0,45.0,91.0,115.0
111.0,45.0,92.0,116.0
109.0,44.0,93.0,116.0
112.0,44.0,94.0,117.0
110.0,43.0,95.0,117.0
110.0,43.0,95.0,118.0
109.0,43.0,94.0,119.0
110.0,43.0,94.0,119.0
109.0,42.0,94.0,120.0
110.0,44.0,94.0,120.0
110.0,45.0,94.0,121.0
110.0,44.0,94.0,121.0
107.0,41.0,95.0,120.0
106.0,45.0,95.0,120.0
105.0,43.0,95.0,120.0
104.0,44.0,95.0,120.0
103.0,43.0,95.0,120.0
102.0,43.0,95.0,120.0
101.0,42.0,94.0,121.0
100.0,41.0,94.0,122.0
101.0,41.0,94.0,122.0
102.0,41.0,93.0,122.0
99.0,41.0,93.0,122.0
98.0,41.0,94.0,122.0
97.0,41.0,94.0,122.0
97.0,40.0,95.0,122.0
96.0,41.0,95.0,121.0
94.0,41.0,95.0,122.0
95.0,41.0,95.0,122.0
95.0,41.0,95.0,123.0
95.0,42.0,95.0,123.0
96.0,42.0,95.0,122.0
98.0,43.0,96.0,121.0
97.0,41.0,97.0,122.0
98.0,41.0,97.0,122.0
98.0,40.0,97.0,123.0
100.0,39.0,97.0,123.0
99.0,37.0,96.0,125.0
99.0,37.0,96.0,125.0
98.0,37.0,97.0,125.0
99.0,38.0,98.0,124.0
100.0,38.0,99.0,125.0
105.0,39.0,99.0,125.0
107.0,37.0,99.0,126.0
109.0,36.0,99.0,127.0
109.0,36.0,100.0,127.0
113.0,34.0,100.0,128.0
114.0,32.0,101.0,128.0
114.0,31.0,102.0,129.0
114.0,32.0,103.0,129.0
115.0,33.0,103.0,130.0
116.0,31.0,103.0,130.0
118.0,35.0,104.0,130.0
119.0,32.0,103.0,132.0
118.0,33.0,104.0,132.0
117.0,34.0,104.0,132.0
117.0,33.0,104.0,133.0
117.0,31.0,103.0,134.0
116.0,30.0,103.0,135.0
114.0,30.0,103.0,137.0
115.0,29.0,102.0,138.0
114.0,28.0,102.0,140.0
113.0,26.0,100.0,142.0
113.0,26.0,99.0,143.0
113.0,24.0,98.0,145.0
112.0,24.0,98.0,145.0
111.0,25.0,98.0,144.0
113.0,26.0,99.0,143.0
110.0,27.0,101.0,142.0
111.0,27.0,102.0,140.0
110.0,29.0,102.0,140.0
111.0,31.0,101.0,141.0
111.0,32.0,102.0,139.0
111.0,34.0,103.0,138.0
111.0,34.0,103.0,138.0
110.0,32.0,105.0,138.0
110.0,31.0,104.0,139.0
110.0,31.0,104.0,138.0
109.0,29.0,104.0,139.0
111.0,30.0,103.0,140.0
111.0,31.0,103.0,139.0
110.0,30.0,103.0,139.0
110.0,31.0,104.0,139.0
110.0,29.0,103.0,140.0
111.0,29.0,103.0,140.0
112.0,28.0,103.0,139.0
114.0,29.0,103.0,139.0
114.0,30.0,103.0,139.0
116.0,29.0,103.0,139.0
115.0,30.0,104.0,139.0
114.0,29.0,103.0,140.0
114.0,29.0,103.0,141.0
115.0,30.0,103.0,141.0
114.0,30.0,104.0,141.0
114.0,31.0,104.0,141.0
114.0,30.0,104.0,141.0
112.0,28.0,104.0,142.0
114.0,29.0,104.0,142.0
112.0,28.0,106.0,141.0
111.0,26.0,105.0,142.0
110.0,29.0,105.0,141.0
110.0,30.0,106.0,142.0
110.0,29.0,106.0,141.0
110.0,28.0,106.0,142.0
109.0,28.0,106.0,142.0
110.0,27.0,105.0,143.0
110.0,27.0,106.0,142.0
109.0,27.0,107.0,142.0
110.0,28.0,107.0,143.0
108.0,29.0,108.0,144.0
108.0,30.0,108.0,144.0
109.0,27.0,108.0,145.0
109.0,26.0,108.0,147.0
110.0,28.0,109.0,146.0
109.0,30.0,108.0,148.0
110.0,31.0,108.0,148.0
110.0,31.0,111.0,147.0
110.0,30.0,112.0,147.0
109.0,31.0,113.0,148.0
108.0,32.0,113.0,149.0
108.0,31.0,112.0,150.0
108.0,31.0,112.0,151.0
108.0,30.0,113.0,151.0
107.0,31.0,114.0,151.0
107.0,31.0,114.0,151.0
108.0,31.0,114.0,150.0
109.0,32.0,114.0,150.0
107.0,33.0,116.0,149.0
108.0,37.0,117.0,147.0
112.0,36.0,118.0,146.0
112.0,38.0,120.0,145.0
113.0,41.0,121.0,144.0
112.0,43.0,122.0,144.0
111.0,42.0,124.0,143.0
110.0,43.0,125.0,143.0
112.0,43.0,125.0,144.0
111.0,43.0,126.0,144.0
111.0,43.0,126.0,145.0
111.0,44.0,128.0,145.0
110.0,45.0,129.0,145.0
110.0,48.0,130.0,146.0
106.0,36.0,131.0,145.0
105.0,41.0,129.0,148.0
107.0,46.0,130.0,147.0
106.0,36.0,131.0,147.0
105.0,42.0,130.0,148.0
106.0,45.0,132.0,148.0
106.0,45.0,132.0,149.0
105.0,36.0,131.0,149.0
106.0,39.0,131.0,150.0
107.0,44.0,132.0,149.0
106.0,46.0,134.0,149.0
106.0,37.0,132.0,150.0
105.0,42.0,132.0,150.0
107.0,42.0,132.0,151.0
105.0,44.0,131.0,152.0
108.0,42.0,129.0,155.0
104.0,42.0,130.0,155.0
106.0,40.0,129.0,156.0
95.0,31.0,128.0,157.0
96.0,27.0,129.0,157.0
97.0,26.0,129.0,157.0
98.0,25.0,129.0,158.0
98.0,27.0,129.0,158.0
98.0,27.0,129.0,159.0
102.0,22.0,126.0,164.0
102.0,23.0,127.0,162.0
101.0,24.0,127.0,161.0
101.0,25.0,126.0,161.0
103.0,26.0,126.0,160.0
102.0,26.0,127.0,158.0
104.0,28.0,125.0,158.0
103.0,28.0,125.0,157.0
103.0,29.0,125.0,155.0
103.0,30.0,124.0,155.0
102.0,28.0,126.0,153.0
104.0,28.0,124.0,154.0
104.0,26.0,123.0,154.0
106.0,26.0,121.0,155.0
106.0,27.0,121.0,153.0
104.0,28.0,122.0,152.0
106.0,29.0,120.0,152.0
106.0,29.0,121.0,151.0
105.0,28.0,121.0,150.0
105.0,29.0,121.0,149.0
106.0,29.0,121.0,149.0
104.0,29.0,121.0,148.0
103.0,28.0,121.0,147.0
104.0,28.0,120.0,147.0
104.0,27.0,118.0,148.0
105.0,27.0,118.0,148.0
106.0,27.0,116.0,150.0
107.0,27.0,116.0,149.0
109.0,26.0,117.0,148.0
110.0,27.0,117.0,148.0
112.0,27.0,117.0,148.0
114.0,28.0,116.0,148.0
114.0,28.0,117.0,147.0
115.0,28.0,117.0,146.0
117.0,28.0,115.0,148.0
116.0,27.0,115.0,148.0
117.0,28.0,116.0,147.0
116.0,27.0,116.0,147.0
116.0,26.0,115.0,147.0
118.0,28.0,116.0,146.0
117.0,29.0,117.0,145.0
116.0,28.0,118.0,145.0
117.0,28.0,117.0,145.0
116.0,28.0,118.0,145.0
116.0,28.0,118.0,144.0
115.0,29.0,119.0,144.0
114.0,30.0,119.0,144.0
113.0,27.0,119.0,144.0
115.0,27.0,119.0,145.0
113.0,27.0,119.0,145.0
115.0,26.0,118.0,146.0
112.0,25.0,119.0,146.0
113.0,24.0,118.0,147.0
112.0,23.0,118.0,147.0
111.0,22.0,117.0,149.0
110.0,23.0,116.0,149.0
108.0,23.0,117.0,148.0
108.0,24.0,116.0,147.0
108.0,25.0,116.0,146.0
110.0,26.0,116.0,145.0
108.0,26.0,116.0,143.0
108.0,25.0,115.0,143.0
108.0,26.0,113.0,143.0
109.0,27.0,112.0,143.0
107.0,28.0,111.0,142.0
106.0,29.0,111.0,141.0
107.0,29.0,110.0,140.0
107.0,30.0,109.0,140.0
108.0,30.0,107.0,140.0
108.0,29.0,107.0,140.0
109.0,27.0,105.0,140.0
110.0,29.0,104.0,140.0
109.0,29.0,104.0,139.0
110.0,30.0,103.0,139.0
110.0,29.0,103.0,139.0
110.0,28.0,103.0,139.0
110.0,28.0,103.0,138.0
104.0,25.0,97.0,142.0
111.0,23.0,93.0,144.0
113.0,25.0,92.0,144.0
113.0,26.0,92.0,143.0
114.0,26.0,90.0,143.0
113.0,28.0,91.0,141.0
113.0,29.0,89.0,142.0
113.0,29.0,89.0,140.0
109.0,30.0,90.0,137.0
111.0,30.0,90.0,136.0
110.0,30.0,91.0,134.0
110.0,31.0,91.0,132.0
110.0,31.0,91.0,131.0
111.0,33.0,91.0,130.0
113.0,33.0,91.0,129.0
111.0,35.0,92.0,128.0
113.0,35.0,92.0,128.0
113.0,35.0,93.0,127.0
111.0,36.0,94.0,126.0
113.0,34.0,94.0,126.0
114.0,34.0,94.0,127.0
114.0,35.0,96.0,126.0
114.0,34.0,97.0,126.0
113.0,35.0,98.0,125.0
113.0,36.0,99.0,126.0
114.0,35.0,99.0,127.0
114.0,35.0,99.0,128.0
112.0,34.0,99.0,129.0
114.0,35.0,99.0,130.0
115.0,33.0,99.0,131.0
114.0,34.0,99.0,131.0
114.0,35.0,100.0,131.0
115.0,34.0,101.0,131.0
113.0,34.0,101.0,132.0
113.0,35.0,101.0,132.0
112.0,35.0,101.0,133.0
110.0,35.0,101.0,133.0
107.0,34.0,103.0,133.0
107.0,36.0,103.0,133.0
105.0,34.0,103.0,133.0
105.0,36.0,103.0,133.0
103.0,34.0,103.0,133.0
103.0,34.0,102.0,134.0
105.0,34.0,103.0,133.0
105.0,34.0,103.0,134.0
105.0,31.0,103.0,134.0
106.0,33.0,103.0,135.0
104.0,33.0,103.0,135.0
103.0,34.0,103.0,136.0
101.0,33.0,105.0,135.0
99.0,36.0,105.0,135.0
98.0,36.0,106.0,135.0
96.0,36.0,106.0,136.0
93.0,37.0,108.0,135.0
90.0,39.0,110.0,135.0
88.0,41.0,110.0,136.0
87.0,43.0,111.0,135.0
85.0,43.0,110.0,137.0
84.0,43.0,109.0,138.0
81.0,45.0,110.0,139.0
79.0,46.0,110.0,139.0
70.0,48.0,118.0,130.0
62.0,44.0,121.0,127.0
61.0,49.0,125.0,123.0
59.0,49.0,125.0,123.0
57.0,49.0,125.0,123.0
57.0,49.0,127.0,122.0
54.0,50.0,127.0,122.0
56.0,50.0,126.0,123.0
57.0,50.0,127.0,123.0
56.0,49.0,127.0,122.0
56.0,50.0,128.0,122.0
54.0,51.0,129.0,121.0
52.0,52.0,130.0,120.0
53.0,53.0,129.0,122.0
51.0,52.0,130.0,121.0
49.0,53.0,130.0,122.0
49.0,53.0,131.0,122.0
47.0,52.0,130.0,122.0
45.0,54.0,132.0,121.0
45.0,54.0,131.0,121.0
45.0,54.0,132.0,121.0
46.0,54.0,132.0,122.0
45.0,54.0,132.0,121.0
43.0,53.0,133.0,121.0
45.0,51.0,133.0,122.0
46.0,53.0,133.0,122.0
45.0,52.0,133.0,122.0
45.0,51.0,134.0,122.0
48.0,52.0,133.0,123.0
47.0,51.0,133.0,123.0
49.0,51.0,133.0,123.0
50.0,50.0,133.0,124.0
51.0,50.0,133.0,124.0
51.0,49.0,133.0,124.0
50.0,50.0,134.0,124.0
49.0,49.0,134.0,123.0
50.0,48.0,134.0,124.0
51.0,49.0,134.0,124.0
53.0,48.0,133.0,125.0
55.0,49.0,133.0,125.0
59.0,48.0,132.0,126.0
63.0,49.0,132.0,127.0
65.0,47.0,131.0,127.0
69.0,48.0,131.0,127.0
70.0,45.0,133.0,127.0
75.0,45.0,133.0,127.0
79.0,45.0,132.0,128.0
80.0,45.0,133.0,128.0
80.0,46.0,134.0,129.0
82.0,48.0,133.0,130.0
82.0,48.0,132.0,132.0
86.0,48.0,131.0,133.0
90.0,48.0,131.0,134.0
92.0,48.0,130.0,135.0
95.0,46.0,129.0,136.0
98.0,45.0,128.0,138.0
103.0,45.0,127.0,138.0
107.0,45.0,126.0,139.0
108.0,44.0,126.0,139.0
109.0,45.0,127.0,138.0
109.0,46.0,127.0,138.0
107.0,47.0,128.0,137.0
104.0,47.0,128.0,138.0
93.0,45.0,128.0,137.0
93.0,46.0,130.0,136.0
81.0,45.0,131.0,135.0
80.0,46.0,133.0,134.0
72.0,45.0,132.0,135.0
62.0,45.0,133.0,134.0
57.0,44.0,132.0,135.0
57.0,46.0,133.0,134.0
54.0,45.0,134.0,133.0
51.0,45.0,135.0,133.0
51.0,44.0,135.0,132.0
43.0,46.0,134.0,132.0
47.0,47.0,136.0,130.0
45.0,49.0,137.0,128.0
45.0,50.0,137.0,128.0
45.0,51.0,137.0,128.0
46.0,49.0,137.0,128.0
45.0,57.0,136.0,129.0
42.0,52.0,135.0,129.0
43.0,52.0,135.0,128.0
42.0,51.0,134.0,127.0
43.0,49.0,133.0,128.0
38.0,51.0,134.0,127.0
40.0,49.0,133.0,127.0
38.0,50.0,132.0,127.0
39.0,51.0,131.0,128.0
42.0,50.0,129.0,129.0
39.0,49.0,129.0,129.0
42.0,50.0,127.0,130.0
41.0,49.0,127.0,130.0
42.0,51.0,126.0,130.0
41.0,50.0,126.0,129.0
42.0,52.0,125.0,129.0
43.0,51.0,125.0,129.0
43.0,55.0,123.0,130.0
45.0,52.0,122.0,130.0
45.0,50.0,123.0,129.0
45.0,51.0,124.0,128.0
46.0,50.0,125.0,126.0
46.0,54.0,127.0,123.0
46.0,53.0,128.0,122.0
45.0,53.0,129.0,120.0
43.0,55.0,130.0,119.0
40.0,55.0,131.0,118.0
40.0,57.0,132.0,119.0
40.0,57.0,133.0,118.0
40.0,56.0,134.0,119.0
38.0,56.0,134.0,119.0
39.0,58.0,135.0,120.0
41.0,56.0,136.0,120.0
38.0,57.0,137.0,120.0
36.0,57.0,137.0,121.0
36.0,57.0,138.0,121.0
36.0,56.0,139.0,121.0
36.0,56.0,139.0,122.0
36.0,55.0,138.0,123.0
35.0,57.0,140.0,122.0
37.0,55.0,139.0,123.0
37.0,53.0,140.0,123.0
35.0,53.0,140.0,123.0
38.0,55.0,139.0,124.0
38.0,54.0,138.0,124.0
38.0,53.0,137.0,125.0
39.0,54.0,136.0,125.0
40.0,54.0,136.0,125.0
40.0,54.0,135.0,125.0
42.0,54.0,134.0,125.0
42.0,54.0,133.0,125.0
43.0,54.0,132.0,125.0
43.0,54.0,131.0,125.0
43.0,54.0,129.0,126.0
44.0,52.0,128.0,127.0
44.0,53.0,127.0,126.0
45.0,53.0,126.0,126.0
45.0,53.0,126.0,126.0
44.0,54.0,125.0,125.0
46.0,55.0,124.0,125.0
45.0,55.0,124.0,125.0
45.0,54.0,122.0,126.0
54.0,57.0,122.0,125.0
41.0,54.0,122.0,125.0
42.0,55.0,121.0,125.0
53.0,64.0,121.0,125.0
52.0,60.0,121.0,125.0
51.0,57.0,120.0,125.0
51.0,56.0,119.0,125.0
50.0,56.0,119.0,125.0
50.0,61.0,118.0,125.0
51.0,60.0,118.0,125.0
51.0,57.0,118.0,125.0
51.0,57.0,118.0,125.0
50.0,57.0,118.0,123.0
49.0,57.0,118.0,123.0
50.0,58.0,117.0,123.0
59.0,60.0,118.0,122.0
54.0,61.0,118.0,122.0
51.0,60.0,119.0,122.0
50.0,58.0,118.0,122.0
50.0,59.0,117.0,123.0
48.0,59.0,117.0,123.0
58.0,62.0,118.0,122.0
56.0,60.0,118.0,122.0
54.0,60.0,118.0,122.0
54.0,59.0,118.0,122.0
53.0,66.0,117.0,123.0
53.0,62.0,117.0,124.0
52.0,67.0,116.0,124.0
50.0,64.0,117.0,123.0
62.0,64.0,118.0,123.0
60.0,62.0,117.0,124.0
57.0,61.0,117.0,123.0
54.0,61.0,119.0,121.0
53.0,60.0,120.0,120.0
52.0,59.0,120.0,119.0
52.0,59.0,120.0,119.0
51.0,61.0,120.0,118.0
50.0,60.0,119.0,118.0
50.0,61.0,120.0,116.0
52.0,62.0,120.0,115.0
52.0,63.0,121.0,114.0
51.0,64.0,122.0,113.0
53.0,63.0,121.0,113.0
52.0,62.0,121.0,112.0
54.0,62.0,121.0,112.0
54.0,64.0,122.0,112.0
53.0,63.0,123.0,112.0
52.0,62.0,123.0,112.0
53.0,62.0,123.0,113.0
53.0,61.0,124.0,113.0
53.0,60.0,124.0,114.0
53.0,60.0,123.0,115.0
54.0,62.0,125.0,115.0
55.0,61.0,124.0,116.0
54.0,63.0,125.0,115.0
56.0,65.0,126.0,116.0
55.0,65.0,126.0,116.0
56.0,64.0,127.0,116.0
56.0,62.0,128.0,116.0
57.0,60.0,128.0,117.0
58.0,60.0,129.0,117.0
59.0,59.0,129.0,117.0
62.0,59.0,128.0,119.0
62.0,57.0,127.0,120.0
64.0,58.0,127.0,120.0
68.0,58.0,126.0,122.0
69.0,55.0,126.0,123.0
72.0,56.0,125.0,123.0
73.0,56.0,125.0,123.0
76.0,55.0,125.0,123.0
77.0,54.0,125.0,123.0
79.0,53.0,125.0,123.0
79.0,53.0,125.0,122.0
80.0,53.0,124.0,123.0
82.0,53.0,122.0,123.0
84.0,53.0,121.0,124.0
85.0,52.0,121.0,124.0
86.0,53.0,120.0,124.0
88.0,52.0,120.0,124.0
87.0,53.0,120.0,124.0
90.0,52.0,118.0,125.0
90.0,52.0,116.0,126.0
91.0,52.0,115.0,126.0
92.0,51.0,114.0,126.0
93.0,51.0,114.0,126.0
95.0,51.0,113.0,127.0
96.0,50.0,112.0,127.0
97.0,54.0,112.0,127.0
100.0,51.0,112.0,127.0
102.0,53.0,110.0,129.0
106.0,51.0,110.0,129.0
107.0,52.0,110.0,129.0
110.0,54.0,111.0,128.0
113.0,53.0,112.0,126.0
116.0,54.0,110.0,129.0
116.0,54.0,111.0,129.0
116.0,54.0,111.0,130.0
114.0,57.0,113.0,130.0
113.0,57.0,114.0,130.0
113.0,58.0,113.0,132.0
113.0,57.0,114.0,133.0
111.0,57.0,113.0,135.0
112.0,56.0,114.0,135.0
112.0,56.0,114.0,136.0
112.0,56.0,114.0,137.0
114.0,56.0,113.0,138.0
115.0,60.0,113.0,138.0
115.0,63.0,113.0,138.0
116.0,66.0,114.0,137.0
117.0,56.0,114.0,138.0
110.0,59.0,114.0,138.0
114.0,50.0,114.0,139.0
115.0,54.0,114.0,140.0
108.0,46.0,115.0,139.0
113.0,49.0,116.0,140.0
112.0,49.0,118.0,139.0
107.0,45.0,118.0,140.0
111.0,48.0,120.0,138.0
105.0,48.0,121.0,138.0
111.0,50.0,120.0,141.0
111.0,48.0,121.0,141.0
110.0,47.0,121.0,143.0
109.0,46.0,122.0,144.0
103.0,44.0,123.0,144.0
107.0,45.0,123.0,144.0
109.0,48.0,124.0,144.0
107.0,48.0,126.0,144.0
106.0,47.0,127.0,145.0
106.0,47.0,128.0,145.0
108.0,46.0,127.0,148.0
107.0,47.0,129.0,147.0
106.0,48.0,130.0,147.0
106.0,49.0,132.0,147.0
106.0,49.0,133.0,148.0
106.0,49.0,134.0,148.0
106.0,51.0,136.0,148.0
105.0,51.0,136.0,150.0
103.0,50.0,136.0,151.0
100.0,51.0,137.0,152.0
100.0,50.0,137.0,152.0
101.0,51.0,138.0,152.0
100.0,51.0,139.0,151.0
100.0,51.0,138.0,152.0
101.0,51.0,138.0,153.0
100.0,51.0,139.0,154.0
101.0,50.0,139.0,154.0
99.0,51.0,141.0,153.0
102.0,48.0,140.0,155.0
101.0,48.0,141.0,155.0
100.0,48.0,140.0,157.0
101.0,46.0,140.0,158.0
103.0,44.0,140.0,158.0
108.0,44.0,138.0,160.0
109.0,48.0,140.0,158.0
111.0,50.0,139.0,160.0
108.0,54.0,139.0,161.0
107.0,44.0,139.0,161.0
108.0,48.0,139.0,161.0
108.0,51.0,140.0,161.0
108.0,56.0,140.0,160.0
108.0,47.0,142.0,159.0
108.0,51.0,141.0,160.0
110.0,54.0,141.0,160.0
112.0,54.0,140.0,160.0
109.0,44.0,141.0,159.0
116.0,59.0,141.0,160.0
127.0,63.0,142.0,159.0
121.0,51.0,143.0,159.0
116.0,56.0,143.0,159.0
112.0,47.0,144.0,159.0
111.0,53.0,144.0,159.0
107.0,47.0,144.0,159.0
109.0,49.0,142.0,162.0
107.0,42.0,142.0,161.0
103.0,43.0,144.0,161.0
101.0,40.0,143.0,161.0
97.0,35.0,144.0,160.0
95.0,36.0,144.0,159.0
94.0,37.0,142.0,160.0
91.0,39.0,142.0,158.0
88.0,39.0,141.0,158.0
86.0,39.0,141.0,156.0
87.0,37.0,142.0,154.0
88.0,37.0,140.0,154.0
87.0,41.0,140.0,153.0
89.0,39.0,139.0,153.0
88.0,41.0,138.0,152.0
88.0,40.0,138.0,150.0
91.0,38.0,136.0,151.0
93.0,38.0,134.0,152.0
95.0,40.0,133.0,152.0
96.0,37.0,127.0,157.0
99.0,35.0,123.0,161.0
102.0,35.0,121.0,162.0
103.0,36.0,120.0,163.0
103.0,39.0,119.0,162.0
106.0,39.0,118.0,163.0
106.0,39.0,118.0,163.0
106.0,40.0,117.0,163.0
105.0,40.0,116.0,163.0
104.0,40.0,117.0,162.0
104.0,40.0,116.0,161.0
104.0,41.0,116.0,160.0
103.0,41.0,116.0,160.0
104.0,41.0,115.0,160.0
104.0,41.0,114.0,159.0
103.0,42.0,115.0,158.0
103.0,42.0,114.0,158.0
103.0,41.0,113.0,158.0
102.0,42.0,113.0,157.0
102.0,41.0,113.0,157.0
102.0,43.0,112.0,156.0
103.0,45.0,112.0,155.0
104.0,44.0,112.0,155.0
104.0,42.0,112.0,155.0
104.0,41.0,111.0,156.0
104.0,40.0,110.0,155.0
102.0,42.0,111.0,153.0
104.0,42.0,110.0,154.0
105.0,44.0,110.0,154.0
105.0,47.0,109.0,154.0
106.0,51.0,110.0,153.0
107.0,52.0,110.0,153.0
109.0,52.0,109.0,154.0
108.0,52.0,110.0,152.0
108.0,52.0,110.0,153.0
107.0,51.0,109.0,154.0
105.0,51.0,110.0,153.0
105.0,63.0,111.0,153.0
105.0,59.0,112.0,153.0
104.0,59.0,113.0,152.0
105.0,56.0,113.0,153.0
104.0,55.0,113.0,153.0
103.0,54.0,114.0,153.0
103.0,54.0,115.0,153.0
102.0,54.0,115.0,153.0
101.0,55.0,116.0,153.0
102.0,53.0,116.0,153.0
104.0,53.0,116.0,154.0
105.0,53.0,117.0,154.0
106.0,53.0,117.0,154.0
106.0,54.0,117.0,154.0
104.0,56.0,119.0,154.0
106.0,54.0,117.0,155.0
105.0,55.0,118.0,155.0
106.0,54.0,117.0,156.0
94.0,52.0,117.0,157.0
97.0,50.0,116.0,158.0
99.0,47.0,116.0,159.0
100.0,48.0,116.0,159.0
100.0,47.0,116.0,159.0
101.0,46.0,115.0,160.0
102.0,49.0,117.0,159.0
103.0,48.0,116.0,159.0
102.0,48.0,117.0,159.0
102.0,48.0,117.0,159.0
102.0,47.0,118.0,159.0
100.0,49.0,119.0,159.0
100.0,48.0,119.0,159.0
100.0,47.0,117.0,161.0
99.0,43.0,116.0,163.0
98.0,44.0,117.0,162.0
97.0,44.0,117.0,161.0
99.0,43.0,115.0,163.0
99.0,43.0,115.0,162.0
100.0,45.0,115.0,162.0
100.0,46.0,114.0,162.0
101.0,47.0,113.0,162.0
101.0,48.0,113.0,161.0
100.0,35.0,115.0,160.0
100.0,37.0,116.0,158.0
99.0,38.0,116.0,157.0
98.0,40.0,116.0,157.0
100.0,37.0,114.0,158.0
99.0,38.0,114.0,157.0
99.0,40.0,115.0,155.0
98.0,39.0,115.0,154.0
100.0,41.0,113.0,155.0
101.0,43.0,113.0,154.0
102.0,43.0,113.0,153.0
102.0,43.0,112.0,153.0
103.0,42.0,112.0,153.0
103.0,42.0,111.0,152.0
103.0,42.0,111.0,152.0
102.0,43.0,110.0,151.0
105.0,42.0,109.0,151.0
104.0,44.0,110.0,150.0
103.0,44.0,110.0,149.0
104.0,42.0,109.0,149.0
105.0,44.0,109.0,148.0
104.0,43.0,109.0,146.0
108.0,44.0,108.0,147.0
104.0,45.0,109.0,145.0
108.0,45.0,107.0,146.0
107.0,44.0,107.0,145.0
108.0,46.0,106.0,145.0
108.0,44.0,105.0,145.0
109.0,44.0,104.0,145.0
109.0,45.0,103.0,144.0
109.0,43.0,103.0,144.0
110.0,46.0,102.0,143.0
110.0,43.0,102.0,142.0
110.0,44.0,101.0,142.0
109.0,44.0,101.0,141.0
109.0,45.0,101.0,140.0
109.0,44.0,101.0,140.0
109.0,44.0,101.0,139.0
109.0,46.0,101.0,139.0
110.0,45.0,100.0,140.0
108.0,45.0,102.0,138.0
109.0,47.0,102.0,138.0
110.0,48.0,102.0,139.0
111.0,48.0,103.0,139.0
110.0,49.0,104.0,138.0
109.0,50.0,105.0,137.0
110.0,50.0,105.0,138.0
109.0,50.0,105.0,138.0
110.0,49.0,105.0,140.0
108.0,50.0,106.0,138.0
107.0,46.0,106.0,139.0
109.0,50.0,105.0,141.0
106.0,50.0,107.0,140.0
108.0,49.0,106.0,140.0
105.0,49.0,106.0,141.0
107.0,49.0,107.0,141.0
105.0,49.0,107.0,141.0
105.0,50.0,107.0,142.0
105.0,50.0,106.0,142.0
106.0,50.0,107.0,142.0
104.0,50.0,108.0,141.0
104.0,50.0,109.0,140.0
104.0,51.0,109.0,140.0
106.0,50.0,107.0,142.0
104.0,50.0,108.0,141.0
105.0,50.0,108.0,142.0
104.0,49.0,109.0,141.0
101.0,48.0,109.0,141.0
103.0,52.0,110.0,140.0
103.0,50.0,110.0,141.0
102.0,48.0,109.0,142.0
102.0,47.0,108.0,143.0
103.0,48.0,107.0,144.0
102.0,47.0,108.0,144.0
102.0,47.0,109.0,143.0
101.0,46.0,108.0,144.0
101.0,46.0,108.0,144.0
101.0,47.0,108.0,145.0
