405.0,256.0,122.0,148.0
403.0,258.0,122.0,148.0
408.0,255.0,120.0,150.0
414.0,250.0,120.0,151.0
417.0,246.0,120.0,152.0
420.0,243.0,121.0,151.0
423.0,239.0,122.0,151.0
426.0,234.0,123.0,150.0
424.0,227.0,124.0,150.0
416.0,224.0,125.0,151.0
407.0,220.0,125.0,151.0
398.0,211.0,126.0,154.0
392.0,199.0,126.0,156.0
383.0,191.0,128.0,157.0
371.0,185.0,128.0,156.0
362.0,185.0,129.0,156.0
353.0,182.0,129.0,157.0
344.0,181.0,130.0,158.0
337.0,181.0,129.0,159.0
334.0,181.0,128.0,160.0
328.0,183.0,128.0,160.0
322.0,183.0,128.0,160.0
318.0,183.0,129.0,159.0
314.0,182.0,130.0,158.0
306.0,182.0,131.0,157.0
300.0,180.0,132.0,157.0
293.0,177.0,131.0,157.0
286.0,172.0,132.0,157.0
275.0,168.0,132.0,157.0
267.0,162.0,133.0,158.0
263.0,153.0,132.0,159.0
264.0,139.0,133.0,159.0
263.0,127.0,134.0,158.0
264.0,116.0,134.0,157.0
267.0,103.0,133.0,157.0
274.0,88.0,132.0,158.0
280.0,80.0,130.0,158.0
287.0,71.0,128.0,159.0
292.0,61.0,127.0,158.0
301.0,53.0,127.0,157.0
303.0,52.0,127.0,156.0
302.0,54.0,126.0,155.0
301.0,55.0,125.0,154.0
302.0,58.0,125.0,152.0
300.0,61.0,123.0,151.0
296.0,67.0,123.0,150.0
294.0,73.0,121.0,148.0
288.0,76.0,122.0,147.0
284.0,81.0,121.0,145.0
276.0,86.0,121.0,145.0
269.0,90.0,120.0,144.0
260.0,94.0,120.0,144.0
257.0,99.0,118.0,143.0
253.0,102.0,117.0,143.0
252.0,105.0,116.0,142.0
252.0,108.0,114.0,143.0
253.0,111.0,114.0,141.0
251.0,110.0,114.0,140.0
252.0,107.0,113.0,141.0
249.0,107.0,112.0,141.0
249.0,108.0,112.0,141.0
248.0,111.0,111.0,140.0
249.0,111.0,111.0,139.0
247.0,110.0,111.0,139.0
249.0,108.0,111.0,138.0
251.0,105.0,109.0,140.0
254.0,103.0,110.0,138.0
254.0,101.0,111.0,137.0
253.0,98.0,111.0,137.0
253.0,94.0,111.0,137.0
254.0,92.0,111.0,137.0
253.0,91.0,111.0,137.0
254.0,90.0,111.0,138.0
253.0,89.0,111.0,137.0
254.0,90.0,111.0,137.0
255.0,89.0,111.0,136.0
257.0,89.0,110.0,136.0
257.0,87.0,110.0,137.0
258.0,88.0,109.0,137.0
260.0,88.0,109.0,137.0
262.0,88.0,109.0,136.0
264.0,87.0,108.0,138.0
269.0,88.0,108.0,138.0
273.0,88.0,109.0,137.0
279.0,86.0,109.0,136.0
285.0,86.0,108.0,137.0
292.0,87.0,108.0,137.0
297.0,88.0,108.0,137.0
302.0,87.0,108.0,136.0
307.0,85.0,108.0,137.0
312.0,83.0,107.0,137.0
313.0,79.0,107.0,137.0
317.0,76.0,106.0,138.0
318.0,72.0,107.0,138.0
317.0,69.0,108.0,139.0
318.0,67.0,107.0,139.0
319.0,67.0,107.0,140.0
322.0,70.0,108.0,140.0
324.0,69.0,107.0,140.0
326.0,73.0,107.0,140.0
328.0,77.0,107.0,139.0
324.0,80.0,108.0,138.0
322.0,85.0,108.0,138.0
318.0,92.0,109.0,139.0
314.0,100.0,109.0,139.0
309.0,106.0,109.0,139.0
301.0,115.0,109.0,139.0
296.0,134.0,108.0,140.0
288.0,140.0,108.0,140.0
284.0,148.0,108.0,140.0
277.0,157.0,108.0,140.0
273.0,165.0,107.0,140.0
268.0,174.0,108.0,140.0
261.0,188.0,109.0,140.0
250.0,194.0,109.0,140.0
244.0,202.0,110.0,140.0
236.0,212.0,111.0,140.0
228.0,217.0,112.0,140.0
223.0,225.0,113.0,141.0
221.0,230.0,113.0,143.0
217.0,236.0,114.0,142.0
213.0,240.0,115.0,143.0
212.0,241.0,115.0,144.0
217.0,240.0,114.0,145.0
222.0,239.0,115.0,146.0
227.0,239.0,117.0,145.0
228.0,244.0,118.0,144.0
233.0,243.0,117.0,146.0
240.0,243.0,118.0,146.0
246.0,244.0,118.0,146.0
257.0,251.0,119.0,145.0
265.0,255.0,121.0,144.0
272.0,258.0,121.0,144.0
281.0,262.0,121.0,145.0
292.0,262.0,121.0,146.0
299.0,255.0,122.0,146.0
311.0,252.0,123.0,146.0
315.0,248.0,124.0,146.0
318.0,243.0,125.0,146.0
322.0,236.0,124.0,148.0
322.0,229.0,124.0,150.0
319.0,222.0,125.0,151.0
315.0,217.0,125.0,152.0
303.0,209.0,126.0,152.0
291.0,206.0,127.0,151.0
279.0,204.0,128.0,151.0
269.0,200.0,129.0,150.0
254.0,195.0,130.0,151.0
238.0,192.0,131.0,150.0
223.0,190.0,130.0,151.0
211.0,188.0,131.0,151.0
199.0,184.0,132.0,151.0
181.0,180.0,132.0,151.0
169.0,176.0,132.0,152.0
160.0,172.0,131.0,154.0
157.0,163.0,131.0,154.0
159.0,157.0,130.0,156.0
160.0,151.0,130.0,157.0
161.0,150.0,130.0,157.0
162.0,147.0,129.0,158.0
167.0,142.0,128.0,159.0
169.0,141.0,129.0,158.0
175.0,135.0,128.0,160.0
178.0,134.0,129.0,158.0
182.0,130.0,129.0,159.0
185.0,130.0,129.0,158.0
187.0,127.0,129.0,158.0
188.0,125.0,128.0,159.0
188.0,127.0,127.0,159.0
190.0,127.0,129.0,156.0
191.0,129.0,128.0,156.0
194.0,129.0,126.0,157.0
202.0,135.0,126.0,155.0
208.0,139.0,124.0,157.0
213.0,144.0,125.0,155.0
222.0,147.0,124.0,156.0
225.0,151.0,124.0,155.0
230.0,148.0,122.0,157.0
234.0,146.0,122.0,156.0
236.0,146.0,123.0,154.0
239.0,141.0,123.0,153.0
239.0,137.0,124.0,152.0
237.0,131.0,124.0,151.0
235.0,124.0,124.0,150.0
234.0,115.0,124.0,150.0
236.0,104.0,124.0,151.0
236.0,93.0,124.0,151.0
236.0,83.0,124.0,150.0
235.0,74.0,124.0,149.0
235.0,61.0,123.0,151.0
235.0,49.0,122.0,151.0
237.0,44.0,121.0,151.0
240.0,35.0,123.0,150.0
256.0,30.0,122.0,150.0
266.0,30.0,122.0,151.0
280.0,33.0,120.0,151.0
293.0,42.0,120.0,149.0
307.0,49.0,120.0,148.0
317.0,54.0,121.0,146.0
330.0,61.0,121.0,144.0
340.0,67.0,121.0,144.0
351.0,74.0,121.0,143.0
360.0,81.0,120.0,142.0
367.0,86.0,121.0,140.0
372.0,94.0,121.0,138.0
376.0,102.0,120.0,136.0
376.0,109.0,119.0,135.0
375.0,119.0,119.0,133.0
370.0,128.0,119.0,131.0
364.0,135.0,119.0,129.0
355.0,140.0,117.0,129.0
346.0,144.0,116.0,129.0
336.0,146.0,115.0,129.0
328.0,148.0,115.0,129.0
320.0,150.0,114.0,128.0
313.0,152.0,113.0,128.0
306.0,154.0,111.0,129.0
295.0,157.0,111.0,128.0
286.0,160.0,110.0,128.0
274.0,161.0,109.0,128.0
263.0,162.0,109.0,128.0
254.0,161.0,108.0,129.0
242.0,162.0,107.0,129.0
230.0,167.0,106.0,128.0
219.0,170.0,106.0,128.0
206.0,179.0,105.0,128.0
197.0,186.0,106.0,126.0
189.0,192.0,105.0,126.0
181.0,200.0,104.0,126.0
171.0,207.0,104.0,125.0
161.0,213.0,104.0,125.0
150.0,220.0,105.0,125.0
143.0,226.0,103.0,126.0
136.0,228.0,103.0,127.0
132.0,229.0,103.0,128.0
128.0,230.0,103.0,128.0
124.0,231.0,103.0,128.0
121.0,227.0,103.0,129.0
120.0,223.0,103.0,130.0
120.0,220.0,102.0,131.0
122.0,215.0,102.0,132.0
124.0,214.0,104.0,130.0
126.0,216.0,103.0,131.0
131.0,216.0,104.0,132.0
137.0,215.0,105.0,130.0
143.0,215.0,104.0,131.0
151.0,216.0,104.0,132.0
154.0,217.0,104.0,133.0
159.0,219.0,106.0,132.0
163.0,220.0,105.0,132.0
163.0,221.0,106.0,133.0
166.0,225.0,105.0,135.0
168.0,227.0,106.0,136.0
169.0,227.0,107.0,137.0
168.0,230.0,109.0,137.0
167.0,231.0,111.0,138.0
167.0,231.0,112.0,138.0
167.0,231.0,113.0,139.0
166.0,231.0,114.0,141.0
166.0,230.0,115.0,143.0
166.0,229.0,115.0,145.0
167.0,230.0,118.0,145.0
168.0,230.0,120.0,145.0
170.0,226.0,122.0,145.0
171.0,224.0,123.0,147.0
174.0,218.0,124.0,149.0
173.0,214.0,125.0,152.0
173.0,206.0,127.0,154.0
173.0,201.0,128.0,156.0
176.0,197.0,130.0,158.0
179.0,191.0,132.0,159.0
182.0,182.0,133.0,161.0
184.0,174.0,134.0,164.0
185.0,167.0,135.0,166.0
187.0,159.0,136.0,168.0
195.0,153.0,137.0,169.0
202.0,151.0,137.0,172.0
207.0,146.0,139.0,174.0
210.0,148.0,141.0,174.0
213.0,147.0,143.0,174.0
217.0,143.0,142.0,176.0
219.0,141.0,143.0,178.0
221.0,141.0,144.0,179.0
223.0,141.0,144.0,180.0
224.0,142.0,146.0,180.0
221.0,139.0,147.0,181.0
221.0,138.0,148.0,180.0
221.0,139.0,149.0,180.0
221.0,140.0,150.0,178.0
223.0,141.0,150.0,178.0
226.0,142.0,150.0,179.0
228.0,142.0,150.0,179.0
228.0,141.0,149.0,181.0
226.0,139.0,147.0,184.0
221.0,141.0,148.0,185.0
218.0,142.0,148.0,186.0
214.0,140.0,150.0,186.0
212.0,141.0,151.0,185.0
212.0,144.0,151.0,185.0
210.0,150.0,152.0,184.0
209.0,155.0,151.0,184.0
210.0,158.0,149.0,186.0
211.0,160.0,148.0,186.0
215.0,162.0,148.0,187.0
220.0,166.0,147.0,189.0
224.0,167.0,146.0,190.0
225.0,174.0,149.0,189.0
228.0,177.0,149.0,190.0
232.0,175.0,150.0,193.0
232.0,174.0,151.0,194.0
234.0,171.0,152.0,197.0
235.0,170.0,156.0,198.0
236.0,170.0,158.0,199.0
228.0,168.0,160.0,201.0
234.0,163.0,161.0,205.0
238.0,156.0,163.0,207.0
243.0,155.0,166.0,208.0
246.0,161.0,165.0,209.0
253.0,158.0,168.0,210.0
257.0,155.0,172.0,211.0
265.0,161.0,175.0,212.0
268.0,166.0,174.0,212.0
278.0,172.0,176.0,215.0
280.0,173.0,178.0,218.0
277.0,181.0,180.0,220.0
283.0,180.0,182.0,224.0
278.0,184.0,183.0,226.0
276.0,181.0,186.0,228.0
267.0,190.0,188.0,230.0
267.0,182.0,190.0,233.0
266.0,188.0,192.0,236.0
260.0,187.0,195.0,238.0
257.0,185.0,198.0,241.0
248.0,187.0,199.0,242.0
255.0,180.0,199.0,245.0
257.0,175.0,201.0,247.0
258.0,172.0,203.0,246.0
261.0,165.0,204.0,248.0
261.0,159.0,207.0,246.0
261.0,156.0,208.0,247.0
255.0,152.0,207.0,246.0
261.0,147.0,208.0,245.0
267.0,138.0,209.0,246.0
257.0,134.0,210.0,246.0
251.0,132.0,210.0,246.0
248.0,126.0,212.0,245.0
246.0,117.0,211.0,248.0
245.0,109.0,211.0,248.0
247.0,104.0,210.0,249.0
248.0,100.0,210.0,247.0
247.0,102.0,210.0,244.0
251.0,104.0,208.0,242.0
256.0,108.0,206.0,241.0
257.0,109.0,205.0,240.0
259.0,115.0,205.0,238.0
258.0,126.0,206.0,235.0
258.0,134.0,204.0,234.0
256.0,143.0,202.0,234.0
251.0,148.0,198.0,236.0
244.0,152.0,197.0,235.0
235.0,153.0,197.0,235.0
209.0,155.0,198.0,231.0
196.0,156.0,195.0,233.0
177.0,161.0,194.0,232.0
163.0,164.0,196.0,228.0
150.0,164.0,198.0,223.0
139.0,163.0,197.0,223.0
129.0,159.0,198.0,221.0
125.0,152.0,196.0,223.0
126.0,147.0,195.0,222.0
120.0,145.0,193.0,222.0
116.0,136.0,190.0,224.0
118.0,134.0,187.0,225.0
118.0,131.0,184.0,226.0
110.0,120.0,182.0,226.0
107.0,119.0,179.0,229.0
103.0,115.0,180.0,227.0
100.0,107.0,181.0,227.0
97.0,106.0,182.0,226.0
96.0,102.0,182.0,226.0
95.0,103.0,182.0,226.0
93.0,99.0,184.0,224.0
95.0,100.0,185.0,222.0
97.0,97.0,187.0,218.0
118.0,83.0,184.0,221.0
122.0,92.0,184.0,220.0
143.0,90.0,184.0,222.0
143.0,95.0,184.0,221.0
168.0,99.0,184.0,222.0
167.0,101.0,185.0,221.0
144.0,104.0,188.0,218.0
153.0,125.0,188.0,218.0
162.0,121.0,188.0,218.0
187.0,120.0,189.0,215.0
190.0,117.0,188.0,215.0
198.0,118.0,188.0,214.0
203.0,117.0,188.0,214.0
210.0,115.0,187.0,214.0
218.0,114.0,187.0,214.0
225.0,114.0,187.0,214.0
253.0,114.0,188.0,213.0
255.0,111.0,188.0,213.0
258.0,112.0,187.0,213.0
285.0,114.0,188.0,213.0
288.0,114.0,188.0,212.0
291.0,114.0,188.0,211.0
297.0,113.0,189.0,210.0
307.0,108.0,188.0,210.0
316.0,107.0,189.0,210.0
324.0,104.0,190.0,209.0
331.0,102.0,190.0,209.0
340.0,100.0,190.0,209.0
348.0,104.0,190.0,209.0
395.0,124.0,187.0,212.0
412.0,105.0,186.0,213.0
405.0,125.0,182.0,217.0
398.0,105.0,181.0,219.0
396.0,105.0,180.0,220.0
393.0,102.0,179.0,221.0
388.0,105.0,178.0,222.0
384.0,108.0,177.0,223.0
380.0,95.0,176.0,223.0
357.0,102.0,177.0,222.0
357.0,107.0,177.0,222.0
353.0,93.0,176.0,222.0
330.0,101.0,175.0,223.0
326.0,103.0,174.0,224.0
321.0,108.0,173.0,224.0
303.0,112.0,174.0,224.0
305.0,114.0,174.0,222.0
306.0,140.0,170.0,226.0
305.0,139.0,169.0,227.0
285.0,117.0,171.0,224.0
289.0,122.0,172.0,223.0
285.0,129.0,172.0,221.0
282.0,135.0,172.0,221.0
266.0,118.0,172.0,220.0
268.0,120.0,173.0,219.0
265.0,126.0,172.0,219.0
250.0,126.0,172.0,220.0
255.0,128.0,172.0,220.0
250.0,106.0,173.0,219.0
245.0,112.0,174.0,217.0
243.0,113.0,172.0,219.0
239.0,94.0,173.0,217.0
236.0,98.0,174.0,216.0
233.0,81.0,174.0,214.0
232.0,82.0,175.0,213.0
229.0,84.0,176.0,212.0
228.0,82.0,175.0,213.0
233.0,80.0,175.0,213.0
234.0,80.0,174.0,213.0
238.0,79.0,174.0,212.0
241.0,79.0,175.0,213.0
243.0,79.0,176.0,212.0
230.0,80.0,176.0,212.0
238.0,81.0,175.0,212.0
243.0,83.0,175.0,211.0
249.0,85.0,176.0,209.0
254.0,86.0,175.0,209.0
257.0,84.0,176.0,208.0
257.0,84.0,178.0,206.0
258.0,84.0,178.0,206.0
254.0,82.0,177.0,206.0
251.0,84.0,177.0,205.0
250.0,84.0,176.0,206.0
238.0,85.0,174.0,208.0
239.0,87.0,174.0,208.0
228.0,86.0,173.0,209.0
229.0,104.0,174.0,209.0
222.0,98.0,172.0,211.0
219.0,93.0,174.0,209.0
210.0,89.0,172.0,211.0
211.0,89.0,175.0,209.0
210.0,108.0,173.0,212.0
205.0,102.0,174.0,212.0
206.0,94.0,175.0,212.0
205.0,92.0,176.0,212.0
207.0,95.0,176.0,212.0
202.0,92.0,173.0,215.0
210.0,93.0,174.0,214.0
214.0,109.0,175.0,213.0
218.0,104.0,179.0,210.0
223.0,103.0,179.0,209.0
226.0,103.0,180.0,209.0
229.0,102.0,180.0,209.0
233.0,103.0,181.0,209.0
226.0,98.0,179.0,211.0
239.0,93.0,179.0,212.0
240.0,95.0,181.0,209.0
232.0,90.0,178.0,213.0
240.0,110.0,178.0,214.0
232.0,104.0,179.0,215.0
223.0,101.0,180.0,216.0
226.0,100.0,183.0,214.0
216.0,118.0,182.0,217.0
201.0,112.0,184.0,218.0
188.0,108.0,185.0,219.0
188.0,108.0,189.0,216.0
190.0,129.0,189.0,218.0
175.0,127.0,189.0,220.0
174.0,125.0,193.0,219.0
171.0,127.0,195.0,219.0
167.0,129.0,197.0,219.0
166.0,131.0,198.0,220.0
163.0,133.0,199.0,221.0
162.0,135.0,200.0,221.0
161.0,135.0,201.0,222.0
162.0,134.0,202.0,223.0
158.0,135.0,203.0,223.0
158.0,134.0,205.0,223.0
155.0,138.0,205.0,224.0
151.0,139.0,206.0,225.0
149.0,141.0,206.0,226.0
147.0,142.0,208.0,226.0
136.0,138.0,203.0,233.0
138.0,136.0,206.0,233.0
137.0,137.0,208.0,232.0
137.0,138.0,210.0,231.0
135.0,145.0,212.0,231.0
135.0,146.0,211.0,233.0
136.0,145.0,213.0,234.0
138.0,146.0,212.0,236.0
137.0,149.0,213.0,237.0
138.0,150.0,214.0,237.0
139.0,152.0,216.0,237.0
141.0,150.0,215.0,239.0
143.0,151.0,216.0,240.0
144.0,149.0,216.0,242.0
145.0,151.0,217.0,242.0
146.0,151.0,218.0,243.0
144.0,152.0,218.0,245.0
145.0,152.0,218.0,246.0
146.0,153.0,217.0,248.0
145.0,151.0,217.0,249.0
144.0,152.0,217.0,251.0
140.0,154.0,219.0,251.0
141.0,154.0,217.0,254.0
142.0,157.0,216.0,257.0
142.0,160.0,217.0,257.0
139.0,160.0,218.0,257.0
136.0,157.0,219.0,257.0
135.0,155.0,219.0,259.0
133.0,153.0,221.0,258.0
130.0,154.0,221.0,258.0
129.0,150.0,221.0,260.0
128.0,149.0,222.0,261.0
129.0,149.0,223.0,261.0
129.0,147.0,221.0,264.0
130.0,145.0,222.0,265.0
131.0,146.0,223.0,265.0
129.0,144.0,225.0,265.0
133.0,146.0,224.0,267.0
130.0,148.0,227.0,266.0
132.0,147.0,226.0,268.0
132.0,145.0,226.0,270.0
126.0,125.0,231.0,264.0
121.0,135.0,233.0,262.0
122.0,139.0,233.0,264.0
124.0,138.0,232.0,267.0
122.0,138.0,233.0,269.0
123.0,137.0,234.0,269.0
123.0,136.0,234.0,271.0
124.0,136.0,235.0,272.0
125.0,139.0,235.0,274.0
126.0,141.0,236.0,275.0
128.0,142.0,235.0,276.0
132.0,144.0,235.0,277.0
134.0,145.0,236.0,277.0
136.0,147.0,236.0,277.0
135.0,145.0,237.0,278.0
138.0,148.0,236.0,278.0
136.0,148.0,240.0,275.0
133.0,149.0,240.0,276.0
131.0,139.0,242.0,271.0
135.0,148.0,238.0,276.0
134.0,153.0,238.0,276.0
134.0,153.0,237.0,277.0
131.0,155.0,238.0,276.0
132.0,158.0,237.0,277.0
130.0,159.0,238.0,274.0
129.0,158.0,237.0,276.0
128.0,160.0,238.0,273.0
126.0,163.0,239.0,271.0
124.0,162.0,239.0,271.0
123.0,160.0,239.0,272.0
123.0,160.0,239.0,272.0
122.0,160.0,238.0,272.0
123.0,158.0,237.0,274.0
122.0,161.0,237.0,274.0
120.0,160.0,237.0,273.0
116.0,157.0,237.0,273.0
116.0,161.0,237.0,272.0
114.0,157.0,237.0,274.0
114.0,157.0,237.0,273.0
112.0,159.0,235.0,275.0
111.0,156.0,235.0,276.0
108.0,155.0,234.0,277.0
108.0,154.0,235.0,277.0
104.0,154.0,236.0,277.0
102.0,153.0,237.0,277.0
98.0,154.0,237.0,277.0
95.0,157.0,238.0,276.0
97.0,161.0,236.0,278.0
102.0,159.0,235.0,280.0
109.0,158.0,234.0,281.0
113.0,158.0,234.0,282.0
117.0,158.0,235.0,282.0
141.0,161.0,237.0,280.0
144.0,162.0,237.0,282.0
144.0,164.0,238.0,282.0
151.0,165.0,237.0,282.0
157.0,169.0,238.0,282.0
160.0,171.0,239.0,281.0
161.0,173.0,241.0,279.0
156.0,168.0,240.0,279.0
148.0,165.0,242.0,278.0
141.0,163.0,244.0,276.0
141.0,161.0,245.0,277.0
139.0,163.0,245.0,277.0
136.0,164.0,246.0,276.0
136.0,163.0,246.0,276.0
144.0,165.0,246.0,275.0
152.0,166.0,247.0,274.0
160.0,171.0,251.0,269.0
166.0,173.0,255.0,266.0
197.0,193.0,255.0,267.0
175.0,188.0,254.0,268.0
182.0,194.0,255.0,266.0
187.0,197.0,256.0,265.0
189.0,213.0,255.0,264.0
193.0,206.0,255.0,262.0
177.0,203.0,253.0,264.0
181.0,201.0,255.0,259.0
163.0,187.0,251.0,263.0
169.0,179.0,248.0,265.0
165.0,172.0,247.0,267.0
134.0,141.0,247.0,266.0
116.0,139.0,242.0,270.0
122.0,137.0,241.0,271.0
125.0,107.0,245.0,267.0
123.0,106.0,248.0,264.0
120.0,104.0,251.0,261.0
119.0,106.0,252.0,260.0
117.0,109.0,253.0,258.0
114.0,134.0,251.0,261.0
129.0,130.0,247.0,266.0
136.0,133.0,246.0,266.0
143.0,134.0,247.0,266.0
149.0,140.0,249.0,265.0
162.0,139.0,247.0,267.0
167.0,140.0,247.0,267.0
173.0,138.0,243.0,271.0
187.0,134.0,241.0,272.0
190.0,132.0,241.0,271.0
198.0,129.0,237.0,275.0
211.0,125.0,234.0,276.0
225.0,121.0,234.0,276.0
231.0,124.0,238.0,270.0
244.0,126.0,241.0,265.0
246.0,134.0,241.0,262.0
244.0,140.0,240.0,260.0
244.0,145.0,238.0,259.0
239.0,150.0,240.0,253.0
235.0,155.0,236.0,255.0
207.0,161.0,233.0,255.0
203.0,159.0,229.0,255.0
201.0,157.0,225.0,256.0
197.0,155.0,223.0,255.0
189.0,156.0,221.0,254.0
196.0,161.0,219.0,254.0
207.0,174.0,218.0,253.0
208.0,185.0,220.0,247.0
212.0,197.0,218.0,245.0
210.0,203.0,217.0,243.0
209.0,206.0,217.0,240.0
210.0,205.0,213.0,241.0
212.0,207.0,213.0,239.0
219.0,210.0,214.0,237.0
219.0,205.0,210.0,239.0
218.0,198.0,205.0,241.0
217.0,191.0,205.0,241.0
219.0,175.0,203.0,239.0
217.0,167.0,202.0,239.0
216.0,161.0,202.0,239.0
215.0,154.0,201.0,239.0
212.0,147.0,199.0,241.0
213.0,129.0,198.0,240.0
213.0,125.0,199.0,237.0
221.0,115.0,198.0,235.0
225.0,112.0,197.0,236.0
228.0,106.0,195.0,237.0
229.0,108.0,194.0,236.0
234.0,116.0,191.0,236.0
234.0,127.0,189.0,235.0
236.0,131.0,188.0,233.0
237.0,134.0,190.0,229.0
246.0,141.0,189.0,228.0
254.0,140.0,187.0,231.0
262.0,136.0,187.0,231.0
268.0,134.0,187.0,230.0
269.0,129.0,183.0,232.0
266.0,135.0,183.0,228.0
262.0,138.0,184.0,223.0
263.0,136.0,183.0,223.0
257.0,135.0,183.0,220.0
254.0,134.0,183.0,217.0
