294.0,135.0,44.0,171.0
295.0,134.0,45.0,168.0
297.0,130.0,45.0,170.0
299.0,129.0,44.0,172.0
300.0,127.0,43.0,173.0
301.0,127.0,43.0,174.0
302.0,126.0,43.0,176.0
302.0,127.0,43.0,177.0
301.0,129.0,43.0,177.0
301.0,130.0,43.0,177.0
301.0,130.0,43.0,179.0
300.0,128.0,43.0,180.0
297.0,130.0,43.0,181.0
295.0,130.0,43.0,182.0
292.0,131.0,44.0,183.0
291.0,129.0,43.0,185.0
288.0,129.0,44.0,185.0
286.0,128.0,44.0,186.0
284.0,127.0,45.0,187.0
283.0,127.0,45.0,186.0
281.0,129.0,46.0,185.0
280.0,129.0,46.0,186.0
278.0,129.0,46.0,187.0
277.0,130.0,46.0,188.0
276.0,131.0,45.0,189.0
275.0,133.0,45.0,190.0
275.0,132.0,46.0,190.0
274.0,132.0,46.0,190.0
273.0,132.0,46.0,191.0
273.0,132.0,46.0,191.0
272.0,132.0,46.0,190.0
271.0,133.0,46.0,191.0
271.0,134.0,46.0,191.0
269.0,137.0,46.0,191.0
268.0,138.0,47.0,191.0
267.0,137.0,47.0,190.0
265.0,137.0,48.0,190.0
263.0,137.0,48.0,190.0
262.0,136.0,48.0,191.0
260.0,136.0,47.0,192.0
259.0,138.0,47.0,192.0
258.0,137.0,47.0,193.0
257.0,139.0,47.0,193.0
256.0,140.0,47.0,193.0
255.0,140.0,47.0,193.0
255.0,139.0,47.0,193.0
255.0,139.0,47.0,192.0
255.0,139.0,48.0,192.0
254.0,137.0,48.0,191.0
254.0,134.0,48.0,191.0
254.0,136.0,49.0,189.0
253.0,135.0,49.0,189.0
250.0,134.0,48.0,189.0
250.0,128.0,48.0,190.0
249.0,130.0,49.0,189.0
247.0,128.0,48.0,190.0
246.0,128.0,49.0,189.0
245.0,125.0,49.0,190.0
245.0,126.0,49.0,191.0
247.0,125.0,48.0,195.0
248.0,125.0,48.0,196.0
248.0,123.0,47.0,199.0
249.0,122.0,47.0,200.0
248.0,123.0,48.0,200.0
250.0,118.0,48.0,200.0
251.0,118.0,48.0,201.0
252.0,118.0,50.0,198.0
253.0,119.0,50.0,197.0
253.0,117.0,50.0,197.0
253.0,119.0,50.0,195.0
253.0,121.0,51.0,193.0
254.0,122.0,51.0,192.0
254.0,120.0,52.0,190.0
254.0,116.0,50.0,194.0
255.0,113.0,49.0,197.0
253.0,116.0,49.0,198.0
251.0,115.0,49.0,198.0
251.0,115.0,49.0,199.0
250.0,113.0,50.0,200.0
250.0,113.0,50.0,200.0
249.0,112.0,50.0,201.0
247.0,112.0,50.0,201.0
247.0,114.0,50.0,201.0
247.0,111.0,49.0,203.0
247.0,114.0,50.0,202.0
246.0,115.0,50.0,201.0
246.0,116.0,50.0,202.0
246.0,116.0,50.0,200.0
246.0,114.0,50.0,199.0
247.0,113.0,50.0,200.0
247.0,115.0,51.0,198.0
248.0,115.0,52.0,196.0
249.0,117.0,52.0,195.0
250.0,115.0,51.0,196.0
252.0,117.0,51.0,196.0
252.0,114.0,50.0,196.0
255.0,113.0,49.0,198.0
256.0,112.0,48.0,199.0
258.0,114.0,50.0,197.0
259.0,111.0,49.0,199.0
258.0,113.0,50.0,197.0
262.0,109.0,49.0,198.0
265.0,114.0,50.0,195.0
266.0,116.0,50.0,196.0
267.0,126.0,50.0,196.0
269.0,122.0,48.0,199.0
270.0,123.0,48.0,203.0
270.0,137.0,50.0,201.0
270.0,138.0,52.0,199.0
272.0,134.0,52.0,201.0
274.0,130.0,52.0,204.0
288.0,145.0,53.0,204.0
287.0,155.0,55.0,202.0
284.0,141.0,56.0,202.0
284.0,102.0,54.0,207.0
286.0,103.0,53.0,213.0
286.0,111.0,54.0,214.0
302.0,96.0,54.0,218.0
305.0,91.0,55.0,220.0
324.0,59.0,54.0,223.0
327.0,77.0,55.0,225.0
341.0,60.0,54.0,229.0
344.0,59.0,56.0,227.0
349.0,72.0,56.0,229.0
353.0,56.0,56.0,229.0
368.0,54.0,56.0,232.0
369.0,52.0,55.0,236.0
371.0,52.0,56.0,236.0
373.0,52.0,57.0,237.0
376.0,66.0,58.0,238.0
378.0,62.0,60.0,238.0
381.0,52.0,61.0,237.0
385.0,57.0,60.0,237.0
388.0,56.0,61.0,237.0
390.0,58.0,61.0,237.0
404.0,60.0,61.0,238.0
405.0,64.0,61.0,240.0
460.0,79.0,62.0,239.0
457.0,76.0,64.0,238.0
455.0,96.0,65.0,238.0
438.0,70.0,66.0,242.0
439.0,45.0,65.0,245.0
440.0,43.0,64.0,250.0
442.0,47.0,64.0,253.0
445.0,50.0,64.0,255.0
446.0,63.0,65.0,258.0
447.0,57.0,65.0,262.0
448.0,57.0,66.0,265.0
450.0,55.0,65.0,268.0
451.0,52.0,66.0,271.0
452.0,51.0,67.0,274.0
453.0,51.0,67.0,279.0
455.0,45.0,68.0,281.0
459.0,51.0,68.0,284.0
460.0,50.0,70.0,287.0
460.0,45.0,70.0,291.0
481.0,46.0,70.0,296.0
480.0,44.0,70.0,299.0
481.0,41.0,72.0,301.0
481.0,38.0,73.0,302.0
482.0,38.0,76.0,300.0
484.0,37.0,76.0,300.0
487.0,40.0,77.0,300.0
492.0,48.0,77.0,299.0
496.0,72.0,76.0,303.0
497.0,70.0,76.0,306.0
499.0,70.0,76.0,309.0
501.0,69.0,77.0,311.0
502.0,71.0,78.0,312.0
505.0,76.0,80.0,312.0
505.0,86.0,84.0,309.0
507.0,81.0,85.0,310.0
503.0,88.0,90.0,306.0
503.0,90.0,92.0,306.0
503.0,90.0,94.0,307.0
503.0,92.0,95.0,307.0
506.0,75.0,96.0,310.0
509.0,80.0,97.0,310.0
513.0,80.0,97.0,312.0
518.0,81.0,97.0,315.0
524.0,77.0,94.0,320.0
530.0,70.0,91.0,327.0
534.0,66.0,89.0,332.0
538.0,65.0,89.0,333.0
543.0,58.0,87.0,337.0
546.0,57.0,87.0,339.0
547.0,56.0,88.0,338.0
546.0,57.0,89.0,337.0
544.0,56.0,88.0,341.0
545.0,50.0,88.0,345.0
544.0,50.0,88.0,347.0
543.0,55.0,89.0,348.0
545.0,60.0,89.0,352.0
546.0,62.0,91.0,351.0
545.0,65.0,92.0,351.0
546.0,65.0,92.0,353.0
546.0,64.0,92.0,355.0
546.0,64.0,91.0,357.0
546.0,42.0,90.0,361.0
545.0,50.0,89.0,363.0
542.0,62.0,91.0,361.0
542.0,43.0,91.0,363.0
542.0,50.0,91.0,364.0
542.0,60.0,91.0,364.0
543.0,68.0,91.0,364.0
540.0,53.0,91.0,364.0
540.0,63.0,91.0,364.0
539.0,69.0,91.0,364.0
539.0,75.0,91.0,364.0
541.0,79.0,91.0,364.0
540.0,84.0,91.0,364.0
541.0,78.0,91.0,364.0
540.0,69.0,91.0,364.0
538.0,68.0,91.0,364.0
538.0,71.0,91.0,364.0
536.0,67.0,91.0,364.0
533.0,63.0,91.0,364.0
532.0,60.0,91.0,364.0
530.0,58.0,91.0,364.0
528.0,62.0,91.0,364.0
526.0,66.0,91.0,364.0
546.0,88.0,91.0,365.0
544.0,79.0,91.0,365.0
540.0,71.0,91.0,365.0
535.0,66.0,91.0,365.0
532.0,61.0,91.0,365.0
529.0,56.0,91.0,365.0
527.0,50.0,91.0,365.0
524.0,52.0,91.0,365.0
524.0,54.0,91.0,365.0
523.0,55.0,91.0,365.0
524.0,53.0,91.0,365.0
522.0,54.0,91.0,365.0
520.0,58.0,91.0,365.0
519.0,57.0,91.0,365.0
519.0,54.0,91.0,365.0
520.0,51.0,91.0,365.0
519.0,51.0,91.0,365.0
519.0,50.0,91.0,365.0
517.0,53.0,91.0,365.0
518.0,55.0,91.0,365.0
517.0,53.0,91.0,365.0
516.0,53.0,91.0,365.0
515.0,54.0,91.0,365.0
515.0,54.0,91.0,365.0
514.0,55.0,91.0,365.0
514.0,56.0,91.0,365.0
514.0,55.0,91.0,365.0
516.0,55.0,91.0,365.0
517.0,56.0,91.0,365.0
517.0,53.0,91.0,365.0
516.0,51.0,91.0,365.0
515.0,48.0,91.0,365.0
515.0,45.0,91.0,365.0
516.0,43.0,91.0,365.0
517.0,41.0,91.0,365.0
515.0,39.0,91.0,365.0
514.0,37.0,91.0,365.0
513.0,36.0,91.0,365.0
511.0,33.0,91.0,365.0
511.0,33.0,91.0,365.0
511.0,33.0,91.0,364.0
512.0,34.0,91.0,364.0
511.0,34.0,91.0,364.0
511.0,34.0,91.0,364.0
510.0,33.0,91.0,364.0
511.0,33.0,91.0,364.0
511.0,35.0,91.0,364.0
510.0,36.0,91.0,364.0
510.0,38.0,91.0,364.0
510.0,40.0,91.0,364.0
511.0,46.0,91.0,364.0
513.0,46.0,91.0,364.0
516.0,47.0,91.0,364.0
517.0,48.0,91.0,364.0
517.0,51.0,91.0,364.0
518.0,54.0,91.0,364.0
519.0,59.0,91.0,364.0
519.0,61.0,91.0,364.0
521.0,64.0,91.0,364.0
524.0,66.0,91.0,364.0
527.0,67.0,91.0,364.0
531.0,64.0,91.0,364.0
531.0,63.0,91.0,364.0
416.0,78.0,95.0,356.0
411.0,78.0,99.0,349.0
406.0,82.0,102.0,338.0
402.0,87.0,105.0,329.0
399.0,95.0,105.0,323.0
398.0,97.0,105.0,317.0
398.0,99.0,104.0,312.0
399.0,101.0,102.0,309.0
402.0,97.0,98.0,307.0
403.0,96.0,97.0,305.0
406.0,95.0,96.0,302.0
408.0,97.0,95.0,299.0
409.0,99.0,93.0,298.0
393.0,98.0,90.0,299.0
396.0,108.0,85.0,301.0
397.0,102.0,85.0,297.0
397.0,103.0,85.0,293.0
398.0,100.0,83.0,291.0
382.0,101.0,82.0,289.0
385.0,110.0,81.0,286.0
387.0,105.0,81.0,280.0
388.0,107.0,80.0,278.0
389.0,107.0,78.0,277.0
389.0,110.0,78.0,274.0
388.0,107.0,78.0,272.0
388.0,114.0,77.0,270.0
388.0,114.0,77.0,267.0
389.0,114.0,77.0,265.0
390.0,115.0,77.0,263.0
391.0,118.0,77.0,260.0
391.0,117.0,77.0,257.0
393.0,118.0,75.0,258.0
394.0,117.0,76.0,255.0
395.0,115.0,73.0,257.0
396.0,115.0,73.0,257.0
396.0,114.0,72.0,257.0
397.0,113.0,72.0,258.0
395.0,114.0,71.0,257.0
396.0,111.0,70.0,259.0
397.0,111.0,69.0,261.0
395.0,112.0,70.0,259.0
397.0,104.0,68.0,262.0
395.0,106.0,68.0,262.0
394.0,105.0,69.0,262.0
392.0,104.0,69.0,261.0
392.0,102.0,68.0,262.0
392.0,103.0,68.0,261.0
390.0,102.0,67.0,260.0
389.0,108.0,68.0,258.0
389.0,104.0,66.0,260.0
388.0,108.0,66.0,258.0
390.0,109.0,65.0,258.0
392.0,106.0,65.0,257.0
391.0,111.0,66.0,255.0
390.0,107.0,67.0,253.0
392.0,105.0,65.0,255.0
394.0,99.0,64.0,256.0
393.0,101.0,66.0,254.0
394.0,102.0,66.0,254.0
395.0,101.0,65.0,255.0
395.0,106.0,66.0,254.0
398.0,103.0,65.0,254.0
398.0,103.0,66.0,253.0
399.0,103.0,65.0,252.0
401.0,103.0,64.0,252.0
402.0,102.0,64.0,250.0
403.0,99.0,62.0,252.0
401.0,95.0,62.0,253.0
399.0,97.0,61.0,253.0
396.0,96.0,61.0,254.0
393.0,94.0,60.0,255.0
389.0,96.0,60.0,255.0
386.0,94.0,59.0,256.0
383.0,92.0,59.0,256.0
380.0,91.0,60.0,256.0
377.0,91.0,60.0,256.0
374.0,89.0,60.0,257.0
373.0,90.0,60.0,257.0
371.0,88.0,60.0,257.0
370.0,88.0,60.0,257.0
368.0,88.0,60.0,257.0
368.0,89.0,60.0,257.0
368.0,86.0,61.0,255.0
366.0,86.0,61.0,255.0
365.0,85.0,62.0,253.0
366.0,83.0,61.0,254.0
365.0,82.0,61.0,254.0
364.0,79.0,61.0,254.0
362.0,80.0,61.0,253.0
359.0,82.0,62.0,250.0
357.0,84.0,62.0,249.0
355.0,86.0,61.0,248.0
356.0,86.0,61.0,247.0
357.0,84.0,60.0,247.0
356.0,86.0,61.0,245.0
354.0,89.0,61.0,243.0
355.0,86.0,60.0,244.0
354.0,89.0,60.0,242.0
355.0,89.0,59.0,242.0
354.0,90.0,59.0,242.0
353.0,90.0,59.0,241.0
353.0,90.0,59.0,241.0
352.0,90.0,59.0,240.0
353.0,92.0,58.0,240.0
352.0,91.0,57.0,242.0
351.0,91.0,57.0,242.0
334.0,100.0,57.0,240.0
336.0,98.0,58.0,238.0
335.0,96.0,58.0,238.0
336.0,95.0,57.0,238.0
338.0,92.0,56.0,240.0
336.0,98.0,57.0,239.0
320.0,95.0,57.0,239.0
321.0,92.0,56.0,240.0
323.0,91.0,55.0,241.0
321.0,92.0,55.0,242.0
321.0,97.0,55.0,243.0
319.0,99.0,56.0,243.0
317.0,102.0,56.0,243.0
315.0,97.0,55.0,245.0
310.0,103.0,56.0,244.0
307.0,99.0,56.0,245.0
293.0,98.0,56.0,245.0
293.0,99.0,56.0,245.0
292.0,97.0,58.0,242.0
290.0,99.0,58.0,242.0
288.0,97.0,57.0,244.0
286.0,96.0,57.0,245.0
286.0,100.0,58.0,243.0
285.0,102.0,59.0,240.0
285.0,105.0,58.0,240.0
283.0,106.0,59.0,237.0
282.0,110.0,59.0,235.0
280.0,107.0,59.0,234.0
280.0,108.0,58.0,233.0
279.0,113.0,57.0,234.0
278.0,109.0,57.0,232.0
277.0,111.0,56.0,233.0
276.0,113.0,57.0,231.0
274.0,113.0,57.0,229.0
273.0,114.0,57.0,230.0
272.0,114.0,57.0,228.0
271.0,113.0,57.0,228.0
271.0,113.0,55.0,229.0
271.0,115.0,55.0,229.0
270.0,116.0,55.0,229.0
270.0,117.0,55.0,229.0
269.0,116.0,55.0,229.0
267.0,115.0,55.0,229.0
265.0,116.0,56.0,227.0
264.0,118.0,56.0,226.0
264.0,118.0,57.0,224.0
262.0,118.0,57.0,222.0
249.0,121.0,57.0,219.0
252.0,124.0,56.0,220.0
252.0,126.0,57.0,217.0
254.0,128.0,56.0,217.0
257.0,129.0,55.0,218.0
257.0,130.0,55.0,216.0
259.0,130.0,55.0,216.0
260.0,130.0,55.0,214.0
262.0,133.0,54.0,214.0
265.0,132.0,54.0,214.0
267.0,133.0,53.0,214.0
270.0,134.0,53.0,215.0
273.0,136.0,53.0,214.0
276.0,137.0,53.0,214.0
278.0,137.0,53.0,215.0
279.0,135.0,54.0,215.0
279.0,133.0,55.0,213.0
279.0,132.0,55.0,212.0
277.0,131.0,56.0,211.0
276.0,127.0,55.0,214.0
275.0,125.0,56.0,214.0
274.0,124.0,57.0,213.0
273.0,135.0,57.0,214.0
271.0,135.0,58.0,213.0
269.0,134.0,58.0,213.0
267.0,134.0,58.0,216.0
264.0,132.0,59.0,216.0
261.0,130.0,58.0,218.0
259.0,127.0,58.0,220.0
256.0,126.0,59.0,219.0
255.0,128.0,60.0,219.0
254.0,127.0,59.0,221.0
253.0,127.0,60.0,221.0
253.0,123.0,60.0,223.0
252.0,125.0,59.0,225.0
251.0,124.0,60.0,226.0
251.0,130.0,59.0,228.0
250.0,126.0,60.0,228.0
250.0,129.0,61.0,229.0
250.0,129.0,60.0,230.0
251.0,131.0,60.0,231.0
251.0,134.0,60.0,231.0
253.0,135.0,59.0,234.0
255.0,133.0,58.0,237.0
255.0,134.0,60.0,236.0
256.0,133.0,60.0,237.0
256.0,129.0,60.0,239.0
255.0,131.0,61.0,237.0
253.0,128.0,61.0,238.0
252.0,125.0,61.0,240.0
250.0,125.0,61.0,241.0
249.0,120.0,60.0,244.0
248.0,119.0,60.0,246.0
245.0,114.0,61.0,246.0
244.0,115.0,62.0,245.0
242.0,109.0,62.0,246.0
241.0,110.0,63.0,245.0
238.0,109.0,65.0,242.0
237.0,109.0,66.0,240.0
236.0,105.0,67.0,238.0
236.0,106.0,65.0,239.0
235.0,104.0,65.0,240.0
234.0,107.0,65.0,239.0
234.0,106.0,66.0,238.0
233.0,107.0,65.0,238.0
234.0,104.0,64.0,239.0
234.0,107.0,65.0,238.0
237.0,104.0,63.0,242.0
237.0,103.0,63.0,242.0
237.0,102.0,63.0,242.0
239.0,98.0,63.0,244.0
240.0,96.0,62.0,245.0
241.0,89.0,61.0,248.0
241.0,86.0,62.0,248.0
241.0,81.0,62.0,251.0
243.0,79.0,61.0,253.0
244.0,78.0,62.0,252.0
244.0,77.0,63.0,251.0
245.0,75.0,64.0,250.0
245.0,75.0,65.0,248.0
245.0,73.0,65.0,247.0
247.0,72.0,64.0,248.0
247.0,70.0,63.0,248.0
249.0,69.0,63.0,247.0
249.0,68.0,63.0,247.0
248.0,67.0,63.0,246.0
247.0,66.0,64.0,244.0
247.0,67.0,63.0,244.0
247.0,67.0,63.0,244.0
246.0,69.0,63.0,243.0
248.0,68.0,61.0,245.0
247.0,67.0,61.0,246.0
247.0,65.0,61.0,246.0
246.0,66.0,60.0,247.0
245.0,63.0,60.0,248.0
245.0,61.0,60.0,248.0
244.0,59.0,61.0,248.0
243.0,55.0,61.0,247.0
244.0,52.0,61.0,249.0
242.0,55.0,62.0,248.0
242.0,50.0,63.0,247.0
243.0,51.0,62.0,248.0
241.0,47.0,64.0,245.0
242.0,45.0,65.0,243.0
242.0,42.0,64.0,244.0
240.0,41.0,65.0,242.0
239.0,42.0,65.0,241.0
237.0,40.0,65.0,240.0
236.0,40.0,65.0,240.0
234.0,40.0,65.0,239.0
233.0,40.0,64.0,240.0
231.0,41.0,64.0,240.0
230.0,41.0,63.0,242.0
229.0,43.0,62.0,243.0
229.0,40.0,63.0,242.0
227.0,38.0,63.0,241.0
227.0,36.0,62.0,241.0
226.0,34.0,63.0,240.0
226.0,30.0,64.0,239.0
228.0,27.0,63.0,238.0
228.0,23.0,63.0,237.0
228.0,21.0,64.0,235.0
228.0,18.0,64.0,234.0
228.0,19.0,64.0,233.0
227.0,17.0,64.0,233.0
227.0,15.0,63.0,233.0
227.0,14.0,63.0,234.0
226.0,14.0,63.0,233.0
226.0,12.0,63.0,233.0
224.0,13.0,63.0,233.0
224.0,14.0,63.0,234.0
223.0,12.0,64.0,232.0
221.0,14.0,64.0,232.0
221.0,13.0,62.0,235.0
220.0,13.0,62.0,237.0
219.0,12.0,62.0,236.0
218.0,10.0,62.0,237.0
216.0,7.0,63.0,237.0
216.0,5.0,62.0,238.0
216.0,4.0,61.0,240.0
215.0,1.0,62.0,239.0
216.0,1.0,62.0,241.0
215.0,1.0,63.0,240.0
216.0,1.0,63.0,240.0
215.0,1.0,64.0,239.0
215.0,1.0,64.0,240.0
214.0,1.0,64.0,239.0
212.0,1.0,64.0,239.0
211.0,1.0,64.0,240.0
211.0,1.0,65.0,239.0
210.0,1.0,66.0,236.0
210.0,1.0,66.0,237.0
209.0,1.0,66.0,235.0
209.0,1.0,65.0,236.0
208.0,1.0,66.0,233.0
209.0,1.0,66.0,234.0
210.0,1.0,65.0,235.0
211.0,1.0,63.0,238.0
212.0,1.0,63.0,238.0
213.0,1.0,63.0,238.0
214.0,1.0,63.0,237.0
214.0,1.0,63.0,236.0
214.0,1.0,64.0,234.0
212.0,1.0,64.0,232.0
212.0,1.0,64.0,232.0
213.0,1.0,65.0,229.0
212.0,1.0,64.0,228.0
212.0,1.0,65.0,226.0
213.0,1.0,65.0,225.0
214.0,1.0,65.0,223.0
214.0,1.0,65.0,222.0
215.0,1.0,64.0,221.0
214.0,1.0,65.0,218.0
215.0,1.0,65.0,217.0
217.0,3.0,63.0,220.0
218.0,8.0,62.0,221.0
219.0,10.0,62.0,219.0
220.0,13.0,62.0,218.0
220.0,17.0,62.0,217.0
222.0,19.0,63.0,216.0
224.0,21.0,62.0,217.0
227.0,20.0,59.0,221.0
229.0,20.0,59.0,221.0
231.0,20.0,60.0,219.0
233.0,21.0,61.0,217.0
236.0,22.0,60.0,217.0
236.0,21.0,61.0,214.0
235.0,19.0,61.0,213.0
235.0,20.0,62.0,210.0
235.0,22.0,64.0,206.0
236.0,27.0,64.0,203.0
238.0,25.0,64.0,202.0
241.0,27.0,62.0,204.0
244.0,24.0,61.0,205.0
247.0,25.0,59.0,206.0
248.0,26.0,60.0,205.0
249.0,30.0,60.0,204.0
251.0,29.0,59.0,204.0
253.0,31.0,58.0,204.0
255.0,30.0,58.0,203.0
257.0,31.0,58.0,203.0
258.0,29.0,58.0,203.0
259.0,29.0,57.0,204.0
259.0,25.0,57.0,204.0
260.0,26.0,58.0,202.0
261.0,22.0,58.0,202.0
261.0,19.0,58.0,203.0
262.0,18.0,56.0,205.0
262.0,16.0,56.0,205.0
263.0,15.0,56.0,205.0
264.0,13.0,56.0,206.0
266.0,14.0,56.0,205.0
266.0,13.0,58.0,203.0
282.0,16.0,58.0,203.0
281.0,14.0,58.0,203.0
281.0,16.0,57.0,204.0
280.0,16.0,58.0,203.0
279.0,18.0,58.0,202.0
279.0,19.0,57.0,202.0
294.0,17.0,57.0,202.0
294.0,17.0,56.0,203.0
294.0,20.0,56.0,202.0
294.0,18.0,56.0,201.0
296.0,19.0,55.0,202.0
308.0,19.0,56.0,201.0
306.0,20.0,55.0,202.0
305.0,18.0,55.0,202.0
305.0,20.0,55.0,202.0
304.0,17.0,55.0,202.0
305.0,23.0,55.0,202.0
305.0,20.0,56.0,201.0
307.0,22.0,55.0,202.0
308.0,23.0,56.0,201.0
309.0,23.0,57.0,200.0
309.0,24.0,57.0,198.0
309.0,24.0,57.0,195.0
309.0,23.0,56.0,194.0
308.0,24.0,55.0,194.0
308.0,22.0,55.0,193.0
309.0,24.0,55.0,192.0
319.0,21.0,55.0,192.0
316.0,25.0,55.0,193.0
313.0,26.0,56.0,191.0
313.0,27.0,57.0,188.0
314.0,26.0,58.0,186.0
315.0,24.0,58.0,185.0
317.0,25.0,56.0,186.0
319.0,24.0,54.0,189.0
319.0,25.0,53.0,191.0
319.0,27.0,53.0,191.0
319.0,28.0,54.0,191.0
319.0,30.0,54.0,190.0
321.0,31.0,53.0,191.0
321.0,34.0,53.0,190.0
321.0,35.0,53.0,188.0
321.0,37.0,52.0,189.0
322.0,39.0,52.0,188.0
323.0,39.0,54.0,185.0
324.0,39.0,54.0,184.0
326.0,37.0,54.0,184.0
329.0,35.0,54.0,183.0
333.0,33.0,53.0,185.0
337.0,30.0,52.0,186.0
340.0,28.0,52.0,186.0
342.0,26.0,52.0,187.0
343.0,24.0,52.0,188.0
344.0,25.0,51.0,188.0
346.0,24.0,50.0,190.0
346.0,22.0,50.0,190.0
347.0,24.0,51.0,189.0
346.0,22.0,51.0,189.0
349.0,23.0,50.0,191.0
348.0,24.0,50.0,192.0
348.0,28.0,51.0,191.0
348.0,30.0,51.0,189.0
347.0,32.0,51.0,188.0
347.0,30.0,51.0,188.0
348.0,25.0,52.0,186.0
350.0,23.0,51.0,188.0
352.0,21.0,50.0,188.0
353.0,19.0,49.0,189.0
353.0,16.0,50.0,188.0
354.0,12.0,49.0,190.0
356.0,11.0,48.0,191.0
355.0,4.0,49.0,191.0
355.0,4.0,49.0,191.0
356.0,4.0,49.0,192.0
356.0,2.0,50.0,191.0
357.0,1.0,49.0,191.0
357.0,1.0,49.0,192.0
357.0,1.0,49.0,193.0
357.0,1.0,49.0,193.0
357.0,1.0,49.0,193.0
355.0,1.0,49.0,192.0
357.0,1.0,50.0,190.0
357.0,1.0,50.0,190.0
357.0,1.0,50.0,188.0
356.0,1.0,50.0,187.0
357.0,1.0,49.0,188.0
357.0,4.0,50.0,187.0
357.0,5.0,50.0,187.0
358.0,3.0,50.0,186.0
358.0,7.0,50.0,186.0
359.0,5.0,49.0,186.0
358.0,9.0,50.0,184.0
358.0,7.0,49.0,184.0
358.0,11.0,49.0,184.0
358.0,11.0,49.0,183.0
357.0,16.0,50.0,181.0
358.0,15.0,49.0,180.0
359.0,15.0,49.0,179.0
359.0,18.0,49.0,177.0
358.0,15.0,50.0,175.0
358.0,22.0,50.0,174.0
358.0,17.0,50.0,173.0
359.0,19.0,49.0,174.0
360.0,18.0,49.0,173.0
361.0,20.0,49.0,172.0
361.0,21.0,48.0,172.0
362.0,21.0,48.0,171.0
363.0,21.0,47.0,172.0
364.0,22.0,47.0,172.0
364.0,21.0,48.0,170.0
364.0,20.0,47.0,172.0
365.0,20.0,46.0,173.0
365.0,21.0,46.0,172.0
366.0,24.0,46.0,173.0
366.0,23.0,45.0,175.0
366.0,23.0,45.0,174.0
367.0,24.0,45.0,175.0
366.0,23.0,46.0,175.0
366.0,22.0,46.0,176.0
364.0,23.0,47.0,174.0
362.0,24.0,48.0,173.0
361.0,23.0,48.0,173.0
360.0,23.0,48.0,174.0
350.0,27.0,48.0,172.0
350.0,25.0,49.0,169.0
350.0,23.0,47.0,170.0
350.0,23.0,46.0,171.0
349.0,23.0,46.0,171.0
347.0,26.0,47.0,169.0
345.0,25.0,48.0,166.0
344.0,23.0,46.0,168.0
343.0,23.0,47.0,166.0
342.0,25.0,47.0,165.0
341.0,22.0,47.0,164.0
340.0,25.0,46.0,164.0
340.0,30.0,46.0,165.0
337.0,23.0,46.0,163.0
336.0,22.0,46.0,162.0
335.0,22.0,44.0,164.0
333.0,19.0,45.0,162.0
331.0,23.0,43.0,164.0
329.0,26.0,43.0,163.0
326.0,26.0,42.0,163.0
324.0,25.0,43.0,161.0
323.0,25.0,42.0,161.0
322.0,25.0,42.0,161.0
321.0,25.0,42.0,160.0
321.0,24.0,41.0,160.0
320.0,24.0,41.0,160.0
320.0,24.0,40.0,161.0
318.0,27.0,41.0,159.0
316.0,28.0,42.0,157.0
314.0,25.0,41.0,156.0
312.0,27.0,40.0,157.0
311.0,25.0,41.0,156.0
308.0,25.0,41.0,155.0
307.0,24.0,42.0,153.0
307.0,24.0,41.0,153.0
305.0,23.0,40.0,153.0
304.0,23.0,40.0,154.0
303.0,20.0,39.0,155.0
301.0,22.0,39.0,154.0
299.0,21.0,40.0,153.0
297.0,24.0,39.0,154.0
296.0,23.0,39.0,154.0
294.0,24.0,39.0,155.0
292.0,24.0,39.0,155.0
291.0,23.0,38.0,156.0
289.0,24.0,39.0,157.0
287.0,27.0,39.0,156.0
286.0,27.0,39.0,158.0
285.0,30.0,39.0,158.0
284.0,29.0,39.0,159.0
284.0,28.0,39.0,160.0
284.0,29.0,39.0,160.0
284.0,30.0,40.0,160.0
284.0,29.0,40.0,159.0
284.0,34.0,40.0,160.0
285.0,31.0,41.0,159.0
285.0,33.0,41.0,159.0
285.0,31.0,42.0,158.0
285.0,34.0,42.0,158.0
285.0,36.0,43.0,156.0
284.0,37.0,43.0,156.0
284.0,36.0,43.0,157.0
284.0,37.0,42.0,158.0
284.0,38.0,43.0,157.0
284.0,39.0,43.0,157.0
284.0,39.0,43.0,156.0
283.0,38.0,44.0,155.0
283.0,38.0,44.0,154.0
283.0,38.0,44.0,154.0
283.0,37.0,45.0,152.0
283.0,36.0,45.0,151.0
284.0,37.0,44.0,152.0
283.0,37.0,44.0,151.0
283.0,38.0,44.0,150.0
283.0,36.0,44.0,149.0
282.0,39.0,43.0,149.0
282.0,39.0,43.0,147.0
283.0,40.0,43.0,146.0
282.0,42.0,43.0,145.0
285.0,42.0,43.0,144.0
287.0,42.0,43.0,144.0
289.0,43.0,42.0,143.0
292.0,42.0,42.0,142.0
294.0,45.0,42.0,141.0
297.0,43.0,41.0,141.0
299.0,42.0,40.0,141.0
302.0,42.0,40.0,139.0
304.0,40.0,39.0,140.0
306.0,43.0,38.0,141.0
307.0,41.0,37.0,141.0
309.0,40.0,37.0,141.0
310.0,41.0,37.0,141.0
312.0,41.0,38.0,139.0
315.0,44.0,37.0,139.0
317.0,40.0,37.0,139.0
318.0,44.0,37.0,139.0
326.0,42.0,37.0,139.0
325.0,42.0,38.0,139.0
326.0,43.0,37.0,139.0
327.0,42.0,38.0,139.0
329.0,44.0,38.0,139.0
330.0,45.0,38.0,139.0
331.0,46.0,38.0,138.0
331.0,46.0,38.0,138.0
333.0,45.0,37.0,138.0
333.0,49.0,37.0,137.0
335.0,49.0,37.0,137.0
336.0,47.0,36.0,139.0
338.0,47.0,36.0,140.0
340.0,45.0,35.0,143.0
341.0,45.0,35.0,144.0
341.0,44.0,35.0,145.0
341.0,43.0,35.0,145.0
340.0,44.0,36.0,146.0
341.0,44.0,36.0,146.0
342.0,43.0,36.0,147.0
344.0,42.0,37.0,147.0
345.0,44.0,37.0,146.0
346.0,43.0,38.0,145.0
346.0,48.0,38.0,144.0
347.0,43.0,37.0,145.0
348.0,44.0,37.0,145.0
350.0,42.0,37.0,145.0
352.0,44.0,36.0,147.0
353.0,41.0,35.0,148.0
355.0,43.0,36.0,147.0
357.0,42.0,37.0,145.0
359.0,49.0,38.0,143.0
360.0,45.0,39.0,141.0
362.0,50.0,40.0,140.0
371.0,53.0,39.0,140.0
371.0,51.0,39.0,139.0
372.0,50.0,39.0,138.0
373.0,54.0,39.0,137.0
381.0,56.0,39.0,134.0
381.0,58.0,39.0,133.0
382.0,58.0,39.0,131.0
384.0,58.0,38.0,131.0
393.0,58.0,37.0,130.0
393.0,56.0,36.0,130.0
393.0,57.0,36.0,130.0
394.0,59.0,36.0,129.0
401.0,54.0,36.0,129.0
400.0,57.0,36.0,128.0
401.0,58.0,36.0,129.0
401.0,59.0,36.0,129.0
399.0,58.0,35.0,130.0
398.0,57.0,34.0,131.0
397.0,57.0,34.0,132.0
396.0,58.0,34.0,132.0
394.0,58.0,35.0,131.0
392.0,59.0,35.0,130.0
391.0,60.0,35.0,130.0
390.0,59.0,35.0,131.0
390.0,61.0,35.0,131.0
389.0,63.0,35.0,130.0
388.0,66.0,35.0,131.0
389.0,68.0,35.0,131.0
389.0,68.0,34.0,132.0
389.0,71.0,34.0,132.0
389.0,73.0,34.0,132.0
388.0,75.0,34.0,132.0
388.0,78.0,34.0,131.0
388.0,79.0,34.0,131.0
388.0,79.0,34.0,131.0
387.0,78.0,34.0,131.0
387.0,78.0,34.0,132.0
387.0,80.0,34.0,130.0
388.0,81.0,33.0,131.0
387.0,82.0,33.0,132.0
388.0,84.0,33.0,132.0
387.0,86.0,33.0,132.0
386.0,86.0,33.0,132.0
386.0,85.0,33.0,132.0
386.0,86.0,33.0,133.0
386.0,87.0,32.0,134.0
386.0,86.0,32.0,134.0
386.0,88.0,32.0,135.0
386.0,87.0,32.0,135.0
387.0,89.0,32.0,135.0
387.0,90.0,33.0,134.0
388.0,89.0,34.0,133.0
388.0,91.0,33.0,133.0
389.0,91.0,34.0,133.0
390.0,92.0,33.0,134.0
390.0,93.0,33.0,133.0
390.0,94.0,34.0,132.0
390.0,97.0,34.0,132.0
389.0,96.0,35.0,131.0
389.0,98.0,34.0,131.0
389.0,97.0,34.0,131.0
389.0,100.0,33.0,132.0
388.0,101.0,34.0,132.0
388.0,102.0,33.0,133.0
387.0,108.0,33.0,133.0
385.0,109.0,33.0,133.0
383.0,110.0,33.0,133.0
384.0,111.0,33.0,133.0
384.0,111.0,33.0,134.0
384.0,117.0,33.0,134.0
383.0,118.0,34.0,133.0
382.0,123.0,34.0,132.0
381.0,126.0,34.0,131.0
381.0,125.0,34.0,131.0
381.0,127.0,33.0,131.0
379.0,129.0,34.0,129.0
378.0,129.0,35.0,128.0
376.0,130.0,34.0,128.0
375.0,130.0,35.0,126.0
374.0,131.0,35.0,126.0
373.0,129.0,35.0,126.0
372.0,131.0,35.0,126.0
371.0,132.0,35.0,126.0
371.0,130.0,34.0,127.0
371.0,131.0,34.0,127.0
371.0,130.0,33.0,127.0
370.0,129.0,33.0,128.0
369.0,127.0,34.0,126.0
368.0,128.0,34.0,126.0
365.0,126.0,34.0,125.0
366.0,122.0,33.0,127.0
365.0,123.0,33.0,127.0
365.0,121.0,33.0,127.0
366.0,120.0,33.0,127.0
365.0,122.0,33.0,128.0
365.0,122.0,33.0,127.0
365.0,122.0,34.0,126.0
364.0,122.0,34.0,126.0
365.0,121.0,34.0,126.0
366.0,121.0,34.0,128.0
367.0,122.0,34.0,128.0
368.0,128.0,34.0,129.0
370.0,124.0,33.0,131.0
371.0,123.0,33.0,132.0
371.0,130.0,33.0,132.0
373.0,129.0,33.0,134.0
373.0,129.0,34.0,134.0
373.0,129.0,34.0,135.0
375.0,130.0,34.0,135.0
376.0,130.0,34.0,137.0
376.0,131.0,34.0,139.0
377.0,131.0,34.0,140.0
377.0,132.0,34.0,142.0
377.0,131.0,34.0,144.0
377.0,130.0,35.0,145.0
378.0,129.0,35.0,146.0
379.0,129.0,36.0,146.0
379.0,125.0,37.0,146.0
380.0,125.0,37.0,147.0
381.0,126.0,37.0,147.0
383.0,125.0,38.0,146.0
386.0,125.0,38.0,148.0
388.0,126.0,38.0,148.0
390.0,126.0,37.0,150.0
399.0,126.0,37.0,151.0
399.0,126.0,38.0,153.0
400.0,126.0,38.0,154.0
401.0,125.0,38.0,156.0
402.0,123.0,39.0,158.0
404.0,120.0,39.0,161.0
405.0,120.0,40.0,161.0
406.0,120.0,40.0,163.0
407.0,122.0,40.0,164.0
407.0,123.0,41.0,165.0
407.0,124.0,41.0,168.0
406.0,123.0,41.0,171.0
405.0,122.0,42.0,173.0
404.0,122.0,43.0,173.0
402.0,121.0,44.0,174.0
401.0,122.0,45.0,174.0
401.0,121.0,47.0,173.0
401.0,117.0,46.0,177.0
402.0,113.0,45.0,181.0
401.0,112.0,46.0,182.0
401.0,111.0,46.0,185.0
402.0,110.0,46.0,187.0
402.0,112.0,47.0,188.0
403.0,110.0,48.0,189.0
404.0,108.0,49.0,190.0
406.0,108.0,49.0,192.0
408.0,108.0,49.0,194.0
409.0,106.0,50.0,196.0
410.0,104.0,49.0,198.0
412.0,101.0,49.0,201.0
411.0,98.0,49.0,203.0
412.0,95.0,49.0,206.0
412.0,93.0,50.0,208.0
412.0,91.0,51.0,209.0
412.0,91.0,50.0,212.0
411.0,90.0,52.0,212.0
411.0,93.0,53.0,213.0
410.0,91.0,53.0,214.0
409.0,96.0,54.0,214.0
408.0,96.0,55.0,213.0
409.0,94.0,55.0,215.0
411.0,93.0,56.0,215.0
411.0,95.0,56.0,215.0
413.0,93.0,56.0,217.0
414.0,97.0,56.0,218.0
415.0,94.0,56.0,220.0
417.0,92.0,56.0,222.0
419.0,94.0,56.0,223.0
421.0,92.0,56.0,225.0
422.0,89.0,57.0,225.0
425.0,86.0,56.0,227.0
425.0,82.0,57.0,228.0
426.0,79.0,58.0,227.0
427.0,76.0,59.0,226.0
415.0,75.0,59.0,226.0
419.0,79.0,59.0,226.0
422.0,73.0,59.0,227.0
422.0,85.0,60.0,225.0
423.0,83.0,60.0,225.0
423.0,87.0,60.0,225.0
423.0,87.0,61.0,225.0
425.0,92.0,60.0,228.0
426.0,91.0,60.0,229.0
425.0,95.0,60.0,230.0
424.0,93.0,60.0,230.0
422.0,94.0,61.0,230.0
422.0,91.0,61.0,231.0
422.0,96.0,60.0,233.0
422.0,92.0,61.0,234.0
423.0,99.0,61.0,234.0
422.0,96.0,62.0,234.0
422.0,99.0,61.0,235.0
423.0,96.0,61.0,235.0
424.0,100.0,61.0,236.0
424.0,96.0,61.0,236.0
424.0,96.0,61.0,235.0
425.0,95.0,61.0,235.0
425.0,95.0,61.0,236.0
427.0,94.0,61.0,236.0
427.0,100.0,62.0,234.0
430.0,99.0,61.0,234.0
430.0,102.0,62.0,233.0
431.0,103.0,62.0,232.0
431.0,104.0,63.0,230.0
432.0,106.0,62.0,231.0
432.0,108.0,62.0,231.0
431.0,109.0,61.0,231.0
430.0,109.0,63.0,230.0
430.0,109.0,62.0,230.0
430.0,112.0,62.0,230.0
431.0,112.0,62.0,230.0
429.0,110.0,62.0,228.0
428.0,111.0,64.0,224.0
428.0,111.0,63.0,224.0
428.0,113.0,61.0,226.0
428.0,107.0,59.0,228.0
427.0,108.0,58.0,228.0
415.0,112.0,59.0,227.0
419.0,107.0,58.0,228.0
419.0,111.0,59.0,225.0
417.0,108.0,59.0,225.0
417.0,109.0,60.0,222.0
417.0,106.0,60.0,221.0
414.0,106.0,61.0,218.0
412.0,103.0,60.0,217.0
409.0,102.0,60.0,215.0
407.0,98.0,59.0,216.0
405.0,97.0,58.0,215.0
405.0,94.0,57.0,215.0
403.0,92.0,57.0,214.0
403.0,90.0,57.0,213.0
405.0,88.0,55.0,214.0
407.0,85.0,54.0,215.0
409.0,82.0,55.0,213.0
411.0,76.0,55.0,212.0
413.0,78.0,54.0,213.0
412.0,77.0,54.0,214.0
413.0,78.0,55.0,213.0
413.0,80.0,56.0,212.0
412.0,83.0,57.0,208.0
413.0,85.0,58.0,205.0
412.0,84.0,60.0,202.0
412.0,81.0,58.0,203.0
412.0,80.0,58.0,203.0
411.0,79.0,58.0,202.0
412.0,79.0,58.0,201.0
411.0,79.0,58.0,199.0
411.0,78.0,58.0,198.0
413.0,78.0,58.0,199.0
413.0,78.0,58.0,198.0
412.0,77.0,57.0,198.0
412.0,77.0,57.0,197.0
413.0,77.0,57.0,197.0
414.0,77.0,56.0,197.0
415.0,77.0,56.0,196.0
416.0,77.0,56.0,196.0
417.0,78.0,56.0,195.0
418.0,77.0,56.0,195.0
418.0,78.0,56.0,194.0
420.0,78.0,55.0,194.0
420.0,80.0,56.0,192.0
420.0,79.0,56.0,192.0
422.0,78.0,56.0,192.0
422.0,82.0,56.0,192.0
424.0,81.0,56.0,193.0
423.0,83.0,56.0,194.0
423.0,83.0,55.0,195.0
423.0,85.0,56.0,195.0
424.0,85.0,56.0,195.0
423.0,87.0,56.0,196.0
424.0,86.0,57.0,195.0
423.0,89.0,57.0,196.0
423.0,90.0,57.0,196.0
424.0,96.0,58.0,194.0
425.0,96.0,58.0,195.0
425.0,99.0,57.0,196.0
424.0,102.0,57.0,196.0
424.0,103.0,57.0,196.0
423.0,107.0,57.0,196.0
423.0,108.0,58.0,196.0
422.0,109.0,57.0,197.0
421.0,112.0,57.0,197.0
420.0,114.0,57.0,196.0
419.0,119.0,57.0,196.0
418.0,119.0,58.0,195.0
418.0,123.0,57.0,196.0
417.0,129.0,57.0,195.0
417.0,124.0,55.0,198.0
417.0,123.0,54.0,200.0
417.0,123.0,53.0,201.0
417.0,123.0,53.0,201.0
418.0,123.0,53.0,201.0
418.0,124.0,53.0,202.0
419.0,123.0,53.0,203.0
418.0,123.0,52.0,204.0
419.0,123.0,53.0,203.0
420.0,123.0,52.0,204.0
420.0,122.0,52.0,206.0
421.0,122.0,52.0,207.0
421.0,121.0,52.0,207.0
421.0,119.0,52.0,208.0
421.0,118.0,52.0,208.0
420.0,121.0,51.0,209.0
420.0,120.0,51.0,210.0
420.0,120.0,52.0,209.0
421.0,122.0,52.0,208.0
421.0,122.0,53.0,206.0
423.0,120.0,53.0,207.0
423.0,121.0,52.0,207.0
423.0,119.0,53.0,206.0
423.0,120.0,53.0,205.0
422.0,120.0,53.0,204.0
422.0,119.0,54.0,203.0
423.0,125.0,55.0,202.0
426.0,122.0,53.0,204.0
427.0,116.0,53.0,204.0
427.0,120.0,53.0,204.0
427.0,116.0,53.0,204.0
427.0,119.0,52.0,205.0
427.0,116.0,53.0,203.0
427.0,121.0,51.0,206.0
426.0,119.0,51.0,207.0
424.0,119.0,51.0,207.0
423.0,118.0,51.0,206.0
420.0,120.0,52.0,206.0
420.0,116.0,52.0,205.0
420.0,117.0,52.0,206.0
419.0,121.0,54.0,204.0
405.0,120.0,55.0,203.0
408.0,121.0,54.0,204.0
410.0,116.0,53.0,207.0
411.0,116.0,52.0,210.0
410.0,118.0,53.0,210.0
409.0,117.0,55.0,209.0
409.0,118.0,55.0,210.0
408.0,116.0,55.0,210.0
409.0,116.0,55.0,211.0
408.0,115.0,55.0,212.0
408.0,115.0,55.0,213.0
408.0,115.0,56.0,214.0
407.0,115.0,56.0,215.0
407.0,115.0,56.0,216.0
407.0,114.0,56.0,219.0
408.0,112.0,55.0,221.0
409.0,109.0,55.0,222.0
409.0,108.0,55.0,224.0
409.0,108.0,55.0,226.0
410.0,107.0,56.0,226.0
409.0,106.0,56.0,228.0
410.0,105.0,56.0,230.0
411.0,103.0,56.0,232.0
411.0,103.0,57.0,233.0
412.0,103.0,58.0,234.0
412.0,102.0,58.0,235.0
411.0,99.0,58.0,237.0
411.0,97.0,58.0,239.0
410.0,96.0,58.0,242.0
409.0,97.0,59.0,242.0
409.0,96.0,59.0,244.0
408.0,98.0,60.0,244.0
408.0,96.0,61.0,242.0
407.0,94.0,61.0,244.0
405.0,97.0,63.0,240.0
406.0,96.0,64.0,240.0
403.0,99.0,64.0,239.0
400.0,101.0,65.0,238.0
400.0,101.0,66.0,236.0
401.0,100.0,67.0,234.0
401.0,101.0,67.0,233.0
401.0,101.0,66.0,233.0
401.0,106.0,66.0,233.0
400.0,102.0,64.0,234.0
401.0,99.0,62.0,237.0
400.0,99.0,61.0,238.0
385.0,98.0,61.0,238.0
389.0,97.0,61.0,239.0
393.0,95.0,60.0,240.0
395.0,92.0,60.0,240.0
398.0,92.0,58.0,243.0
399.0,92.0,60.0,240.0
399.0,92.0,60.0,239.0
400.0,89.0,61.0,236.0
402.0,90.0,62.0,235.0
399.0,91.0,62.0,234.0
399.0,89.0,62.0,234.0
397.0,86.0,61.0,236.0
394.0,86.0,62.0,235.0
391.0,89.0,62.0,234.0
388.0,89.0,63.0,234.0
386.0,86.0,65.0,231.0
384.0,86.0,65.0,230.0
380.0,87.0,65.0,229.0
379.0,89.0,67.0,225.0
377.0,92.0,66.0,225.0
376.0,93.0,67.0,224.0
375.0,91.0,67.0,223.0
373.0,92.0,66.0,225.0
370.0,93.0,66.0,224.0
366.0,94.0,66.0,222.0
365.0,92.0,64.0,224.0
363.0,93.0,65.0,222.0
363.0,95.0,64.0,223.0
361.0,95.0,64.0,222.0
359.0,95.0,64.0,221.0
356.0,96.0,64.0,219.0
355.0,94.0,63.0,219.0
354.0,95.0,62.0,220.0
353.0,99.0,63.0,218.0
354.0,100.0,64.0,215.0
355.0,99.0,62.0,217.0
355.0,101.0,62.0,218.0
356.0,102.0,62.0,218.0
357.0,104.0,62.0,218.0
359.0,105.0,62.0,217.0
362.0,104.0,62.0,217.0
365.0,108.0,62.0,217.0
369.0,108.0,61.0,218.0
371.0,110.0,61.0,218.0
372.0,113.0,61.0,218.0
373.0,116.0,62.0,216.0
374.0,118.0,61.0,216.0
375.0,119.0,61.0,216.0
376.0,122.0,59.0,218.0
375.0,122.0,60.0,216.0
375.0,123.0,59.0,217.0
376.0,127.0,59.0,215.0
374.0,129.0,60.0,212.0
375.0,135.0,60.0,211.0
377.0,137.0,59.0,211.0
379.0,139.0,58.0,210.0
381.0,140.0,58.0,208.0
381.0,139.0,58.0,206.0
382.0,140.0,58.0,205.0
384.0,142.0,58.0,205.0
386.0,142.0,59.0,203.0
386.0,150.0,60.0,201.0
388.0,153.0,60.0,198.0
388.0,157.0,61.0,196.0
390.0,162.0,62.0,193.0
391.0,162.0,63.0,190.0
393.0,162.0,61.0,192.0
393.0,160.0,59.0,193.0
394.0,159.0,58.0,194.0
393.0,160.0,58.0,195.0
393.0,159.0,58.0,194.0
391.0,157.0,60.0,192.0
390.0,160.0,60.0,191.0
389.0,158.0,60.0,189.0
390.0,161.0,59.0,188.0
391.0,161.0,58.0,188.0
391.0,161.0,58.0,187.0
392.0,162.0,57.0,186.0
391.0,161.0,56.0,185.0
390.0,162.0,55.0,185.0
389.0,159.0,55.0,185.0
388.0,158.0,54.0,185.0
387.0,158.0,54.0,184.0
385.0,158.0,53.0,183.0
386.0,157.0,52.0,184.0
384.0,157.0,52.0,182.0
383.0,153.0,51.0,182.0
383.0,152.0,50.0,182.0
382.0,150.0,50.0,181.0
380.0,147.0,51.0,179.0
380.0,144.0,50.0,180.0
380.0,142.0,50.0,179.0
380.0,140.0,49.0,179.0
379.0,137.0,48.0,179.0
379.0,135.0,48.0,179.0
380.0,134.0,48.0,178.0
379.0,131.0,49.0,176.0
379.0,129.0,48.0,177.0
379.0,126.0,48.0,177.0
379.0,124.0,48.0,176.0
380.0,122.0,47.0,178.0
380.0,121.0,47.0,178.0
380.0,119.0,47.0,177.0
381.0,120.0,48.0,175.0
382.0,118.0,49.0,173.0
381.0,119.0,50.0,170.0
369.0,119.0,50.0,169.0
371.0,120.0,50.0,171.0
375.0,116.0,50.0,171.0
378.0,113.0,50.0,170.0
392.0,108.0,50.0,170.0
393.0,98.0,51.0,170.0
396.0,100.0,51.0,171.0
383.0,119.0,54.0,166.0
382.0,113.0,54.0,165.0
371.0,112.0,52.0,168.0
373.0,108.0,50.0,170.0
375.0,105.0,48.0,171.0
376.0,107.0,48.0,172.0
376.0,110.0,48.0,169.0
375.0,108.0,48.0,168.0
375.0,112.0,48.0,169.0
375.0,112.0,48.0,167.0
374.0,112.0,47.0,167.0
374.0,110.0,47.0,167.0
373.0,110.0,46.0,167.0
371.0,111.0,47.0,165.0
371.0,113.0,47.0,164.0
370.0,113.0,46.0,164.0
369.0,115.0,45.0,164.0
369.0,119.0,44.0,165.0
363.0,119.0,44.0,165.0
364.0,121.0,44.0,165.0
364.0,122.0,45.0,164.0
364.0,122.0,45.0,164.0
363.0,123.0,45.0,164.0
362.0,125.0,44.0,165.0
362.0,125.0,45.0,163.0
362.0,126.0,45.0,163.0
361.0,127.0,45.0,163.0
361.0,128.0,45.0,164.0
361.0,129.0,45.0,164.0
360.0,131.0,45.0,163.0
359.0,132.0,46.0,162.0
359.0,133.0,45.0,163.0
360.0,135.0,45.0,164.0
359.0,137.0,45.0,165.0
358.0,139.0,44.0,165.0
358.0,139.0,45.0,165.0
357.0,141.0,45.0,166.0
356.0,142.0,45.0,165.0
356.0,146.0,46.0,164.0
356.0,145.0,46.0,164.0
355.0,146.0,46.0,163.0
355.0,147.0,46.0,162.0
354.0,147.0,46.0,162.0
354.0,149.0,45.0,164.0
353.0,150.0,45.0,164.0
353.0,151.0,44.0,165.0
353.0,153.0,43.0,165.0
353.0,151.0,43.0,165.0
352.0,151.0,43.0,165.0
351.0,150.0,42.0,165.0
350.0,150.0,41.0,166.0
349.0,152.0,41.0,166.0
348.0,152.0,42.0,166.0
347.0,153.0,41.0,168.0
346.0,154.0,41.0,167.0
344.0,156.0,42.0,166.0
344.0,158.0,41.0,167.0
342.0,160.0,42.0,166.0
341.0,165.0,42.0,165.0
339.0,164.0,44.0,163.0
335.0,161.0,44.0,162.0
335.0,163.0,44.0,162.0
333.0,164.0,44.0,161.0
331.0,168.0,44.0,161.0
330.0,168.0,43.0,162.0
328.0,170.0,44.0,161.0
326.0,171.0,44.0,160.0
325.0,170.0,44.0,161.0
322.0,171.0,43.0,160.0
321.0,173.0,43.0,160.0
318.0,173.0,43.0,160.0
316.0,177.0,43.0,159.0
314.0,177.0,44.0,158.0
311.0,176.0,44.0,157.0
308.0,178.0,43.0,157.0
306.0,177.0,43.0,157.0
303.0,175.0,43.0,157.0
300.0,175.0,43.0,156.0
298.0,174.0,42.0,157.0
296.0,175.0,42.0,157.0
292.0,176.0,42.0,157.0
290.0,176.0,42.0,157.0
287.0,176.0,42.0,157.0
285.0,176.0,42.0,157.0
283.0,175.0,41.0,158.0
281.0,175.0,41.0,158.0
280.0,175.0,40.0,159.0
277.0,175.0,41.0,158.0
275.0,176.0,41.0,157.0
272.0,179.0,41.0,157.0
270.0,182.0,41.0,157.0
267.0,179.0,41.0,156.0
264.0,179.0,40.0,157.0
262.0,180.0,40.0,158.0
259.0,181.0,40.0,158.0
256.0,182.0,40.0,158.0
255.0,180.0,41.0,157.0
253.0,183.0,40.0,158.0
251.0,182.0,40.0,158.0
249.0,182.0,40.0,160.0
247.0,184.0,40.0,159.0
244.0,182.0,40.0,160.0
243.0,183.0,41.0,160.0
240.0,181.0,42.0,160.0
238.0,181.0,42.0,160.0
235.0,181.0,43.0,159.0
