167.0,69.0,24.0,127.0
163.0,74.0,28.0,120.0
162.0,75.0,33.0,114.0
166.0,78.0,36.0,111.0
163.0,79.0,36.0,109.0
164.0,77.0,36.0,109.0
165.0,76.0,37.0,110.0
166.0,76.0,37.0,110.0
167.0,76.0,37.0,111.0
167.0,77.0,38.0,111.0
168.0,77.0,37.0,111.0
168.0,78.0,37.0,111.0
169.0,79.0,38.0,111.0
170.0,80.0,37.0,112.0
170.0,80.0,37.0,112.0
170.0,81.0,38.0,111.0
170.0,84.0,38.0,111.0
170.0,87.0,38.0,111.0
169.0,85.0,38.0,110.0
170.0,89.0,39.0,110.0
166.0,89.0,39.0,109.0
167.0,91.0,40.0,107.0
166.0,93.0,42.0,105.0
165.0,94.0,44.0,103.0
168.0,92.0,43.0,104.0
170.0,90.0,43.0,105.0
173.0,87.0,43.0,105.0
175.0,87.0,43.0,105.0
175.0,83.0,44.0,105.0
175.0,84.0,44.0,106.0
173.0,81.0,45.0,106.0
173.0,77.0,44.0,106.0
174.0,77.0,44.0,106.0
174.0,77.0,44.0,106.0
174.0,77.0,43.0,107.0
177.0,76.0,42.0,107.0
179.0,74.0,42.0,107.0
178.0,77.0,43.0,106.0
178.0,77.0,43.0,106.0
179.0,76.0,42.0,106.0
180.0,76.0,42.0,106.0
180.0,77.0,43.0,105.0
181.0,78.0,43.0,104.0
182.0,77.0,44.0,105.0
182.0,76.0,43.0,106.0
184.0,78.0,42.0,106.0
185.0,79.0,43.0,106.0
184.0,77.0,42.0,106.0
186.0,77.0,42.0,105.0
185.0,78.0,42.0,106.0
185.0,77.0,42.0,106.0
186.0,77.0,42.0,106.0
186.0,78.0,42.0,106.0
186.0,76.0,42.0,106.0
185.0,77.0,42.0,106.0
184.0,77.0,43.0,106.0
184.0,77.0,43.0,105.0
185.0,77.0,44.0,105.0
184.0,77.0,45.0,104.0
186.0,77.0,44.0,105.0
188.0,76.0,44.0,105.0
188.0,78.0,44.0,104.0
187.0,81.0,44.0,104.0
187.0,82.0,43.0,105.0
186.0,83.0,43.0,106.0
184.0,84.0,43.0,106.0
183.0,82.0,42.0,106.0
181.0,83.0,44.0,105.0
179.0,85.0,44.0,104.0
176.0,86.0,45.0,103.0
174.0,88.0,45.0,103.0
174.0,89.0,45.0,103.0
173.0,90.0,44.0,104.0
174.0,88.0,42.0,106.0
174.0,85.0,41.0,108.0
174.0,84.0,40.0,110.0
173.0,85.0,40.0,110.0
174.0,86.0,40.0,110.0
173.0,88.0,41.0,108.0
174.0,85.0,42.0,107.0
175.0,85.0,41.0,108.0
174.0,85.0,41.0,107.0
174.0,84.0,42.0,107.0
173.0,83.0,42.0,108.0
174.0,85.0,41.0,108.0
173.0,83.0,42.0,108.0
173.0,77.0,42.0,107.0
175.0,76.0,42.0,107.0
178.0,74.0,43.0,106.0
178.0,75.0,43.0,106.0
178.0,74.0,43.0,106.0
178.0,72.0,42.0,107.0
184.0,72.0,41.0,108.0
183.0,76.0,41.0,109.0
182.0,71.0,40.0,111.0
183.0,70.0,39.0,112.0
183.0,70.0,40.0,111.0
182.0,70.0,40.0,110.0
182.0,69.0,40.0,110.0
183.0,71.0,40.0,111.0
183.0,70.0,41.0,110.0
183.0,73.0,41.0,111.0
182.0,72.0,41.0,110.0
181.0,72.0,41.0,110.0
181.0,72.0,41.0,110.0
176.0,73.0,41.0,110.0
184.0,73.0,41.0,110.0
183.0,74.0,41.0,110.0
181.0,73.0,41.0,110.0
180.0,73.0,42.0,109.0
179.0,73.0,43.0,108.0
179.0,74.0,43.0,108.0
179.0,73.0,42.0,108.0
180.0,74.0,42.0,109.0
179.0,77.0,42.0,109.0
178.0,73.0,42.0,109.0
178.0,72.0,42.0,109.0
178.0,72.0,41.0,109.0
179.0,71.0,41.0,110.0
180.0,70.0,41.0,109.0
181.0,75.0,41.0,109.0
180.0,76.0,41.0,110.0
181.0,73.0,41.0,109.0
181.0,75.0,41.0,109.0
180.0,75.0,41.0,109.0
179.0,78.0,41.0,109.0
180.0,75.0,41.0,110.0
181.0,74.0,41.0,109.0
181.0,73.0,41.0,109.0
181.0,72.0,41.0,110.0
181.0,72.0,41.0,110.0
175.0,71.0,41.0,109.0
184.0,72.0,41.0,109.0
183.0,74.0,41.0,109.0
182.0,74.0,42.0,109.0
180.0,75.0,42.0,109.0
174.0,75.0,43.0,108.0
181.0,75.0,44.0,108.0
179.0,72.0,44.0,108.0
180.0,71.0,44.0,108.0
179.0,75.0,45.0,108.0
180.0,75.0,45.0,108.0
180.0,75.0,46.0,108.0
180.0,76.0,47.0,108.0
180.0,75.0,47.0,109.0
181.0,75.0,47.0,110.0
181.0,76.0,47.0,110.0
179.0,74.0,48.0,109.0
176.0,76.0,50.0,107.0
174.0,76.0,51.0,107.0
184.0,83.0,50.0,109.0
183.0,82.0,51.0,109.0
183.0,82.0,51.0,110.0
182.0,80.0,51.0,109.0
180.0,81.0,53.0,107.0
180.0,82.0,52.0,106.0
181.0,82.0,53.0,105.0
182.0,83.0,53.0,104.0
183.0,82.0,53.0,105.0
184.0,81.0,52.0,106.0
184.0,81.0,52.0,107.0
185.0,81.0,51.0,108.0
184.0,81.0,51.0,108.0
191.0,81.0,52.0,108.0
198.0,79.0,51.0,109.0
193.0,82.0,54.0,106.0
180.0,82.0,56.0,104.0
178.0,84.0,57.0,102.0
178.0,85.0,57.0,102.0
178.0,86.0,57.0,101.0
179.0,87.0,56.0,101.0
181.0,87.0,57.0,100.0
183.0,95.0,57.0,100.0
194.0,99.0,57.0,100.0
189.0,98.0,57.0,100.0
195.0,96.0,57.0,100.0
197.0,94.0,55.0,102.0
199.0,91.0,52.0,105.0
201.0,93.0,51.0,106.0
202.0,95.0,49.0,107.0
208.0,88.0,49.0,107.0
207.0,88.0,47.0,110.0
209.0,88.0,46.0,111.0
210.0,89.0,45.0,113.0
215.0,75.0,45.0,114.0
220.0,70.0,44.0,115.0
218.0,71.0,44.0,116.0
216.0,70.0,44.0,118.0
215.0,71.0,43.0,119.0
216.0,75.0,43.0,120.0
216.0,76.0,43.0,120.0
215.0,81.0,43.0,119.0
214.0,85.0,45.0,119.0
214.0,87.0,46.0,117.0
212.0,84.0,47.0,117.0
211.0,83.0,48.0,116.0
210.0,83.0,48.0,117.0
210.0,85.0,48.0,117.0
211.0,80.0,48.0,117.0
209.0,82.0,49.0,117.0
207.0,82.0,49.0,117.0
205.0,79.0,50.0,117.0
203.0,83.0,49.0,117.0
201.0,76.0,49.0,117.0
198.0,77.0,50.0,116.0
196.0,77.0,49.0,117.0
195.0,77.0,49.0,117.0
195.0,76.0,48.0,118.0
195.0,75.0,47.0,119.0
194.0,74.0,45.0,121.0
194.0,73.0,44.0,122.0
194.0,73.0,43.0,123.0
191.0,72.0,43.0,122.0
191.0,72.0,43.0,123.0
190.0,72.0,43.0,122.0
190.0,73.0,43.0,121.0
189.0,73.0,43.0,121.0
188.0,73.0,43.0,121.0
187.0,72.0,43.0,121.0
186.0,72.0,42.0,121.0
186.0,74.0,43.0,120.0
185.0,75.0,43.0,119.0
184.0,76.0,42.0,119.0
183.0,77.0,41.0,120.0
182.0,79.0,41.0,120.0
181.0,78.0,41.0,120.0
180.0,79.0,41.0,119.0
179.0,80.0,41.0,117.0
179.0,80.0,41.0,117.0
178.0,80.0,41.0,116.0
178.0,80.0,41.0,116.0
177.0,81.0,41.0,115.0
178.0,82.0,41.0,115.0
178.0,84.0,41.0,114.0
179.0,84.0,41.0,114.0
180.0,84.0,40.0,115.0
181.0,84.0,39.0,115.0
181.0,84.0,39.0,114.0
181.0,87.0,41.0,112.0
182.0,87.0,42.0,110.0
183.0,89.0,41.0,109.0
183.0,89.0,42.0,107.0
185.0,90.0,43.0,106.0
186.0,90.0,42.0,106.0
188.0,90.0,43.0,105.0
190.0,88.0,43.0,105.0
190.0,88.0,43.0,104.0
190.0,87.0,43.0,104.0
191.0,83.0,42.0,104.0
196.0,81.0,42.0,103.0
195.0,83.0,40.0,105.0
196.0,83.0,39.0,106.0
196.0,82.0,39.0,107.0
196.0,82.0,39.0,107.0
196.0,85.0,39.0,107.0
198.0,85.0,40.0,106.0
197.0,84.0,40.0,106.0
197.0,84.0,40.0,106.0
198.0,84.0,40.0,106.0
198.0,82.0,40.0,107.0
198.0,81.0,40.0,108.0
198.0,80.0,39.0,108.0
198.0,79.0,39.0,108.0
198.0,80.0,40.0,108.0
198.0,79.0,40.0,108.0
197.0,81.0,41.0,107.0
197.0,80.0,40.0,109.0
197.0,80.0,39.0,109.0
197.0,81.0,40.0,108.0
196.0,83.0,39.0,109.0
196.0,83.0,39.0,109.0
195.0,83.0,39.0,108.0
195.0,82.0,40.0,109.0
195.0,82.0,40.0,109.0
194.0,81.0,40.0,109.0
194.0,78.0,40.0,109.0
193.0,78.0,40.0,109.0
193.0,78.0,39.0,109.0
192.0,79.0,40.0,109.0
191.0,79.0,40.0,110.0
192.0,83.0,40.0,110.0
193.0,83.0,40.0,110.0
192.0,82.0,40.0,111.0
193.0,80.0,40.0,111.0
194.0,81.0,39.0,111.0
192.0,78.0,39.0,112.0
191.0,81.0,40.0,111.0
193.0,80.0,40.0,112.0
193.0,77.0,39.0,113.0
193.0,76.0,39.0,114.0
193.0,74.0,39.0,115.0
193.0,76.0,39.0,115.0
192.0,78.0,40.0,114.0
194.0,78.0,41.0,113.0
193.0,80.0,41.0,113.0
194.0,79.0,41.0,113.0
194.0,80.0,41.0,113.0
196.0,81.0,41.0,113.0
196.0,81.0,41.0,113.0
198.0,81.0,40.0,113.0
199.0,84.0,41.0,112.0
200.0,79.0,41.0,111.0
200.0,79.0,41.0,111.0
201.0,84.0,41.0,111.0
203.0,81.0,40.0,113.0
203.0,81.0,39.0,114.0
203.0,79.0,39.0,115.0
203.0,78.0,39.0,116.0
203.0,77.0,39.0,117.0
203.0,76.0,39.0,118.0
204.0,77.0,39.0,117.0
204.0,78.0,39.0,117.0
204.0,79.0,40.0,116.0
204.0,80.0,40.0,116.0
204.0,79.0,40.0,115.0
206.0,79.0,40.0,114.0
208.0,81.0,41.0,112.0
209.0,84.0,42.0,110.0
210.0,86.0,42.0,110.0
210.0,86.0,42.0,109.0
212.0,85.0,42.0,108.0
214.0,84.0,42.0,109.0
216.0,84.0,42.0,109.0
217.0,82.0,41.0,112.0
217.0,73.0,39.0,114.0
217.0,73.0,39.0,115.0
220.0,73.0,39.0,115.0
220.0,74.0,40.0,115.0
216.0,76.0,40.0,114.0
219.0,76.0,41.0,112.0
219.0,75.0,43.0,109.0
220.0,76.0,44.0,108.0
220.0,77.0,44.0,107.0
221.0,76.0,44.0,107.0
216.0,78.0,44.0,106.0
221.0,78.0,44.0,105.0
223.0,80.0,45.0,104.0
224.0,82.0,45.0,102.0
224.0,84.0,47.0,100.0
221.0,84.0,47.0,100.0
225.0,83.0,47.0,100.0
228.0,84.0,47.0,100.0
230.0,84.0,47.0,100.0
231.0,88.0,46.0,102.0
232.0,92.0,45.0,103.0
236.0,90.0,44.0,104.0
237.0,90.0,45.0,104.0
239.0,88.0,45.0,104.0
240.0,90.0,44.0,106.0
241.0,95.0,43.0,106.0
242.0,95.0,42.0,107.0
242.0,95.0,44.0,105.0
243.0,97.0,45.0,104.0
244.0,96.0,44.0,105.0
243.0,95.0,44.0,105.0
237.0,96.0,44.0,105.0
238.0,92.0,44.0,104.0
232.0,95.0,44.0,103.0
232.0,91.0,45.0,102.0
225.0,93.0,47.0,101.0
219.0,87.0,47.0,100.0
222.0,95.0,47.0,100.0
219.0,93.0,48.0,99.0
219.0,96.0,48.0,99.0
218.0,96.0,48.0,100.0
217.0,91.0,48.0,99.0
216.0,90.0,47.0,100.0
214.0,88.0,46.0,101.0
212.0,87.0,45.0,101.0
209.0,86.0,44.0,102.0
207.0,86.0,43.0,101.0
206.0,86.0,43.0,102.0
204.0,87.0,43.0,101.0
202.0,86.0,42.0,101.0
200.0,85.0,42.0,101.0
199.0,85.0,42.0,102.0
198.0,85.0,42.0,102.0
196.0,85.0,42.0,102.0
195.0,86.0,42.0,102.0
193.0,85.0,43.0,101.0
192.0,86.0,43.0,100.0
191.0,88.0,42.0,101.0
189.0,90.0,43.0,100.0
187.0,89.0,45.0,99.0
186.0,92.0,44.0,100.0
184.0,94.0,44.0,100.0
182.0,94.0,45.0,100.0
180.0,89.0,45.0,99.0
178.0,90.0,44.0,99.0
176.0,90.0,44.0,99.0
174.0,90.0,44.0,99.0
172.0,90.0,44.0,100.0
170.0,86.0,44.0,100.0
166.0,84.0,43.0,100.0
166.0,87.0,43.0,100.0
168.0,89.0,44.0,99.0
169.0,85.0,42.0,101.0
170.0,83.0,41.0,102.0
169.0,88.0,40.0,103.0
168.0,89.0,40.0,104.0
166.0,90.0,41.0,104.0
166.0,89.0,41.0,104.0
165.0,88.0,41.0,104.0
164.0,86.0,41.0,104.0
164.0,83.0,42.0,104.0
164.0,83.0,42.0,104.0
164.0,83.0,42.0,104.0
165.0,82.0,41.0,105.0
165.0,82.0,41.0,105.0
166.0,83.0,41.0,106.0
168.0,83.0,41.0,106.0
171.0,84.0,41.0,105.0
171.0,87.0,41.0,105.0
171.0,88.0,41.0,106.0
174.0,88.0,41.0,106.0
172.0,88.0,40.0,107.0
172.0,87.0,39.0,109.0
173.0,85.0,38.0,110.0
172.0,85.0,38.0,110.0
174.0,85.0,38.0,110.0
175.0,84.0,38.0,111.0
175.0,83.0,38.0,112.0
175.0,82.0,38.0,111.0
176.0,81.0,38.0,111.0
176.0,83.0,39.0,110.0
175.0,84.0,39.0,109.0
175.0,84.0,39.0,108.0
175.0,83.0,39.0,108.0
176.0,83.0,38.0,108.0
176.0,82.0,38.0,109.0
177.0,86.0,37.0,109.0
177.0,83.0,36.0,110.0
177.0,82.0,36.0,111.0
178.0,81.0,36.0,110.0
178.0,80.0,36.0,110.0
179.0,79.0,36.0,110.0
181.0,79.0,36.0,109.0
183.0,79.0,36.0,110.0
184.0,79.0,36.0,110.0
186.0,79.0,37.0,110.0
187.0,78.0,37.0,111.0
186.0,77.0,37.0,111.0
186.0,78.0,36.0,112.0
185.0,76.0,37.0,111.0
184.0,78.0,38.0,110.0
183.0,78.0,38.0,111.0
183.0,79.0,39.0,110.0
183.0,77.0,39.0,110.0
184.0,77.0,38.0,112.0
184.0,76.0,39.0,111.0
185.0,77.0,39.0,111.0
185.0,76.0,39.0,112.0
185.0,76.0,39.0,112.0
187.0,76.0,38.0,113.0
187.0,74.0,38.0,113.0
189.0,74.0,38.0,114.0
190.0,74.0,38.0,114.0
190.0,75.0,38.0,115.0
191.0,73.0,38.0,115.0
192.0,72.0,38.0,116.0
193.0,72.0,38.0,116.0
194.0,73.0,39.0,116.0
194.0,73.0,39.0,116.0
196.0,73.0,39.0,117.0
196.0,73.0,39.0,117.0
197.0,73.0,39.0,118.0
198.0,72.0,39.0,118.0
198.0,73.0,40.0,118.0
198.0,73.0,39.0,119.0
198.0,73.0,40.0,118.0
200.0,72.0,40.0,119.0
201.0,72.0,40.0,120.0
200.0,74.0,40.0,119.0
200.0,73.0,41.0,119.0
201.0,71.0,41.0,119.0
202.0,72.0,41.0,119.0
203.0,73.0,41.0,120.0
203.0,74.0,41.0,119.0
204.0,73.0,40.0,121.0
204.0,73.0,41.0,121.0
204.0,73.0,41.0,121.0
204.0,71.0,41.0,122.0
205.0,74.0,41.0,122.0
205.0,74.0,42.0,122.0
204.0,74.0,42.0,122.0
205.0,73.0,42.0,122.0
204.0,75.0,42.0,122.0
205.0,75.0,42.0,122.0
204.0,77.0,42.0,122.0
205.0,74.0,42.0,122.0
205.0,74.0,42.0,120.0
204.0,74.0,43.0,118.0
203.0,73.0,44.0,116.0
203.0,74.0,43.0,116.0
204.0,74.0,44.0,115.0
204.0,75.0,45.0,114.0
205.0,74.0,45.0,114.0
205.0,73.0,45.0,113.0
206.0,74.0,45.0,113.0
205.0,74.0,45.0,112.0
203.0,76.0,45.0,111.0
203.0,74.0,45.0,111.0
203.0,75.0,46.0,109.0
204.0,74.0,45.0,109.0
204.0,75.0,45.0,110.0
209.0,73.0,45.0,110.0
208.0,74.0,45.0,109.0
208.0,72.0,44.0,110.0
208.0,72.0,44.0,110.0
208.0,72.0,43.0,111.0
209.0,72.0,43.0,111.0
209.0,72.0,43.0,111.0
209.0,72.0,42.0,112.0
210.0,72.0,42.0,112.0
209.0,72.0,42.0,112.0
209.0,73.0,42.0,112.0
209.0,74.0,43.0,111.0
209.0,74.0,43.0,111.0
210.0,73.0,42.0,112.0
210.0,73.0,42.0,112.0
209.0,74.0,43.0,111.0
209.0,75.0,43.0,111.0
209.0,73.0,43.0,111.0
209.0,73.0,43.0,111.0
209.0,74.0,43.0,111.0
207.0,73.0,43.0,110.0
206.0,73.0,43.0,110.0
207.0,73.0,43.0,110.0
207.0,73.0,42.0,110.0
206.0,74.0,43.0,109.0
207.0,72.0,43.0,109.0
207.0,74.0,43.0,109.0
207.0,74.0,42.0,109.0
208.0,74.0,43.0,109.0
208.0,75.0,42.0,109.0
207.0,75.0,42.0,109.0
207.0,75.0,41.0,109.0
208.0,75.0,42.0,108.0
208.0,76.0,42.0,108.0
208.0,76.0,43.0,107.0
207.0,75.0,43.0,107.0
207.0,76.0,43.0,107.0
207.0,75.0,43.0,106.0
207.0,75.0,43.0,106.0
206.0,75.0,43.0,106.0
206.0,75.0,42.0,107.0
206.0,74.0,42.0,107.0
206.0,74.0,42.0,107.0
206.0,74.0,42.0,107.0
206.0,74.0,42.0,108.0
207.0,73.0,41.0,109.0
207.0,73.0,41.0,110.0
205.0,73.0,41.0,110.0
204.0,72.0,42.0,109.0
204.0,72.0,42.0,108.0
203.0,73.0,42.0,109.0
202.0,77.0,42.0,109.0
203.0,73.0,41.0,111.0
203.0,77.0,41.0,111.0
204.0,72.0,40.0,112.0
204.0,69.0,40.0,111.0
205.0,68.0,39.0,113.0
206.0,68.0,38.0,113.0
207.0,67.0,38.0,113.0
206.0,68.0,39.0,112.0
207.0,70.0,39.0,112.0
206.0,70.0,39.0,111.0
205.0,67.0,39.0,110.0
205.0,72.0,41.0,108.0
205.0,73.0,42.0,107.0
204.0,76.0,42.0,107.0
205.0,75.0,41.0,108.0
205.0,77.0,40.0,108.0
206.0,75.0,40.0,108.0
207.0,77.0,40.0,107.0
207.0,78.0,40.0,107.0
207.0,78.0,40.0,107.0
207.0,79.0,40.0,107.0
207.0,81.0,40.0,107.0
207.0,80.0,40.0,107.0
207.0,79.0,40.0,108.0
208.0,79.0,41.0,108.0
207.0,79.0,41.0,108.0
207.0,78.0,41.0,108.0
207.0,77.0,41.0,108.0
208.0,76.0,42.0,108.0
207.0,76.0,41.0,109.0
207.0,76.0,41.0,109.0
207.0,74.0,41.0,110.0
206.0,76.0,41.0,109.0
205.0,77.0,41.0,109.0
205.0,76.0,41.0,109.0
205.0,75.0,42.0,109.0
206.0,74.0,41.0,110.0
205.0,73.0,41.0,109.0
206.0,74.0,41.0,109.0
206.0,72.0,41.0,110.0
205.0,73.0,41.0,110.0
205.0,72.0,40.0,110.0
205.0,71.0,40.0,110.0
206.0,73.0,41.0,109.0
206.0,74.0,41.0,107.0
206.0,74.0,42.0,107.0
208.0,75.0,41.0,107.0
207.0,77.0,41.0,108.0
208.0,76.0,41.0,107.0
209.0,74.0,41.0,108.0
208.0,74.0,41.0,108.0
208.0,75.0,41.0,107.0
209.0,73.0,40.0,107.0
209.0,73.0,41.0,107.0
209.0,74.0,40.0,107.0
208.0,74.0,40.0,107.0
208.0,75.0,41.0,106.0
208.0,75.0,41.0,105.0
208.0,75.0,41.0,106.0
207.0,75.0,41.0,105.0
206.0,77.0,42.0,104.0
207.0,76.0,41.0,105.0
206.0,76.0,41.0,104.0
207.0,77.0,41.0,104.0
206.0,78.0,42.0,104.0
205.0,81.0,42.0,104.0
205.0,84.0,42.0,104.0
207.0,85.0,42.0,104.0
201.0,82.0,43.0,103.0
197.0,82.0,42.0,103.0
202.0,78.0,42.0,103.0
201.0,81.0,44.0,102.0
201.0,83.0,44.0,101.0
201.0,82.0,44.0,102.0
200.0,87.0,44.0,102.0
201.0,84.0,44.0,102.0
200.0,86.0,45.0,101.0
200.0,86.0,45.0,102.0
199.0,85.0,46.0,101.0
199.0,87.0,46.0,100.0
199.0,87.0,47.0,99.0
199.0,87.0,48.0,98.0
198.0,87.0,48.0,97.0
199.0,87.0,48.0,97.0
199.0,84.0,48.0,98.0
200.0,85.0,48.0,98.0
200.0,85.0,47.0,98.0
200.0,85.0,47.0,98.0
201.0,85.0,47.0,99.0
201.0,85.0,48.0,98.0
202.0,86.0,48.0,98.0
203.0,86.0,48.0,97.0
203.0,86.0,48.0,98.0
203.0,86.0,49.0,97.0
202.0,85.0,48.0,98.0
202.0,85.0,48.0,98.0
201.0,85.0,47.0,99.0
201.0,84.0,47.0,99.0
206.0,82.0,47.0,99.0
205.0,82.0,47.0,100.0
204.0,82.0,47.0,99.0
203.0,83.0,46.0,100.0
203.0,81.0,45.0,101.0
207.0,80.0,44.0,101.0
204.0,83.0,44.0,100.0
202.0,82.0,43.0,101.0
197.0,83.0,43.0,101.0
197.0,83.0,42.0,101.0
197.0,84.0,41.0,102.0
195.0,85.0,41.0,101.0
194.0,87.0,42.0,100.0
192.0,89.0,43.0,98.0
191.0,89.0,43.0,98.0
188.0,89.0,44.0,97.0
186.0,89.0,44.0,96.0
184.0,90.0,45.0,95.0
183.0,86.0,45.0,96.0
181.0,87.0,46.0,94.0
179.0,87.0,47.0,93.0
172.0,91.0,47.0,92.0
172.0,90.0,47.0,92.0
169.0,92.0,47.0,93.0
166.0,94.0,48.0,90.0
163.0,95.0,49.0,90.0
162.0,97.0,46.0,92.0
161.0,99.0,45.0,92.0
161.0,100.0,45.0,93.0
162.0,97.0,44.0,94.0
163.0,95.0,43.0,95.0
163.0,94.0,43.0,95.0
161.0,95.0,44.0,94.0
156.0,96.0,44.0,93.0
160.0,96.0,43.0,93.0
164.0,97.0,42.0,94.0
172.0,96.0,42.0,94.0
171.0,95.0,42.0,95.0
170.0,95.0,43.0,95.0
171.0,93.0,42.0,95.0
172.0,92.0,41.0,97.0
173.0,89.0,40.0,98.0
174.0,85.0,39.0,99.0
174.0,83.0,38.0,100.0
175.0,81.0,37.0,101.0
176.0,81.0,37.0,102.0
176.0,82.0,37.0,102.0
178.0,81.0,36.0,103.0
178.0,81.0,36.0,102.0
179.0,81.0,36.0,103.0
179.0,80.0,36.0,102.0
180.0,80.0,37.0,102.0
181.0,81.0,36.0,102.0
182.0,81.0,36.0,102.0
184.0,81.0,36.0,102.0
184.0,81.0,36.0,102.0
187.0,80.0,36.0,102.0
187.0,81.0,36.0,101.0
189.0,82.0,36.0,100.0
190.0,81.0,36.0,100.0
191.0,80.0,35.0,101.0
191.0,82.0,35.0,101.0
192.0,81.0,35.0,101.0
193.0,82.0,36.0,101.0
194.0,81.0,35.0,101.0
195.0,81.0,35.0,102.0
196.0,81.0,35.0,102.0
196.0,81.0,35.0,102.0
196.0,80.0,35.0,102.0
197.0,79.0,35.0,102.0
198.0,77.0,35.0,102.0
200.0,76.0,35.0,102.0
198.0,81.0,36.0,100.0
198.0,81.0,36.0,100.0
198.0,82.0,36.0,99.0
199.0,83.0,36.0,100.0
198.0,84.0,35.0,100.0
198.0,83.0,36.0,100.0
198.0,82.0,36.0,100.0
199.0,83.0,35.0,100.0
199.0,84.0,35.0,101.0
199.0,86.0,35.0,101.0
200.0,88.0,35.0,102.0
200.0,88.0,34.0,103.0
201.0,89.0,34.0,104.0
202.0,89.0,34.0,104.0
202.0,89.0,34.0,105.0
203.0,87.0,34.0,106.0
204.0,87.0,34.0,107.0
203.0,87.0,34.0,108.0
204.0,86.0,34.0,109.0
205.0,85.0,34.0,110.0
205.0,82.0,34.0,110.0
204.0,83.0,35.0,110.0
204.0,84.0,35.0,110.0
204.0,85.0,35.0,110.0
203.0,88.0,35.0,109.0
203.0,89.0,34.0,110.0
203.0,85.0,35.0,110.0
204.0,84.0,35.0,110.0
203.0,86.0,36.0,110.0
203.0,86.0,36.0,110.0
202.0,88.0,36.0,110.0
202.0,88.0,37.0,110.0
201.0,89.0,37.0,110.0
200.0,88.0,37.0,111.0
200.0,89.0,37.0,111.0
200.0,89.0,38.0,111.0
200.0,89.0,38.0,111.0
199.0,90.0,38.0,111.0
199.0,91.0,38.0,110.0
199.0,90.0,38.0,111.0
