93.0,113.0,34.0,109.0
97.0,105.0,34.0,109.0
98.0,99.0,34.0,110.0
105.0,97.0,34.0,110.0
105.0,95.0,34.0,111.0
105.0,91.0,34.0,111.0
107.0,93.0,34.0,112.0
108.0,98.0,34.0,113.0
105.0,95.0,35.0,114.0
106.0,100.0,35.0,114.0
109.0,103.0,36.0,114.0
117.0,107.0,36.0,115.0
123.0,105.0,36.0,115.0
124.0,86.0,37.0,114.0
130.0,81.0,37.0,115.0
132.0,76.0,37.0,115.0
129.0,75.0,36.0,117.0
119.0,63.0,36.0,118.0
119.0,67.0,37.0,118.0
116.0,74.0,39.0,115.0
107.0,86.0,38.0,116.0
99.0,89.0,38.0,117.0
89.0,89.0,38.0,118.0
92.0,101.0,38.0,117.0
93.0,90.0,38.0,118.0
93.0,80.0,38.0,118.0
93.0,77.0,38.0,119.0
94.0,74.0,38.0,119.0
93.0,66.0,38.0,119.0
95.0,71.0,39.0,117.0
99.0,81.0,39.0,118.0
102.0,90.0,39.0,118.0
106.0,96.0,39.0,117.0
115.0,97.0,39.0,117.0
116.0,96.0,38.0,118.0
113.0,86.0,39.0,117.0
114.0,76.0,39.0,118.0
107.0,67.0,39.0,117.0
104.0,63.0,39.0,117.0
102.0,59.0,38.0,118.0
100.0,60.0,38.0,119.0
99.0,66.0,38.0,119.0
92.0,80.0,37.0,120.0
84.0,95.0,37.0,120.0
81.0,106.0,38.0,120.0
80.0,105.0,39.0,118.0
79.0,97.0,40.0,116.0
81.0,82.0,39.0,117.0
83.0,80.0,39.0,117.0
87.0,68.0,39.0,117.0
87.0,64.0,39.0,116.0
91.0,62.0,39.0,116.0
94.0,63.0,39.0,115.0
96.0,72.0,39.0,115.0
97.0,84.0,39.0,115.0
106.0,93.0,39.0,115.0
106.0,93.0,38.0,116.0
113.0,90.0,38.0,115.0
115.0,84.0,39.0,114.0
115.0,78.0,39.0,113.0
106.0,72.0,40.0,112.0
99.0,64.0,39.0,112.0
99.0,62.0,39.0,112.0
100.0,60.0,38.0,113.0
91.0,66.0,38.0,112.0
88.0,73.0,38.0,112.0
77.0,84.0,38.0,111.0
76.0,91.0,39.0,110.0
75.0,94.0,38.0,110.0
73.0,90.0,38.0,110.0
70.0,84.0,37.0,110.0
73.0,79.0,37.0,109.0
83.0,79.0,37.0,108.0
86.0,70.0,37.0,108.0
90.0,67.0,36.0,108.0
97.0,66.0,38.0,106.0
99.0,68.0,37.0,106.0
107.0,77.0,38.0,105.0
118.0,88.0,37.0,105.0
127.0,94.0,37.0,105.0
139.0,92.0,37.0,105.0
149.0,83.0,37.0,105.0
158.0,80.0,36.0,105.0
157.0,81.0,37.0,104.0
142.0,75.0,36.0,104.0
136.0,71.0,35.0,104.0
129.0,63.0,35.0,104.0
123.0,66.0,35.0,104.0
116.0,75.0,34.0,104.0
108.0,90.0,34.0,104.0
107.0,104.0,35.0,104.0
107.0,107.0,35.0,104.0
109.0,118.0,35.0,104.0
111.0,118.0,35.0,103.0
112.0,106.0,35.0,104.0
113.0,94.0,34.0,105.0
113.0,92.0,34.0,105.0
113.0,89.0,33.0,106.0
113.0,85.0,33.0,105.0
119.0,81.0,34.0,104.0
120.0,82.0,34.0,104.0
119.0,86.0,34.0,104.0
128.0,100.0,34.0,103.0
130.0,102.0,34.0,103.0
132.0,108.0,34.0,102.0
133.0,97.0,34.0,102.0
142.0,79.0,34.0,102.0
149.0,69.0,34.0,102.0
149.0,67.0,34.0,101.0
142.0,63.0,34.0,101.0
141.0,59.0,34.0,101.0
138.0,62.0,35.0,100.0
130.0,74.0,35.0,100.0
114.0,79.0,34.0,101.0
111.0,78.0,34.0,102.0
105.0,81.0,34.0,101.0
90.0,76.0,34.0,101.0
83.0,65.0,34.0,100.0
84.0,61.0,34.0,99.0
93.0,53.0,34.0,100.0
94.0,52.0,34.0,100.0
104.0,57.0,33.0,100.0
112.0,70.0,33.0,101.0
118.0,86.0,33.0,101.0
120.0,100.0,33.0,100.0
126.0,103.0,33.0,100.0
127.0,97.0,33.0,100.0
136.0,92.0,33.0,100.0
136.0,86.0,32.0,101.0
130.0,83.0,32.0,101.0
124.0,83.0,32.0,101.0
114.0,86.0,32.0,101.0
106.0,92.0,32.0,101.0
83.0,104.0,32.0,100.0
75.0,115.0,32.0,100.0
72.0,108.0,33.0,100.0
66.0,96.0,33.0,99.0
68.0,91.0,33.0,99.0
78.0,85.0,33.0,98.0
87.0,82.0,33.0,98.0
96.0,82.0,32.0,99.0
106.0,86.0,34.0,97.0
109.0,97.0,33.0,97.0
119.0,106.0,33.0,98.0
130.0,126.0,34.0,97.0
129.0,119.0,33.0,98.0
131.0,100.0,34.0,96.0
133.0,87.0,34.0,96.0
130.0,82.0,34.0,96.0
128.0,80.0,34.0,97.0
125.0,83.0,34.0,96.0
119.0,90.0,34.0,97.0
110.0,99.0,34.0,97.0
96.0,106.0,34.0,97.0
97.0,112.0,33.0,98.0
99.0,108.0,33.0,99.0
100.0,103.0,33.0,98.0
109.0,95.0,33.0,97.0
118.0,91.0,34.0,97.0
124.0,86.0,34.0,97.0
124.0,83.0,34.0,96.0
124.0,85.0,35.0,96.0
124.0,94.0,34.0,96.0
122.0,101.0,34.0,96.0
124.0,108.0,34.0,95.0
127.0,105.0,34.0,95.0
127.0,98.0,34.0,94.0
135.0,91.0,35.0,94.0
132.0,86.0,34.0,95.0
126.0,83.0,34.0,94.0
124.0,79.0,34.0,94.0
117.0,79.0,35.0,93.0
114.0,82.0,35.0,94.0
105.0,93.0,34.0,94.0
96.0,109.0,35.0,94.0
89.0,114.0,35.0,93.0
89.0,102.0,35.0,93.0
89.0,91.0,35.0,94.0
87.0,91.0,34.0,94.0
89.0,84.0,34.0,94.0
88.0,83.0,35.0,93.0
88.0,87.0,35.0,93.0
94.0,92.0,35.0,92.0
101.0,98.0,35.0,92.0
101.0,99.0,34.0,93.0
104.0,97.0,35.0,92.0
110.0,79.0,34.0,93.0
110.0,75.0,34.0,92.0
108.0,73.0,34.0,92.0
99.0,75.0,35.0,91.0
97.0,74.0,35.0,90.0
90.0,77.0,34.0,91.0
75.0,88.0,34.0,91.0
58.0,97.0,34.0,90.0
49.0,108.0,34.0,91.0
48.0,107.0,33.0,91.0
47.0,95.0,33.0,91.0
50.0,93.0,33.0,91.0
58.0,88.0,33.0,90.0
66.0,81.0,33.0,90.0
73.0,83.0,33.0,91.0
80.0,89.0,33.0,90.0
87.0,92.0,32.0,91.0
96.0,91.0,32.0,91.0
109.0,93.0,33.0,91.0
117.0,83.0,33.0,90.0
126.0,70.0,33.0,90.0
128.0,65.0,33.0,90.0
128.0,61.0,33.0,89.0
129.0,58.0,33.0,88.0
127.0,60.0,33.0,88.0
120.0,67.0,32.0,88.0
111.0,77.0,32.0,87.0
103.0,83.0,32.0,88.0
104.0,89.0,32.0,87.0
104.0,79.0,31.0,87.0
105.0,71.0,31.0,87.0
106.0,66.0,30.0,88.0
108.0,66.0,31.0,86.0
108.0,67.0,30.0,87.0
109.0,71.0,30.0,86.0
111.0,79.0,31.0,86.0
118.0,83.0,30.0,87.0
120.0,88.0,29.0,87.0
127.0,87.0,30.0,86.0
140.0,73.0,29.0,86.0
149.0,66.0,29.0,86.0
148.0,59.0,29.0,86.0
147.0,55.0,29.0,86.0
141.0,55.0,28.0,87.0
135.0,60.0,28.0,86.0
128.0,76.0,28.0,86.0
114.0,86.0,29.0,85.0
113.0,90.0,29.0,85.0
106.0,83.0,29.0,85.0
100.0,75.0,29.0,84.0
101.0,74.0,29.0,84.0
107.0,69.0,28.0,85.0
115.0,64.0,28.0,85.0
121.0,71.0,28.0,85.0
128.0,84.0,28.0,84.0
136.0,95.0,29.0,83.0
144.0,101.0,29.0,83.0
145.0,106.0,29.0,82.0
152.0,92.0,29.0,82.0
158.0,80.0,29.0,83.0
152.0,73.0,28.0,83.0
151.0,71.0,28.0,83.0
149.0,74.0,28.0,83.0
141.0,81.0,28.0,83.0
134.0,89.0,28.0,83.0
119.0,95.0,28.0,83.0
113.0,95.0,28.0,83.0
107.0,88.0,27.0,84.0
101.0,77.0,27.0,84.0
100.0,69.0,27.0,84.0
102.0,63.0,28.0,83.0
109.0,62.0,28.0,82.0
115.0,70.0,28.0,82.0
117.0,78.0,29.0,81.0
123.0,89.0,29.0,81.0
130.0,89.0,28.0,82.0
137.0,83.0,28.0,81.0
144.0,65.0,28.0,82.0
144.0,58.0,28.0,82.0
143.0,56.0,28.0,82.0
137.0,58.0,28.0,81.0
131.0,65.0,28.0,81.0
124.0,73.0,28.0,81.0
118.0,83.0,28.0,81.0
106.0,85.0,28.0,81.0
107.0,85.0,27.0,81.0
99.0,77.0,28.0,81.0
91.0,70.0,29.0,80.0
90.0,69.0,29.0,79.0
92.0,66.0,28.0,79.0
98.0,65.0,28.0,80.0
103.0,68.0,29.0,79.0
111.0,80.0,28.0,79.0
118.0,82.0,27.0,80.0
123.0,78.0,27.0,80.0
131.0,77.0,27.0,80.0
136.0,71.0,27.0,80.0
142.0,59.0,27.0,80.0
143.0,57.0,27.0,79.0
142.0,52.0,27.0,80.0
137.0,59.0,27.0,80.0
132.0,67.0,27.0,80.0
128.0,74.0,27.0,79.0
120.0,85.0,27.0,79.0
105.0,103.0,27.0,79.0
99.0,102.0,28.0,78.0
92.0,93.0,28.0,77.0
87.0,90.0,28.0,77.0
89.0,88.0,27.0,78.0
92.0,82.0,27.0,78.0
99.0,79.0,27.0,78.0
107.0,82.0,27.0,78.0
116.0,85.0,27.0,78.0
123.0,83.0,27.0,78.0
124.0,83.0,26.0,78.0
130.0,81.0,26.0,78.0
136.0,65.0,26.0,78.0
137.0,53.0,26.0,78.0
132.0,48.0,27.0,77.0
