340.0,358.0,18.0,55.0
339.0,358.0,18.0,54.0
339.0,359.0,18.0,54.0
338.0,361.0,18.0,54.0
336.0,361.0,18.0,54.0
335.0,360.0,18.0,54.0
333.0,360.0,18.0,54.0
332.0,358.0,18.0,53.0
327.0,357.0,18.0,53.0
325.0,358.0,18.0,53.0
323.0,358.0,18.0,53.0
321.0,358.0,19.0,53.0
319.0,359.0,18.0,53.0
315.0,359.0,18.0,54.0
314.0,361.0,18.0,53.0
313.0,363.0,18.0,54.0
312.0,363.0,18.0,54.0
310.0,364.0,18.0,54.0
306.0,366.0,17.0,54.0
306.0,367.0,17.0,54.0
306.0,367.0,17.0,54.0
305.0,369.0,17.0,54.0
305.0,371.0,17.0,53.0
304.0,371.0,17.0,53.0
304.0,373.0,18.0,53.0
302.0,373.0,18.0,53.0
301.0,372.0,18.0,53.0
299.0,374.0,18.0,53.0
298.0,374.0,17.0,54.0
297.0,376.0,17.0,54.0
297.0,376.0,17.0,54.0
297.0,377.0,17.0,54.0
296.0,379.0,17.0,54.0
297.0,380.0,17.0,54.0
297.0,381.0,17.0,54.0
298.0,381.0,17.0,54.0
298.0,381.0,17.0,54.0
298.0,381.0,17.0,54.0
299.0,381.0,17.0,54.0
299.0,381.0,17.0,54.0
298.0,381.0,17.0,53.0
296.0,379.0,17.0,53.0
296.0,379.0,17.0,53.0
294.0,377.0,17.0,53.0
294.0,377.0,17.0,53.0
293.0,377.0,17.0,53.0
292.0,377.0,17.0,53.0
292.0,376.0,17.0,53.0
291.0,375.0,17.0,53.0
292.0,376.0,17.0,53.0
292.0,377.0,17.0,53.0
292.0,377.0,17.0,53.0
292.0,378.0,17.0,53.0
292.0,379.0,17.0,53.0
291.0,379.0,17.0,53.0
291.0,380.0,17.0,53.0
290.0,380.0,17.0,53.0
289.0,381.0,17.0,52.0
288.0,382.0,17.0,52.0
285.0,383.0,17.0,52.0
284.0,383.0,17.0,52.0
283.0,385.0,17.0,52.0
281.0,386.0,17.0,52.0
281.0,385.0,17.0,52.0
280.0,388.0,17.0,53.0
278.0,389.0,16.0,53.0
277.0,387.0,16.0,53.0
276.0,386.0,16.0,54.0
275.0,385.0,16.0,54.0
274.0,383.0,16.0,54.0
273.0,382.0,16.0,54.0
272.0,380.0,17.0,53.0
273.0,380.0,16.0,54.0
272.0,377.0,17.0,54.0
271.0,375.0,17.0,54.0
270.0,374.0,17.0,53.0
269.0,373.0,17.0,53.0
267.0,372.0,17.0,52.0
266.0,372.0,17.0,52.0
267.0,372.0,17.0,53.0
266.0,369.0,17.0,53.0
266.0,370.0,16.0,53.0
266.0,371.0,16.0,53.0
266.0,373.0,16.0,53.0
265.0,374.0,16.0,53.0
263.0,374.0,16.0,54.0
262.0,372.0,16.0,54.0
261.0,370.0,16.0,54.0
260.0,368.0,16.0,54.0
259.0,368.0,16.0,54.0
257.0,369.0,17.0,54.0
253.0,370.0,17.0,53.0
253.0,370.0,16.0,53.0
252.0,368.0,16.0,54.0
252.0,366.0,17.0,53.0
250.0,366.0,17.0,53.0
250.0,367.0,17.0,53.0
250.0,365.0,17.0,53.0
250.0,363.0,17.0,53.0
249.0,362.0,17.0,53.0
249.0,363.0,16.0,54.0
249.0,365.0,17.0,53.0
248.0,364.0,17.0,53.0
247.0,363.0,17.0,54.0
246.0,362.0,17.0,54.0
245.0,363.0,17.0,53.0
244.0,364.0,17.0,53.0
243.0,364.0,17.0,53.0
242.0,364.0,17.0,53.0
241.0,365.0,17.0,53.0
240.0,365.0,17.0,53.0
239.0,363.0,17.0,53.0
240.0,363.0,17.0,52.0
243.0,361.0,17.0,53.0
247.0,359.0,17.0,52.0
248.0,356.0,17.0,52.0
252.0,350.0,17.0,52.0
251.0,348.0,16.0,53.0
251.0,350.0,16.0,53.0
250.0,351.0,16.0,53.0
250.0,349.0,16.0,53.0
252.0,350.0,16.0,53.0
254.0,351.0,16.0,53.0
255.0,352.0,16.0,52.0
257.0,353.0,16.0,51.0
258.0,353.0,16.0,51.0
260.0,353.0,16.0,51.0
261.0,353.0,16.0,50.0
261.0,352.0,16.0,50.0
261.0,353.0,16.0,50.0
261.0,353.0,16.0,50.0
261.0,354.0,16.0,50.0
262.0,353.0,16.0,50.0
262.0,354.0,16.0,49.0
263.0,356.0,16.0,49.0
263.0,354.0,16.0,49.0
263.0,352.0,16.0,49.0
263.0,351.0,16.0,49.0
262.0,351.0,16.0,49.0
263.0,349.0,16.0,49.0
263.0,349.0,16.0,49.0
263.0,349.0,16.0,49.0
262.0,349.0,16.0,49.0
260.0,350.0,16.0,49.0
260.0,350.0,16.0,50.0
260.0,349.0,16.0,50.0
261.0,349.0,16.0,50.0
260.0,350.0,16.0,50.0
259.0,353.0,16.0,50.0
258.0,357.0,16.0,49.0
256.0,357.0,16.0,49.0
252.0,358.0,16.0,49.0
250.0,358.0,16.0,50.0
246.0,359.0,16.0,49.0
244.0,359.0,16.0,49.0
243.0,357.0,16.0,49.0
243.0,358.0,16.0,50.0
243.0,357.0,16.0,50.0
243.0,358.0,16.0,50.0
241.0,359.0,16.0,50.0
239.0,361.0,16.0,49.0
239.0,362.0,16.0,49.0
236.0,362.0,16.0,49.0
236.0,362.0,16.0,49.0
236.0,363.0,16.0,49.0
233.0,362.0,16.0,49.0
233.0,365.0,16.0,49.0
231.0,364.0,16.0,49.0
231.0,362.0,16.0,50.0
229.0,361.0,16.0,50.0
227.0,359.0,16.0,50.0
223.0,355.0,16.0,50.0
224.0,353.0,16.0,50.0
222.0,349.0,16.0,51.0
221.0,347.0,17.0,51.0
220.0,349.0,16.0,51.0
218.0,351.0,17.0,51.0
215.0,349.0,17.0,51.0
217.0,348.0,17.0,52.0
217.0,349.0,16.0,53.0
216.0,350.0,16.0,53.0
214.0,352.0,17.0,54.0
214.0,353.0,17.0,54.0
213.0,353.0,17.0,55.0
211.0,354.0,17.0,55.0
209.0,354.0,18.0,56.0
207.0,355.0,18.0,56.0
204.0,356.0,18.0,56.0
203.0,356.0,18.0,56.0
199.0,354.0,18.0,56.0
197.0,355.0,18.0,57.0
195.0,357.0,19.0,58.0
191.0,359.0,18.0,59.0
191.0,358.0,18.0,60.0
189.0,358.0,19.0,60.0
186.0,360.0,19.0,61.0
185.0,365.0,19.0,62.0
184.0,365.0,19.0,63.0
182.0,365.0,20.0,63.0
178.0,363.0,20.0,64.0
177.0,363.0,20.0,65.0
173.0,366.0,21.0,65.0
173.0,368.0,21.0,65.0
168.0,371.0,21.0,65.0
168.0,371.0,21.0,66.0
168.0,372.0,22.0,67.0
168.0,373.0,22.0,67.0
167.0,375.0,22.0,68.0
162.0,376.0,22.0,69.0
162.0,380.0,22.0,70.0
161.0,387.0,22.0,71.0
156.0,382.0,22.0,72.0
156.0,377.0,23.0,72.0
155.0,383.0,23.0,73.0
149.0,383.0,23.0,74.0
148.0,379.0,23.0,74.0
141.0,376.0,24.0,75.0
140.0,375.0,24.0,75.0
140.0,368.0,24.0,76.0
140.0,362.0,24.0,78.0
146.0,362.0,24.0,78.0
148.0,360.0,24.0,78.0
157.0,356.0,25.0,79.0
165.0,359.0,24.0,80.0
179.0,352.0,25.0,81.0
188.0,349.0,25.0,82.0
197.0,347.0,24.0,83.0
205.0,356.0,25.0,84.0
213.0,359.0,26.0,84.0
220.0,362.0,26.0,85.0
222.0,367.0,26.0,85.0
229.0,369.0,27.0,86.0
229.0,356.0,28.0,85.0
229.0,358.0,28.0,84.0
230.0,364.0,28.0,83.0
231.0,369.0,28.0,84.0
232.0,371.0,29.0,83.0
233.0,374.0,29.0,83.0
240.0,372.0,29.0,83.0
247.0,377.0,28.0,84.0
254.0,373.0,28.0,85.0
262.0,376.0,28.0,85.0
268.0,380.0,28.0,85.0
268.0,381.0,28.0,85.0
267.0,366.0,27.0,86.0
259.0,357.0,27.0,86.0
258.0,349.0,27.0,87.0
257.0,341.0,27.0,87.0
263.0,327.0,27.0,87.0
262.0,324.0,27.0,87.0
261.0,323.0,26.0,88.0
266.0,310.0,26.0,88.0
265.0,309.0,26.0,88.0
271.0,314.0,26.0,88.0
270.0,316.0,27.0,88.0
276.0,322.0,27.0,88.0
276.0,339.0,27.0,88.0
278.0,342.0,26.0,90.0
280.0,346.0,26.0,91.0
281.0,336.0,26.0,92.0
289.0,317.0,28.0,89.0
289.0,319.0,29.0,89.0
290.0,313.0,28.0,90.0
289.0,315.0,28.0,90.0
282.0,309.0,28.0,91.0
276.0,310.0,28.0,91.0
275.0,306.0,28.0,91.0
268.0,306.0,29.0,90.0
266.0,292.0,29.0,90.0
259.0,293.0,29.0,90.0
260.0,299.0,29.0,90.0
260.0,303.0,31.0,89.0
275.0,306.0,31.0,88.0
276.0,301.0,32.0,87.0
285.0,290.0,32.0,87.0
291.0,286.0,33.0,87.0
292.0,281.0,33.0,87.0
301.0,275.0,34.0,86.0
307.0,269.0,34.0,87.0
306.0,272.0,34.0,87.0
306.0,283.0,34.0,87.0
306.0,280.0,34.0,87.0
314.0,288.0,34.0,89.0
320.0,290.0,34.0,89.0
319.0,292.0,34.0,89.0
317.0,289.0,35.0,89.0
317.0,289.0,35.0,88.0
316.0,284.0,35.0,88.0
309.0,287.0,35.0,89.0
302.0,288.0,35.0,90.0
300.0,290.0,35.0,90.0
292.0,290.0,35.0,90.0
292.0,285.0,35.0,91.0
285.0,278.0,35.0,92.0
285.0,275.0,35.0,92.0
277.0,279.0,35.0,92.0
270.0,284.0,35.0,92.0
269.0,280.0,34.0,92.0
268.0,285.0,34.0,92.0
262.0,288.0,33.0,93.0
263.0,287.0,33.0,94.0
265.0,289.0,33.0,94.0
265.0,291.0,32.0,95.0
259.0,287.0,32.0,95.0
259.0,282.0,32.0,95.0
253.0,277.0,32.0,95.0
247.0,273.0,32.0,95.0
256.0,275.0,33.0,95.0
263.0,280.0,33.0,95.0
272.0,284.0,33.0,95.0
278.0,290.0,33.0,96.0
285.0,294.0,33.0,96.0
287.0,305.0,33.0,96.0
295.0,318.0,33.0,96.0
303.0,329.0,34.0,96.0
304.0,341.0,33.0,96.0
305.0,343.0,33.0,96.0
307.0,349.0,33.0,97.0
309.0,355.0,33.0,97.0
311.0,360.0,33.0,97.0
318.0,364.0,34.0,97.0
317.0,368.0,33.0,97.0
318.0,364.0,33.0,98.0
319.0,370.0,33.0,97.0
320.0,376.0,33.0,98.0
319.0,381.0,34.0,97.0
313.0,384.0,34.0,97.0
307.0,389.0,34.0,97.0
307.0,393.0,35.0,97.0
306.0,398.0,34.0,97.0
304.0,410.0,34.0,97.0
296.0,413.0,34.0,97.0
296.0,422.0,33.0,99.0
296.0,421.0,33.0,101.0
295.0,420.0,33.0,102.0
286.0,410.0,33.0,104.0
286.0,407.0,33.0,105.0
284.0,397.0,34.0,106.0
278.0,398.0,34.0,106.0
280.0,392.0,34.0,108.0
283.0,385.0,34.0,108.0
285.0,382.0,34.0,108.0
288.0,378.0,34.0,110.0
290.0,374.0,34.0,111.0
291.0,371.0,35.0,112.0
292.0,376.0,35.0,113.0
292.0,376.0,35.0,115.0
291.0,376.0,36.0,117.0
289.0,383.0,37.0,117.0
289.0,380.0,37.0,118.0
289.0,384.0,37.0,119.0
288.0,384.0,37.0,120.0
286.0,379.0,38.0,120.0
284.0,368.0,37.0,120.0
265.0,415.0,40.0,118.0
266.0,424.0,40.0,118.0
268.0,422.0,39.0,119.0
268.0,420.0,39.0,120.0
271.0,426.0,39.0,121.0
281.0,435.0,40.0,120.0
292.0,433.0,40.0,121.0
304.0,431.0,40.0,120.0
316.0,429.0,40.0,120.0
328.0,428.0,40.0,120.0
348.0,426.0,40.0,120.0
360.0,433.0,41.0,119.0
380.0,440.0,41.0,119.0
393.0,446.0,41.0,118.0
413.0,451.0,42.0,117.0
435.0,446.0,41.0,117.0
397.0,398.0,39.0,122.0
406.0,390.0,38.0,123.0
411.0,375.0,37.0,126.0
425.0,367.0,37.0,127.0
439.0,359.0,37.0,127.0
448.0,343.0,36.0,128.0
448.0,346.0,36.0,129.0
448.0,349.0,36.0,129.0
448.0,351.0,36.0,129.0
448.0,354.0,36.0,129.0
448.0,358.0,36.0,129.0
447.0,363.0,35.0,129.0
448.0,357.0,35.0,129.0
449.0,361.0,35.0,130.0
444.0,364.0,35.0,131.0
433.0,369.0,38.0,129.0
414.0,374.0,39.0,129.0
400.0,378.0,41.0,127.0
386.0,375.0,41.0,128.0
372.0,378.0,42.0,128.0
360.0,380.0,42.0,128.0
353.0,376.0,42.0,129.0
341.0,379.0,42.0,129.0
335.0,387.0,43.0,129.0
331.0,385.0,44.0,129.0
326.0,385.0,44.0,129.0
317.0,383.0,43.0,130.0
313.0,383.0,43.0,130.0
310.0,379.0,43.0,131.0
299.0,381.0,43.0,132.0
294.0,382.0,44.0,131.0
288.0,384.0,44.0,131.0
286.0,389.0,44.0,132.0
283.0,390.0,44.0,132.0
283.0,389.0,44.0,133.0
283.0,393.0,43.0,135.0
283.0,393.0,43.0,136.0
285.0,394.0,43.0,137.0
285.0,395.0,43.0,137.0
287.0,394.0,43.0,137.0
287.0,395.0,43.0,138.0
289.0,397.0,44.0,138.0
291.0,392.0,44.0,138.0
292.0,386.0,44.0,139.0
292.0,383.0,45.0,138.0
291.0,379.0,45.0,139.0
290.0,377.0,45.0,139.0
289.0,375.0,45.0,140.0
288.0,373.0,45.0,140.0
286.0,367.0,45.0,140.0
285.0,366.0,45.0,140.0
283.0,369.0,46.0,140.0
281.0,367.0,47.0,138.0
280.0,361.0,47.0,139.0
278.0,363.0,48.0,139.0
276.0,371.0,48.0,139.0
275.0,376.0,48.0,140.0
274.0,380.0,48.0,139.0
271.0,383.0,48.0,140.0
270.0,384.0,48.0,140.0
268.0,385.0,48.0,140.0
266.0,378.0,47.0,141.0
265.0,367.0,47.0,141.0
266.0,362.0,47.0,142.0
265.0,361.0,47.0,142.0
263.0,360.0,47.0,143.0
255.0,360.0,47.0,144.0
253.0,362.0,47.0,144.0
250.0,362.0,47.0,145.0
240.0,356.0,47.0,144.0
238.0,364.0,46.0,145.0
237.0,366.0,46.0,146.0
234.0,358.0,46.0,148.0
232.0,352.0,46.0,150.0
232.0,344.0,47.0,152.0
236.0,331.0,47.0,153.0
249.0,312.0,48.0,154.0
255.0,303.0,47.0,155.0
261.0,291.0,47.0,154.0
279.0,273.0,48.0,154.0
292.0,263.0,48.0,154.0
298.0,259.0,48.0,154.0
302.0,266.0,48.0,154.0
306.0,264.0,49.0,153.0
307.0,272.0,49.0,151.0
308.0,276.0,49.0,150.0
307.0,280.0,49.0,151.0
306.0,285.0,49.0,151.0
304.0,298.0,49.0,150.0
303.0,304.0,50.0,148.0
303.0,303.0,50.0,148.0
303.0,300.0,50.0,149.0
305.0,303.0,50.0,148.0
308.0,298.0,49.0,149.0
309.0,292.0,50.0,149.0
309.0,292.0,50.0,148.0
312.0,295.0,50.0,147.0
312.0,294.0,51.0,146.0
316.0,298.0,50.0,145.0
320.0,301.0,50.0,145.0
331.0,299.0,50.0,145.0
344.0,298.0,50.0,145.0
354.0,290.0,50.0,145.0
360.0,290.0,50.0,145.0
366.0,291.0,49.0,144.0
371.0,291.0,49.0,144.0
378.0,291.0,49.0,143.0
383.0,290.0,50.0,142.0
387.0,296.0,50.0,141.0
388.0,303.0,50.0,142.0
381.0,305.0,51.0,142.0
376.0,310.0,50.0,143.0
377.0,311.0,49.0,145.0
381.0,312.0,49.0,144.0
386.0,319.0,49.0,144.0
398.0,323.0,48.0,144.0
402.0,322.0,48.0,144.0
405.0,329.0,48.0,143.0
410.0,336.0,47.0,143.0
415.0,336.0,47.0,144.0
417.0,332.0,48.0,143.0
415.0,330.0,48.0,143.0
408.0,329.0,49.0,143.0
383.0,332.0,49.0,143.0
366.0,334.0,51.0,141.0
351.0,340.0,51.0,141.0
325.0,331.0,51.0,141.0
313.0,329.0,50.0,142.0
300.0,333.0,50.0,141.0
285.0,343.0,51.0,140.0
273.0,346.0,50.0,142.0
271.0,351.0,50.0,142.0
261.0,357.0,50.0,142.0
262.0,362.0,50.0,142.0
253.0,366.0,49.0,142.0
255.0,371.0,49.0,142.0
259.0,373.0,50.0,141.0
261.0,369.0,50.0,141.0
273.0,366.0,50.0,142.0
275.0,355.0,50.0,142.0
265.0,341.0,50.0,142.0
255.0,334.0,50.0,143.0
239.0,327.0,50.0,143.0
217.0,331.0,50.0,144.0
218.0,329.0,50.0,144.0
218.0,320.0,50.0,144.0
220.0,320.0,51.0,142.0
232.0,318.0,52.0,141.0
232.0,314.0,52.0,141.0
246.0,302.0,51.0,143.0
258.0,280.0,50.0,145.0
272.0,268.0,49.0,145.0
282.0,260.0,49.0,145.0
293.0,260.0,49.0,145.0
305.0,262.0,49.0,145.0
309.0,261.0,49.0,143.0
320.0,263.0,50.0,142.0
330.0,266.0,49.0,142.0
328.0,270.0,49.0,141.0
326.0,282.0,48.0,142.0
327.0,286.0,48.0,142.0
320.0,290.0,47.0,143.0
320.0,293.0,48.0,141.0
321.0,284.0,47.0,141.0
324.0,294.0,46.0,143.0
338.0,278.0,44.0,144.0
350.0,273.0,44.0,145.0
363.0,278.0,43.0,147.0
376.0,275.0,43.0,146.0
388.0,279.0,42.0,149.0
399.0,283.0,42.0,148.0
404.0,285.0,42.0,149.0
419.0,281.0,43.0,147.0
434.0,280.0,43.0,147.0
437.0,282.0,43.0,148.0
438.0,281.0,42.0,149.0
437.0,283.0,43.0,149.0
434.0,273.0,45.0,147.0
433.0,276.0,46.0,144.0
432.0,282.0,48.0,142.0
434.0,288.0,47.0,142.0
435.0,295.0,47.0,141.0
433.0,300.0,48.0,139.0
432.0,310.0,48.0,140.0
430.0,311.0,48.0,140.0
418.0,317.0,49.0,139.0
406.0,317.0,49.0,138.0
392.0,322.0,49.0,138.0
378.0,325.0,49.0,138.0
366.0,328.0,48.0,138.0
352.0,330.0,49.0,137.0
340.0,331.0,48.0,138.0
336.0,330.0,47.0,138.0
332.0,330.0,47.0,138.0
327.0,334.0,47.0,138.0
323.0,339.0,47.0,138.0
317.0,344.0,47.0,137.0
313.0,348.0,47.0,136.0
311.0,342.0,47.0,136.0
310.0,337.0,47.0,136.0
308.0,333.0,46.0,136.0
310.0,330.0,45.0,137.0
310.0,327.0,45.0,137.0
313.0,322.0,45.0,138.0
312.0,320.0,45.0,138.0
303.0,315.0,45.0,138.0
300.0,325.0,45.0,138.0
295.0,319.0,45.0,138.0
284.0,318.0,46.0,137.0
278.0,318.0,46.0,137.0
264.0,321.0,45.0,138.0
252.0,328.0,46.0,136.0
246.0,325.0,46.0,137.0
232.0,320.0,46.0,138.0
220.0,321.0,46.0,137.0
209.0,324.0,45.0,138.0
194.0,316.0,45.0,139.0
188.0,314.0,45.0,139.0
177.0,313.0,46.0,139.0
166.0,317.0,46.0,138.0
160.0,316.0,47.0,137.0
149.0,317.0,47.0,136.0
140.0,319.0,48.0,134.0
132.0,319.0,48.0,134.0
131.0,319.0,48.0,135.0
119.0,319.0,48.0,135.0
110.0,315.0,48.0,135.0
109.0,314.0,49.0,135.0
107.0,311.0,49.0,135.0
105.0,312.0,49.0,135.0
104.0,312.0,49.0,135.0
103.0,316.0,49.0,134.0
102.0,315.0,48.0,135.0
104.0,316.0,47.0,134.0
105.0,318.0,48.0,133.0
115.0,321.0,48.0,133.0
118.0,322.0,47.0,134.0
128.0,324.0,47.0,134.0
136.0,325.0,47.0,134.0
143.0,325.0,47.0,135.0
146.0,324.0,46.0,136.0
151.0,321.0,45.0,137.0
155.0,323.0,45.0,138.0
159.0,316.0,45.0,137.0
164.0,316.0,44.0,138.0
165.0,316.0,44.0,138.0
167.0,314.0,44.0,138.0
168.0,310.0,45.0,139.0
170.0,304.0,45.0,138.0
171.0,302.0,45.0,140.0
174.0,301.0,45.0,140.0
178.0,300.0,45.0,140.0
181.0,304.0,45.0,140.0
182.0,312.0,45.0,140.0
182.0,310.0,45.0,140.0
184.0,310.0,45.0,139.0
186.0,314.0,46.0,139.0
188.0,312.0,45.0,139.0
190.0,310.0,45.0,139.0
195.0,312.0,44.0,140.0
199.0,315.0,45.0,139.0
202.0,316.0,45.0,139.0
205.0,316.0,44.0,139.0
208.0,314.0,44.0,139.0
211.0,317.0,43.0,140.0
212.0,327.0,44.0,140.0
214.0,327.0,44.0,139.0
217.0,326.0,44.0,140.0
219.0,327.0,44.0,141.0
218.0,331.0,46.0,139.0
216.0,333.0,46.0,139.0
217.0,330.0,46.0,139.0
218.0,334.0,45.0,140.0
219.0,338.0,46.0,140.0
221.0,335.0,46.0,140.0
221.0,327.0,46.0,139.0
224.0,327.0,46.0,139.0
227.0,327.0,45.0,140.0
231.0,317.0,45.0,140.0
239.0,317.0,45.0,140.0
239.0,309.0,45.0,141.0
246.0,313.0,45.0,141.0
245.0,316.0,44.0,144.0
248.0,314.0,43.0,146.0
250.0,311.0,43.0,147.0
249.0,310.0,44.0,146.0
249.0,314.0,44.0,147.0
248.0,317.0,45.0,148.0
246.0,314.0,46.0,147.0
246.0,311.0,46.0,147.0
244.0,311.0,47.0,147.0
241.0,308.0,47.0,147.0
240.0,304.0,47.0,147.0
237.0,306.0,47.0,147.0
235.0,308.0,48.0,146.0
234.0,304.0,48.0,147.0
235.0,301.0,48.0,148.0
238.0,294.0,47.0,148.0
249.0,298.0,47.0,149.0
253.0,301.0,46.0,150.0
257.0,306.0,46.0,150.0
268.0,310.0,47.0,149.0
280.0,308.0,48.0,149.0
285.0,306.0,47.0,149.0
297.0,305.0,48.0,148.0
309.0,303.0,49.0,147.0
312.0,301.0,48.0,148.0
322.0,295.0,50.0,146.0
324.0,300.0,48.0,148.0
325.0,302.0,49.0,148.0
325.0,301.0,49.0,147.0
325.0,299.0,49.0,146.0
325.0,294.0,50.0,146.0
323.0,297.0,50.0,146.0
321.0,296.0,49.0,147.0
318.0,290.0,49.0,149.0
308.0,282.0,48.0,151.0
304.0,287.0,49.0,151.0
300.0,280.0,49.0,151.0
287.0,270.0,51.0,149.0
276.0,275.0,51.0,149.0
274.0,279.0,52.0,147.0
272.0,273.0,52.0,148.0
269.0,269.0,52.0,148.0
267.0,272.0,53.0,147.0
266.0,275.0,52.0,147.0
265.0,278.0,52.0,148.0
264.0,285.0,52.0,148.0
266.0,286.0,52.0,148.0
269.0,284.0,52.0,148.0
269.0,293.0,52.0,147.0
269.0,297.0,53.0,147.0
268.0,304.0,53.0,148.0
267.0,311.0,53.0,147.0
265.0,320.0,56.0,144.0
254.0,316.0,55.0,145.0
254.0,324.0,54.0,145.0
255.0,319.0,53.0,145.0
255.0,315.0,53.0,144.0
255.0,308.0,52.0,146.0
254.0,302.0,52.0,146.0
254.0,296.0,52.0,145.0
256.0,298.0,52.0,146.0
258.0,290.0,51.0,146.0
259.0,282.0,51.0,148.0
260.0,276.0,50.0,148.0
262.0,281.0,51.0,148.0
263.0,282.0,51.0,147.0
266.0,277.0,51.0,148.0
268.0,279.0,50.0,150.0
270.0,278.0,50.0,150.0
269.0,279.0,49.0,150.0
268.0,279.0,50.0,149.0
269.0,273.0,50.0,148.0
270.0,262.0,50.0,148.0
272.0,264.0,51.0,147.0
275.0,270.0,51.0,145.0
277.0,272.0,50.0,145.0
278.0,261.0,49.0,145.0
281.0,249.0,48.0,146.0
283.0,251.0,47.0,146.0
286.0,254.0,45.0,148.0
287.0,263.0,46.0,145.0
289.0,276.0,47.0,144.0
301.0,274.0,46.0,145.0
301.0,266.0,46.0,145.0
278.0,266.0,46.0,144.0
266.0,277.0,46.0,144.0
253.0,280.0,46.0,144.0
242.0,284.0,46.0,144.0
231.0,285.0,46.0,145.0
218.0,286.0,46.0,145.0
204.0,280.0,47.0,144.0
202.0,289.0,48.0,144.0
181.0,287.0,48.0,144.0
172.0,285.0,48.0,144.0
162.0,283.0,49.0,144.0
161.0,284.0,49.0,144.0
150.0,279.0,49.0,144.0
151.0,275.0,49.0,144.0
153.0,272.0,50.0,141.0
155.0,272.0,51.0,140.0
156.0,264.0,50.0,141.0
156.0,262.0,49.0,142.0
157.0,262.0,50.0,142.0
159.0,264.0,50.0,142.0
159.0,258.0,51.0,139.0
162.0,258.0,49.0,142.0
162.0,252.0,50.0,142.0
163.0,247.0,48.0,143.0
164.0,254.0,50.0,141.0
166.0,260.0,50.0,142.0
166.0,259.0,49.0,143.0
166.0,265.0,50.0,143.0
166.0,263.0,49.0,143.0
166.0,262.0,48.0,144.0
166.0,261.0,48.0,144.0
158.0,267.0,47.0,144.0
158.0,264.0,46.0,145.0
160.0,272.0,47.0,144.0
160.0,278.0,47.0,143.0
162.0,279.0,46.0,144.0
161.0,289.0,45.0,146.0
159.0,298.0,45.0,145.0
159.0,298.0,45.0,146.0
160.0,298.0,45.0,145.0
163.0,300.0,45.0,144.0
166.0,300.0,45.0,143.0
167.0,300.0,45.0,143.0
169.0,298.0,46.0,142.0
171.0,297.0,46.0,142.0
174.0,292.0,46.0,141.0
179.0,289.0,46.0,142.0
183.0,288.0,45.0,142.0
193.0,286.0,45.0,143.0
193.0,279.0,45.0,143.0
197.0,287.0,45.0,144.0
200.0,283.0,44.0,145.0
202.0,279.0,44.0,145.0
203.0,275.0,44.0,146.0
205.0,270.0,44.0,146.0
208.0,266.0,45.0,146.0
