264.0,311.0,37.0,69.0
266.0,309.0,35.0,70.0
269.0,307.0,34.0,71.0
270.0,304.0,32.0,73.0
271.0,300.0,32.0,74.0
271.0,297.0,31.0,74.0
273.0,296.0,31.0,75.0
274.0,293.0,30.0,75.0
274.0,294.0,30.0,75.0
275.0,293.0,30.0,76.0
270.0,293.0,30.0,76.0
269.0,293.0,30.0,76.0
268.0,291.0,30.0,77.0
267.0,289.0,31.0,76.0
267.0,288.0,31.0,76.0
267.0,291.0,31.0,76.0
265.0,290.0,32.0,76.0
260.0,287.0,31.0,76.0
257.0,287.0,31.0,76.0
257.0,287.0,31.0,76.0
256.0,286.0,32.0,75.0
255.0,285.0,31.0,76.0
250.0,283.0,31.0,77.0
251.0,279.0,30.0,78.0
251.0,278.0,31.0,77.0
249.0,279.0,31.0,77.0
248.0,278.0,30.0,78.0
247.0,278.0,31.0,78.0
245.0,278.0,31.0,78.0
238.0,287.0,32.0,77.0
240.0,291.0,31.0,77.0
241.0,290.0,31.0,77.0
244.0,284.0,31.0,76.0
242.0,277.0,32.0,76.0
237.0,275.0,31.0,77.0
236.0,274.0,30.0,78.0
235.0,274.0,30.0,78.0
234.0,273.0,30.0,78.0
233.0,274.0,31.0,78.0
233.0,272.0,31.0,78.0
233.0,272.0,30.0,79.0
232.0,274.0,30.0,80.0
225.0,274.0,30.0,80.0
224.0,273.0,30.0,80.0
224.0,275.0,32.0,79.0
223.0,276.0,31.0,80.0
224.0,278.0,32.0,80.0
225.0,280.0,32.0,80.0
226.0,282.0,32.0,80.0
227.0,277.0,32.0,80.0
228.0,275.0,32.0,80.0
230.0,278.0,32.0,79.0
231.0,281.0,32.0,80.0
232.0,284.0,32.0,81.0
234.0,281.0,32.0,80.0
235.0,288.0,32.0,80.0
237.0,289.0,33.0,79.0
239.0,289.0,33.0,78.0
240.0,288.0,32.0,79.0
240.0,290.0,33.0,78.0
241.0,290.0,33.0,78.0
243.0,289.0,33.0,77.0
243.0,288.0,33.0,77.0
244.0,286.0,33.0,77.0
236.0,272.0,33.0,77.0
234.0,272.0,32.0,77.0
233.0,271.0,32.0,77.0
232.0,273.0,32.0,77.0
232.0,272.0,33.0,77.0
232.0,271.0,33.0,77.0
232.0,271.0,32.0,77.0
232.0,268.0,32.0,78.0
231.0,267.0,32.0,77.0
230.0,267.0,32.0,77.0
229.0,265.0,32.0,77.0
228.0,266.0,32.0,77.0
228.0,267.0,32.0,77.0
228.0,265.0,32.0,78.0
228.0,266.0,32.0,77.0
223.0,268.0,32.0,77.0
224.0,267.0,31.0,78.0
224.0,269.0,32.0,77.0
217.0,272.0,32.0,77.0
217.0,274.0,31.0,77.0
218.0,277.0,30.0,77.0
220.0,280.0,31.0,77.0
221.0,282.0,30.0,78.0
223.0,284.0,30.0,79.0
223.0,279.0,30.0,79.0
226.0,279.0,30.0,80.0
229.0,279.0,30.0,79.0
230.0,277.0,31.0,79.0
229.0,276.0,31.0,79.0
226.0,273.0,31.0,78.0
226.0,274.0,32.0,77.0
227.0,274.0,32.0,77.0
229.0,277.0,33.0,76.0
231.0,278.0,33.0,76.0
233.0,277.0,33.0,75.0
233.0,278.0,33.0,75.0
235.0,280.0,33.0,75.0
237.0,280.0,32.0,75.0
239.0,281.0,33.0,74.0
240.0,281.0,32.0,74.0
240.0,281.0,32.0,75.0
240.0,281.0,32.0,75.0
241.0,283.0,31.0,76.0
241.0,283.0,32.0,75.0
240.0,285.0,32.0,73.0
241.0,287.0,33.0,72.0
243.0,289.0,33.0,71.0
245.0,288.0,32.0,72.0
245.0,290.0,32.0,71.0
246.0,292.0,32.0,70.0
246.0,295.0,32.0,70.0
252.0,297.0,31.0,70.0
252.0,292.0,30.0,71.0
257.0,294.0,30.0,71.0
256.0,294.0,30.0,72.0
255.0,293.0,30.0,72.0
255.0,287.0,29.0,73.0
254.0,281.0,29.0,73.0
254.0,282.0,29.0,73.0
250.0,283.0,30.0,73.0
251.0,286.0,30.0,73.0
252.0,283.0,30.0,72.0
252.0,285.0,30.0,72.0
253.0,284.0,30.0,73.0
253.0,283.0,30.0,73.0
254.0,286.0,29.0,74.0
255.0,286.0,29.0,74.0
256.0,286.0,29.0,74.0
257.0,286.0,30.0,73.0
258.0,287.0,30.0,73.0
258.0,288.0,30.0,73.0
259.0,289.0,30.0,73.0
259.0,290.0,29.0,74.0
259.0,291.0,30.0,74.0
260.0,291.0,30.0,74.0
261.0,291.0,29.0,74.0
261.0,291.0,29.0,75.0
261.0,291.0,29.0,75.0
259.0,289.0,29.0,75.0
259.0,294.0,29.0,75.0
259.0,293.0,30.0,74.0
258.0,293.0,30.0,73.0
257.0,292.0,31.0,73.0
257.0,292.0,31.0,73.0
256.0,291.0,31.0,72.0
255.0,290.0,31.0,72.0
254.0,293.0,31.0,72.0
254.0,294.0,32.0,71.0
254.0,292.0,31.0,72.0
254.0,292.0,30.0,73.0
255.0,292.0,30.0,73.0
255.0,291.0,29.0,73.0
255.0,291.0,29.0,74.0
252.0,292.0,29.0,74.0
254.0,292.0,29.0,74.0
256.0,292.0,29.0,74.0
257.0,292.0,28.0,74.0
258.0,292.0,29.0,73.0
259.0,290.0,29.0,72.0
258.0,293.0,30.0,71.0
260.0,291.0,29.0,72.0
260.0,291.0,30.0,71.0
260.0,293.0,29.0,72.0
262.0,292.0,29.0,72.0
263.0,291.0,29.0,72.0
265.0,292.0,28.0,73.0
266.0,294.0,29.0,73.0
269.0,291.0,29.0,73.0
268.0,290.0,28.0,74.0
268.0,288.0,29.0,74.0
269.0,289.0,28.0,75.0
269.0,290.0,28.0,76.0
269.0,290.0,28.0,76.0
269.0,291.0,28.0,76.0
270.0,292.0,29.0,74.0
271.0,293.0,29.0,73.0
271.0,294.0,29.0,73.0
272.0,294.0,29.0,73.0
273.0,297.0,29.0,73.0
274.0,297.0,30.0,72.0
274.0,297.0,29.0,73.0
274.0,297.0,29.0,74.0
274.0,297.0,29.0,74.0
274.0,298.0,29.0,74.0
274.0,298.0,29.0,74.0
273.0,298.0,28.0,75.0
273.0,297.0,28.0,76.0
273.0,296.0,28.0,76.0
273.0,296.0,29.0,76.0
273.0,296.0,28.0,76.0
273.0,297.0,29.0,76.0
273.0,296.0,29.0,76.0
273.0,297.0,29.0,76.0
272.0,297.0,29.0,76.0
272.0,297.0,29.0,76.0
272.0,297.0,30.0,76.0
272.0,296.0,29.0,77.0
272.0,295.0,29.0,78.0
271.0,298.0,28.0,78.0
270.0,299.0,29.0,78.0
266.0,297.0,29.0,79.0
268.0,297.0,29.0,79.0
270.0,298.0,29.0,78.0
271.0,299.0,29.0,78.0
271.0,302.0,29.0,78.0
271.0,300.0,29.0,79.0
271.0,302.0,30.0,78.0
272.0,303.0,30.0,78.0
272.0,303.0,30.0,77.0
271.0,302.0,31.0,77.0
271.0,301.0,30.0,77.0
271.0,302.0,30.0,78.0
272.0,301.0,30.0,78.0
273.0,300.0,30.0,79.0
271.0,300.0,30.0,79.0
273.0,300.0,30.0,79.0
274.0,300.0,29.0,80.0
275.0,302.0,29.0,80.0
276.0,304.0,29.0,80.0
277.0,301.0,29.0,81.0
278.0,302.0,29.0,80.0
278.0,303.0,30.0,79.0
279.0,303.0,30.0,79.0
280.0,302.0,30.0,79.0
279.0,302.0,31.0,78.0
278.0,302.0,31.0,78.0
276.0,304.0,32.0,77.0
276.0,302.0,32.0,77.0
276.0,303.0,32.0,77.0
275.0,302.0,32.0,77.0
275.0,299.0,31.0,78.0
274.0,298.0,31.0,79.0
273.0,296.0,31.0,79.0
271.0,296.0,31.0,79.0
269.0,295.0,31.0,79.0
264.0,296.0,31.0,79.0
266.0,296.0,31.0,78.0
268.0,293.0,31.0,79.0
267.0,293.0,31.0,78.0
267.0,290.0,31.0,78.0
269.0,286.0,31.0,77.0
269.0,284.0,31.0,77.0
268.0,286.0,32.0,77.0
269.0,289.0,32.0,76.0
270.0,290.0,32.0,77.0
265.0,285.0,32.0,77.0
261.0,281.0,32.0,76.0
256.0,278.0,31.0,77.0
254.0,278.0,32.0,76.0
252.0,277.0,32.0,77.0
251.0,282.0,32.0,77.0
252.0,281.0,32.0,78.0
252.0,279.0,32.0,78.0
251.0,280.0,32.0,77.0
248.0,280.0,32.0,77.0
247.0,280.0,32.0,77.0
247.0,282.0,33.0,76.0
245.0,282.0,33.0,76.0
244.0,282.0,33.0,76.0
243.0,283.0,34.0,75.0
247.0,284.0,34.0,76.0
245.0,284.0,34.0,76.0
245.0,284.0,33.0,76.0
249.0,284.0,33.0,76.0
248.0,287.0,33.0,77.0
246.0,284.0,33.0,77.0
244.0,286.0,32.0,77.0
242.0,286.0,32.0,77.0
241.0,285.0,32.0,77.0
240.0,283.0,32.0,77.0
239.0,283.0,32.0,77.0
239.0,285.0,32.0,77.0
239.0,285.0,31.0,77.0
238.0,285.0,32.0,76.0
237.0,286.0,32.0,76.0
236.0,289.0,32.0,76.0
236.0,289.0,32.0,76.0
235.0,287.0,32.0,76.0
234.0,287.0,32.0,76.0
234.0,286.0,32.0,76.0
235.0,288.0,31.0,76.0
235.0,285.0,31.0,77.0
234.0,286.0,31.0,77.0
234.0,281.0,31.0,78.0
233.0,277.0,30.0,78.0
233.0,276.0,31.0,78.0
233.0,273.0,31.0,78.0
232.0,273.0,31.0,78.0
233.0,270.0,31.0,79.0
234.0,270.0,31.0,78.0
238.0,269.0,31.0,78.0
237.0,267.0,31.0,78.0
237.0,269.0,31.0,78.0
238.0,269.0,31.0,78.0
239.0,271.0,31.0,77.0
241.0,272.0,32.0,77.0
243.0,272.0,31.0,76.0
245.0,274.0,31.0,77.0
247.0,270.0,31.0,77.0
249.0,270.0,30.0,76.0
252.0,272.0,30.0,76.0
255.0,272.0,30.0,76.0
258.0,272.0,30.0,75.0
261.0,272.0,30.0,75.0
265.0,273.0,30.0,74.0
271.0,275.0,30.0,73.0
275.0,275.0,30.0,73.0
278.0,276.0,30.0,72.0
281.0,277.0,29.0,72.0
287.0,276.0,29.0,72.0
288.0,277.0,29.0,72.0
287.0,277.0,29.0,72.0
287.0,277.0,29.0,72.0
287.0,276.0,29.0,73.0
287.0,276.0,29.0,73.0
288.0,275.0,28.0,73.0
288.0,274.0,28.0,73.0
290.0,275.0,28.0,73.0
291.0,273.0,28.0,73.0
293.0,273.0,28.0,73.0
294.0,273.0,28.0,73.0
294.0,273.0,28.0,73.0
293.0,274.0,28.0,72.0
292.0,274.0,28.0,72.0
291.0,273.0,29.0,71.0
292.0,275.0,28.0,71.0
292.0,272.0,29.0,71.0
292.0,270.0,29.0,71.0
290.0,271.0,29.0,71.0
288.0,271.0,28.0,71.0
287.0,267.0,28.0,72.0
281.0,264.0,28.0,72.0
280.0,271.0,28.0,72.0
278.0,278.0,29.0,71.0
280.0,285.0,28.0,71.0
283.0,285.0,28.0,71.0
290.0,284.0,28.0,71.0
290.0,287.0,28.0,71.0
287.0,290.0,28.0,71.0
285.0,293.0,29.0,70.0
280.0,287.0,29.0,70.0
279.0,280.0,29.0,70.0
279.0,278.0,29.0,70.0
273.0,281.0,29.0,70.0
271.0,282.0,29.0,70.0
269.0,282.0,29.0,70.0
263.0,282.0,28.0,70.0
262.0,285.0,28.0,72.0
258.0,286.0,28.0,72.0
259.0,286.0,28.0,72.0
259.0,289.0,28.0,71.0
259.0,292.0,28.0,71.0
258.0,294.0,28.0,72.0
257.0,294.0,28.0,71.0
257.0,295.0,29.0,71.0
258.0,295.0,29.0,71.0
259.0,295.0,28.0,71.0
258.0,298.0,28.0,71.0
257.0,297.0,28.0,71.0
253.0,297.0,28.0,70.0
254.0,297.0,27.0,70.0
250.0,295.0,28.0,70.0
250.0,296.0,28.0,69.0
245.0,297.0,28.0,69.0
239.0,296.0,28.0,69.0
237.0,297.0,27.0,70.0
231.0,296.0,27.0,69.0
224.0,293.0,27.0,70.0
222.0,296.0,27.0,70.0
220.0,298.0,27.0,70.0
214.0,301.0,27.0,70.0
214.0,306.0,27.0,69.0
214.0,312.0,28.0,69.0
214.0,313.0,28.0,69.0
213.0,317.0,27.0,69.0
213.0,318.0,28.0,69.0
211.0,319.0,28.0,69.0
210.0,320.0,28.0,68.0
208.0,321.0,28.0,68.0
203.0,320.0,28.0,68.0
202.0,322.0,28.0,68.0
197.0,323.0,28.0,68.0
196.0,325.0,28.0,68.0
195.0,331.0,28.0,67.0
192.0,333.0,28.0,67.0
191.0,333.0,28.0,68.0
188.0,331.0,26.0,69.0
189.0,331.0,27.0,69.0
188.0,337.0,26.0,70.0
186.0,337.0,26.0,70.0
184.0,337.0,26.0,71.0
183.0,340.0,26.0,71.0
181.0,341.0,26.0,71.0
179.0,343.0,26.0,71.0
178.0,344.0,26.0,71.0
173.0,347.0,26.0,71.0
172.0,349.0,27.0,71.0
172.0,350.0,26.0,71.0
172.0,349.0,27.0,71.0
172.0,349.0,26.0,71.0
173.0,349.0,26.0,71.0
174.0,351.0,26.0,71.0
175.0,350.0,26.0,71.0
175.0,349.0,25.0,72.0
177.0,346.0,25.0,72.0
179.0,345.0,24.0,72.0
179.0,345.0,24.0,72.0
180.0,345.0,24.0,73.0
182.0,343.0,24.0,72.0
185.0,340.0,24.0,71.0
188.0,337.0,24.0,71.0
192.0,336.0,25.0,69.0
195.0,333.0,24.0,69.0
203.0,332.0,24.0,69.0
207.0,329.0,24.0,69.0
210.0,328.0,24.0,68.0
212.0,327.0,25.0,67.0
213.0,328.0,25.0,67.0
215.0,327.0,25.0,67.0
216.0,329.0,25.0,67.0
217.0,330.0,24.0,67.0
218.0,330.0,24.0,68.0
217.0,332.0,24.0,67.0
218.0,332.0,24.0,68.0
218.0,332.0,24.0,68.0
219.0,332.0,25.0,67.0
219.0,331.0,25.0,66.0
220.0,332.0,25.0,65.0
221.0,330.0,25.0,66.0
220.0,328.0,25.0,66.0
220.0,328.0,25.0,66.0
220.0,327.0,25.0,66.0
220.0,327.0,25.0,66.0
218.0,327.0,26.0,66.0
218.0,328.0,25.0,66.0
217.0,327.0,25.0,67.0
216.0,327.0,25.0,68.0
215.0,327.0,25.0,69.0
215.0,325.0,25.0,70.0
214.0,325.0,25.0,70.0
214.0,322.0,25.0,71.0
215.0,322.0,24.0,72.0
216.0,322.0,24.0,72.0
215.0,321.0,24.0,73.0
214.0,323.0,25.0,73.0
214.0,324.0,25.0,73.0
214.0,322.0,25.0,73.0
215.0,326.0,26.0,72.0
216.0,326.0,26.0,71.0
217.0,327.0,26.0,71.0
217.0,324.0,26.0,72.0
218.0,324.0,26.0,72.0
218.0,325.0,27.0,72.0
218.0,323.0,27.0,72.0
218.0,323.0,27.0,72.0
217.0,323.0,26.0,72.0
218.0,321.0,26.0,73.0
218.0,320.0,26.0,74.0
218.0,320.0,26.0,73.0
219.0,319.0,26.0,74.0
221.0,317.0,25.0,75.0
222.0,315.0,26.0,74.0
222.0,317.0,26.0,74.0
223.0,317.0,27.0,73.0
223.0,318.0,27.0,73.0
222.0,315.0,27.0,73.0
222.0,318.0,27.0,73.0
221.0,317.0,28.0,72.0
221.0,317.0,27.0,73.0
222.0,316.0,27.0,73.0
222.0,315.0,27.0,73.0
221.0,318.0,28.0,73.0
220.0,317.0,28.0,73.0
221.0,316.0,27.0,74.0
217.0,315.0,27.0,75.0
218.0,318.0,28.0,74.0
219.0,318.0,28.0,74.0
220.0,317.0,28.0,74.0
220.0,317.0,28.0,74.0
219.0,315.0,29.0,74.0
214.0,313.0,29.0,74.0
215.0,314.0,29.0,75.0
216.0,314.0,29.0,75.0
217.0,315.0,30.0,74.0
219.0,315.0,30.0,74.0
220.0,317.0,30.0,75.0
220.0,318.0,30.0,75.0
222.0,317.0,30.0,75.0
224.0,315.0,29.0,75.0
224.0,308.0,29.0,76.0
225.0,309.0,30.0,75.0
226.0,309.0,30.0,75.0
226.0,309.0,30.0,75.0
227.0,308.0,30.0,75.0
227.0,308.0,29.0,76.0
227.0,308.0,30.0,76.0
232.0,311.0,29.0,77.0
226.0,312.0,29.0,77.0
227.0,313.0,30.0,77.0
228.0,314.0,30.0,77.0
230.0,317.0,29.0,78.0
231.0,315.0,29.0,79.0
232.0,312.0,29.0,79.0
232.0,315.0,29.0,79.0
231.0,315.0,29.0,80.0
230.0,319.0,29.0,80.0
228.0,315.0,29.0,80.0
227.0,318.0,29.0,79.0
227.0,316.0,29.0,80.0
226.0,313.0,29.0,80.0
225.0,317.0,29.0,80.0
225.0,314.0,29.0,80.0
225.0,314.0,29.0,80.0
225.0,314.0,30.0,80.0
225.0,312.0,30.0,81.0
218.0,311.0,30.0,80.0
225.0,316.0,30.0,80.0
224.0,317.0,31.0,79.0
223.0,318.0,31.0,79.0
221.0,318.0,32.0,78.0
219.0,319.0,32.0,79.0
217.0,319.0,32.0,78.0
216.0,318.0,32.0,78.0
215.0,318.0,32.0,78.0
214.0,319.0,32.0,79.0
213.0,318.0,31.0,80.0
212.0,317.0,32.0,80.0
210.0,318.0,32.0,80.0
209.0,320.0,32.0,79.0
209.0,318.0,33.0,79.0
208.0,318.0,33.0,79.0
208.0,318.0,32.0,79.0
209.0,318.0,31.0,80.0
209.0,316.0,31.0,80.0
211.0,315.0,31.0,80.0
212.0,313.0,30.0,81.0
213.0,312.0,30.0,80.0
208.0,311.0,30.0,80.0
209.0,311.0,30.0,80.0
210.0,311.0,29.0,81.0
210.0,312.0,29.0,81.0
210.0,313.0,29.0,81.0
209.0,314.0,30.0,81.0
209.0,314.0,30.0,81.0
208.0,314.0,30.0,81.0
207.0,314.0,30.0,80.0
201.0,313.0,30.0,81.0
202.0,313.0,30.0,81.0
203.0,311.0,30.0,81.0
202.0,312.0,31.0,80.0
202.0,314.0,31.0,80.0
201.0,313.0,31.0,80.0
201.0,314.0,31.0,81.0
202.0,313.0,31.0,80.0
202.0,312.0,31.0,80.0
202.0,312.0,30.0,81.0
203.0,312.0,30.0,81.0
203.0,313.0,30.0,81.0
202.0,318.0,30.0,81.0
201.0,317.0,31.0,81.0
201.0,316.0,31.0,81.0
200.0,319.0,30.0,81.0
199.0,322.0,31.0,80.0
198.0,323.0,31.0,81.0
192.0,322.0,31.0,81.0
193.0,325.0,30.0,80.0
194.0,323.0,31.0,80.0
193.0,323.0,31.0,80.0
193.0,324.0,31.0,79.0
193.0,321.0,31.0,79.0
194.0,321.0,32.0,78.0
193.0,322.0,32.0,78.0
193.0,320.0,31.0,79.0
194.0,319.0,31.0,78.0
194.0,319.0,32.0,78.0
196.0,317.0,31.0,78.0
196.0,316.0,31.0,78.0
197.0,316.0,31.0,77.0
197.0,316.0,31.0,78.0
196.0,314.0,31.0,78.0
196.0,315.0,31.0,78.0
196.0,315.0,31.0,79.0
196.0,315.0,31.0,78.0
196.0,313.0,30.0,79.0
195.0,313.0,30.0,79.0
194.0,314.0,31.0,79.0
189.0,316.0,30.0,79.0
190.0,317.0,30.0,79.0
189.0,316.0,30.0,78.0
189.0,318.0,30.0,78.0
188.0,318.0,30.0,78.0
187.0,318.0,30.0,78.0
188.0,317.0,29.0,79.0
187.0,318.0,29.0,78.0
181.0,318.0,29.0,78.0
182.0,317.0,29.0,77.0
183.0,320.0,29.0,77.0
182.0,319.0,29.0,76.0
183.0,317.0,29.0,76.0
183.0,319.0,29.0,76.0
183.0,318.0,29.0,75.0
183.0,318.0,29.0,75.0
182.0,318.0,29.0,75.0
182.0,317.0,29.0,75.0
182.0,319.0,28.0,75.0
181.0,321.0,29.0,75.0
181.0,322.0,29.0,75.0
180.0,321.0,28.0,75.0
179.0,321.0,28.0,75.0
178.0,321.0,29.0,74.0
177.0,321.0,29.0,74.0
176.0,322.0,29.0,74.0
176.0,322.0,28.0,75.0
176.0,323.0,28.0,75.0
176.0,326.0,28.0,75.0
177.0,326.0,27.0,75.0
179.0,327.0,27.0,75.0
185.0,329.0,28.0,74.0
191.0,327.0,27.0,74.0
193.0,327.0,27.0,74.0
194.0,327.0,26.0,74.0
196.0,327.0,26.0,74.0
197.0,327.0,26.0,73.0
198.0,325.0,26.0,73.0
199.0,324.0,26.0,74.0
198.0,323.0,26.0,73.0
193.0,322.0,26.0,73.0
193.0,322.0,26.0,72.0
194.0,322.0,26.0,72.0
194.0,320.0,26.0,72.0
195.0,318.0,26.0,72.0
194.0,313.0,26.0,72.0
188.0,311.0,26.0,72.0
188.0,308.0,26.0,72.0
183.0,306.0,25.0,73.0
177.0,307.0,25.0,72.0
177.0,310.0,25.0,72.0
176.0,312.0,26.0,72.0
176.0,315.0,26.0,72.0
175.0,316.0,26.0,72.0
176.0,315.0,26.0,72.0
177.0,314.0,25.0,72.0
176.0,315.0,26.0,72.0
175.0,316.0,26.0,72.0
175.0,318.0,26.0,72.0
176.0,320.0,25.0,72.0
176.0,320.0,25.0,72.0
176.0,321.0,25.0,71.0
177.0,322.0,25.0,71.0
177.0,324.0,25.0,72.0
177.0,325.0,25.0,71.0
176.0,326.0,25.0,71.0
176.0,327.0,25.0,71.0
176.0,328.0,25.0,71.0
176.0,329.0,26.0,70.0
176.0,326.0,26.0,70.0
177.0,325.0,26.0,70.0
177.0,325.0,26.0,69.0
178.0,324.0,26.0,69.0
178.0,323.0,25.0,69.0
179.0,322.0,25.0,69.0
180.0,316.0,25.0,68.0
180.0,316.0,25.0,68.0
181.0,315.0,25.0,68.0
182.0,313.0,25.0,67.0
182.0,312.0,25.0,67.0
183.0,310.0,25.0,66.0
183.0,310.0,25.0,66.0
183.0,312.0,25.0,66.0
183.0,313.0,25.0,66.0
184.0,318.0,24.0,66.0
190.0,320.0,24.0,66.0
190.0,322.0,24.0,66.0
185.0,328.0,24.0,65.0
180.0,329.0,24.0,65.0
180.0,327.0,24.0,65.0
181.0,325.0,24.0,65.0
177.0,320.0,24.0,65.0
177.0,319.0,24.0,65.0
178.0,318.0,24.0,64.0
178.0,317.0,24.0,64.0
179.0,321.0,24.0,64.0
179.0,320.0,24.0,63.0
180.0,316.0,24.0,63.0
181.0,318.0,23.0,64.0
181.0,320.0,24.0,63.0
181.0,323.0,24.0,63.0
182.0,324.0,23.0,64.0
182.0,324.0,23.0,63.0
182.0,324.0,23.0,63.0
182.0,325.0,23.0,63.0
181.0,324.0,23.0,63.0
181.0,324.0,23.0,62.0
176.0,324.0,23.0,62.0
177.0,323.0,23.0,62.0
177.0,321.0,23.0,62.0
177.0,321.0,22.0,63.0
177.0,320.0,22.0,63.0
177.0,321.0,22.0,63.0
177.0,322.0,22.0,63.0
177.0,322.0,22.0,63.0
178.0,322.0,22.0,63.0
181.0,324.0,21.0,64.0
181.0,325.0,21.0,64.0
181.0,325.0,21.0,65.0
181.0,327.0,21.0,65.0
183.0,328.0,21.0,65.0
183.0,328.0,22.0,65.0
182.0,327.0,22.0,65.0
181.0,327.0,22.0,66.0
179.0,327.0,22.0,66.0
172.0,322.0,22.0,67.0
166.0,319.0,21.0,69.0
166.0,316.0,21.0,70.0
166.0,313.0,21.0,71.0
165.0,311.0,21.0,71.0
159.0,310.0,22.0,72.0
159.0,309.0,22.0,73.0
159.0,309.0,22.0,74.0
160.0,309.0,22.0,74.0
161.0,309.0,23.0,75.0
167.0,309.0,23.0,76.0
172.0,309.0,23.0,77.0
173.0,307.0,23.0,78.0
178.0,304.0,23.0,79.0
179.0,300.0,23.0,80.0
193.0,300.0,24.0,80.0
207.0,298.0,24.0,81.0
208.0,285.0,24.0,82.0
207.0,283.0,24.0,84.0
187.0,282.0,24.0,84.0
180.0,278.0,24.0,86.0
177.0,279.0,25.0,86.0
169.0,286.0,26.0,87.0
156.0,287.0,26.0,88.0
150.0,294.0,26.0,89.0
151.0,294.0,27.0,90.0
151.0,296.0,27.0,91.0
154.0,299.0,28.0,91.0
154.0,302.0,28.0,92.0
155.0,303.0,29.0,93.0
155.0,302.0,28.0,94.0
156.0,301.0,29.0,95.0
158.0,303.0,29.0,96.0
157.0,303.0,29.0,97.0
157.0,300.0,30.0,98.0
156.0,298.0,30.0,99.0
155.0,297.0,30.0,100.0
154.0,299.0,31.0,100.0
153.0,301.0,31.0,101.0
152.0,301.0,32.0,102.0
150.0,304.0,32.0,102.0
149.0,304.0,33.0,102.0
149.0,303.0,33.0,103.0
149.0,303.0,33.0,103.0
148.0,302.0,33.0,104.0
149.0,302.0,34.0,104.0
150.0,305.0,34.0,104.0
151.0,304.0,35.0,104.0
152.0,303.0,35.0,105.0
153.0,303.0,35.0,105.0
154.0,304.0,35.0,105.0
155.0,306.0,35.0,105.0
156.0,306.0,36.0,105.0
158.0,303.0,35.0,106.0
160.0,307.0,36.0,106.0
161.0,310.0,36.0,105.0
162.0,311.0,36.0,106.0
162.0,315.0,36.0,105.0
163.0,315.0,36.0,106.0
162.0,321.0,36.0,106.0
162.0,321.0,36.0,107.0
163.0,321.0,36.0,108.0
163.0,318.0,36.0,108.0
163.0,313.0,36.0,108.0
155.0,309.0,37.0,107.0
156.0,304.0,37.0,108.0
155.0,300.0,37.0,108.0
155.0,295.0,37.0,109.0
146.0,291.0,37.0,109.0
146.0,285.0,36.0,109.0
147.0,282.0,37.0,109.0
149.0,280.0,37.0,109.0
150.0,276.0,37.0,109.0
153.0,274.0,37.0,109.0
161.0,273.0,37.0,110.0
160.0,272.0,37.0,110.0
151.0,268.0,37.0,109.0
151.0,271.0,38.0,109.0
151.0,271.0,37.0,110.0
152.0,275.0,38.0,109.0
153.0,274.0,37.0,110.0
153.0,276.0,37.0,110.0
152.0,277.0,38.0,110.0
144.0,279.0,39.0,109.0
145.0,277.0,38.0,109.0
145.0,275.0,38.0,109.0
144.0,276.0,38.0,110.0
142.0,278.0,39.0,109.0
133.0,279.0,39.0,109.0
134.0,283.0,39.0,109.0
135.0,283.0,38.0,110.0
135.0,282.0,38.0,110.0
135.0,287.0,38.0,110.0
135.0,288.0,39.0,109.0
134.0,290.0,39.0,110.0
134.0,291.0,39.0,109.0
133.0,294.0,39.0,109.0
133.0,294.0,38.0,110.0
133.0,297.0,39.0,109.0
133.0,300.0,39.0,109.0
134.0,300.0,38.0,110.0
134.0,298.0,38.0,111.0
133.0,299.0,38.0,110.0
134.0,300.0,38.0,111.0
134.0,297.0,38.0,111.0
134.0,300.0,39.0,110.0
134.0,301.0,39.0,110.0
134.0,299.0,39.0,110.0
134.0,299.0,38.0,111.0
134.0,302.0,39.0,110.0
135.0,302.0,38.0,111.0
135.0,302.0,38.0,111.0
135.0,298.0,38.0,111.0
135.0,297.0,38.0,112.0
136.0,294.0,38.0,112.0
136.0,293.0,38.0,112.0
135.0,292.0,39.0,112.0
134.0,293.0,39.0,111.0
134.0,289.0,39.0,112.0
134.0,292.0,39.0,111.0
135.0,292.0,39.0,112.0
135.0,290.0,38.0,112.0
135.0,294.0,39.0,112.0
136.0,292.0,38.0,112.0
136.0,292.0,39.0,111.0
137.0,291.0,39.0,112.0
137.0,294.0,39.0,111.0
137.0,297.0,39.0,111.0
138.0,296.0,39.0,111.0
139.0,296.0,39.0,111.0
139.0,301.0,39.0,111.0
139.0,297.0,38.0,111.0
140.0,298.0,39.0,110.0
141.0,303.0,40.0,109.0
143.0,306.0,40.0,108.0
145.0,304.0,40.0,108.0
147.0,302.0,41.0,108.0
156.0,305.0,42.0,106.0
156.0,303.0,41.0,106.0
155.0,301.0,41.0,107.0
154.0,300.0,42.0,106.0
153.0,299.0,42.0,106.0
151.0,297.0,42.0,105.0
144.0,295.0,42.0,106.0
144.0,300.0,42.0,105.0
143.0,305.0,42.0,104.0
142.0,309.0,42.0,104.0
141.0,316.0,42.0,104.0
140.0,321.0,41.0,106.0
137.0,321.0,41.0,105.0
135.0,319.0,42.0,104.0
135.0,315.0,41.0,105.0
135.0,313.0,41.0,105.0
136.0,312.0,41.0,105.0
135.0,315.0,42.0,104.0
136.0,314.0,41.0,105.0
136.0,317.0,41.0,104.0
137.0,323.0,41.0,104.0
138.0,322.0,41.0,104.0
140.0,325.0,41.0,103.0
142.0,328.0,41.0,102.0
147.0,333.0,40.0,103.0
148.0,338.0,40.0,102.0
151.0,342.0,39.0,102.0
152.0,347.0,38.0,103.0
152.0,352.0,38.0,104.0
149.0,356.0,37.0,104.0
147.0,353.0,38.0,104.0
138.0,354.0,38.0,104.0
136.0,356.0,37.0,105.0
133.0,357.0,38.0,105.0
131.0,361.0,38.0,105.0
128.0,360.0,39.0,105.0
124.0,366.0,39.0,104.0
121.0,373.0,40.0,104.0
119.0,376.0,40.0,104.0
118.0,384.0,40.0,104.0
117.0,387.0,40.0,104.0
118.0,385.0,41.0,103.0
121.0,378.0,41.0,102.0
126.0,378.0,41.0,102.0
127.0,376.0,40.0,103.0
128.0,372.0,40.0,103.0
131.0,369.0,40.0,103.0
134.0,367.0,40.0,102.0
139.0,368.0,40.0,102.0
142.0,366.0,40.0,101.0
143.0,367.0,40.0,100.0
144.0,367.0,40.0,100.0
140.0,365.0,40.0,99.0
140.0,368.0,39.0,100.0
141.0,371.0,39.0,100.0
140.0,373.0,39.0,101.0
139.0,370.0,39.0,102.0
138.0,368.0,39.0,102.0
138.0,366.0,38.0,102.0
137.0,365.0,38.0,104.0
139.0,364.0,38.0,104.0
140.0,364.0,38.0,104.0
141.0,363.0,38.0,104.0
142.0,363.0,38.0,104.0
145.0,362.0,38.0,105.0
154.0,361.0,38.0,105.0
156.0,355.0,37.0,106.0
160.0,350.0,37.0,106.0
169.0,347.0,36.0,107.0
170.0,346.0,37.0,106.0
172.0,348.0,36.0,106.0
181.0,352.0,37.0,106.0
185.0,358.0,37.0,105.0
188.0,367.0,37.0,106.0
188.0,375.0,37.0,106.0
188.0,384.0,38.0,105.0
188.0,386.0,38.0,106.0
191.0,380.0,37.0,106.0
203.0,373.0,37.0,107.0
207.0,369.0,36.0,107.0
216.0,370.0,37.0,107.0
224.0,371.0,37.0,107.0
226.0,369.0,37.0,106.0
235.0,365.0,37.0,106.0
245.0,366.0,38.0,106.0
248.0,363.0,38.0,106.0
258.0,363.0,38.0,106.0
260.0,358.0,38.0,106.0
261.0,355.0,38.0,106.0
260.0,354.0,38.0,106.0
258.0,352.0,39.0,106.0
257.0,350.0,39.0,106.0
249.0,349.0,39.0,106.0
241.0,348.0,39.0,106.0
240.0,349.0,38.0,107.0
231.0,347.0,38.0,108.0
230.0,346.0,37.0,109.0
222.0,343.0,38.0,109.0
222.0,342.0,39.0,108.0
214.0,344.0,38.0,108.0
215.0,345.0,38.0,109.0
214.0,342.0,38.0,110.0
213.0,346.0,39.0,109.0
212.0,346.0,38.0,110.0
212.0,348.0,38.0,111.0
212.0,344.0,38.0,112.0
211.0,348.0,39.0,110.0
212.0,348.0,40.0,110.0
213.0,346.0,39.0,110.0
215.0,347.0,39.0,111.0
216.0,345.0,39.0,111.0
217.0,345.0,39.0,112.0
218.0,343.0,38.0,112.0
218.0,342.0,38.0,112.0
218.0,345.0,39.0,112.0
217.0,345.0,40.0,111.0
217.0,346.0,40.0,111.0
217.0,344.0,39.0,112.0
218.0,344.0,39.0,112.0
217.0,344.0,40.0,111.0
217.0,344.0,39.0,112.0
218.0,344.0,39.0,111.0
221.0,341.0,39.0,111.0
223.0,340.0,39.0,110.0
226.0,340.0,39.0,110.0
228.0,339.0,39.0,109.0
231.0,339.0,39.0,109.0
234.0,338.0,38.0,109.0
236.0,337.0,39.0,108.0
238.0,338.0,38.0,109.0
239.0,339.0,38.0,109.0
238.0,339.0,38.0,109.0
237.0,340.0,37.0,110.0
230.0,339.0,38.0,109.0
229.0,337.0,38.0,110.0
229.0,335.0,37.0,110.0
229.0,337.0,37.0,110.0
228.0,336.0,37.0,110.0
228.0,335.0,37.0,111.0
228.0,336.0,38.0,109.0
229.0,334.0,38.0,109.0
229.0,334.0,38.0,109.0
222.0,336.0,38.0,110.0
222.0,337.0,38.0,109.0
223.0,335.0,38.0,108.0
223.0,337.0,38.0,109.0
223.0,336.0,38.0,109.0
224.0,335.0,38.0,109.0
222.0,337.0,38.0,109.0
221.0,339.0,38.0,110.0
220.0,337.0,38.0,110.0
219.0,337.0,38.0,111.0
219.0,341.0,38.0,111.0
218.0,339.0,37.0,112.0
217.0,339.0,38.0,111.0
217.0,342.0,39.0,111.0
216.0,340.0,38.0,111.0
218.0,338.0,39.0,110.0
219.0,337.0,39.0,110.0
221.0,336.0,39.0,109.0
222.0,336.0,39.0,109.0
225.0,332.0,39.0,109.0
227.0,332.0,39.0,108.0
228.0,333.0,38.0,108.0
229.0,333.0,38.0,109.0
228.0,331.0,37.0,109.0
228.0,330.0,38.0,109.0
228.0,328.0,37.0,109.0
228.0,327.0,37.0,109.0
227.0,324.0,37.0,109.0
227.0,324.0,37.0,109.0
226.0,323.0,37.0,110.0
225.0,324.0,37.0,110.0
224.0,322.0,37.0,110.0
224.0,324.0,38.0,110.0
223.0,325.0,38.0,109.0
223.0,324.0,38.0,110.0
223.0,327.0,38.0,109.0
223.0,324.0,38.0,110.0
224.0,323.0,38.0,109.0
227.0,321.0,38.0,109.0
229.0,320.0,38.0,108.0
230.0,316.0,38.0,109.0
231.0,315.0,38.0,108.0
231.0,313.0,38.0,108.0
230.0,314.0,38.0,109.0
222.0,313.0,38.0,108.0
223.0,311.0,38.0,109.0
222.0,309.0,37.0,109.0
222.0,306.0,37.0,109.0
221.0,308.0,37.0,110.0
213.0,315.0,38.0,109.0
205.0,314.0,38.0,108.0
204.0,317.0,38.0,109.0
203.0,319.0,37.0,110.0
195.0,323.0,37.0,110.0
194.0,324.0,38.0,110.0
193.0,325.0,38.0,110.0
193.0,327.0,38.0,111.0
192.0,327.0,38.0,111.0
191.0,329.0,38.0,111.0
190.0,329.0,38.0,111.0
190.0,327.0,38.0,111.0
190.0,325.0,38.0,110.0
192.0,323.0,38.0,110.0
193.0,320.0,38.0,110.0
194.0,317.0,38.0,110.0
196.0,315.0,38.0,110.0
197.0,313.0,38.0,109.0
199.0,311.0,38.0,109.0
201.0,306.0,38.0,108.0
203.0,304.0,39.0,108.0
204.0,304.0,38.0,108.0
204.0,303.0,39.0,108.0
206.0,301.0,39.0,108.0
206.0,302.0,38.0,109.0
205.0,304.0,37.0,110.0
204.0,303.0,37.0,111.0
203.0,300.0,37.0,110.0
201.0,299.0,37.0,111.0
199.0,298.0,37.0,111.0
199.0,295.0,37.0,111.0
198.0,292.0,37.0,111.0
197.0,292.0,38.0,111.0
197.0,291.0,38.0,111.0
195.0,292.0,38.0,111.0
196.0,292.0,38.0,111.0
197.0,291.0,38.0,110.0
198.0,292.0,39.0,109.0
198.0,293.0,39.0,110.0
198.0,292.0,38.0,110.0
198.0,293.0,38.0,110.0
198.0,295.0,38.0,110.0
197.0,295.0,38.0,110.0
197.0,297.0,38.0,110.0
197.0,297.0,38.0,110.0
196.0,298.0,38.0,110.0
196.0,301.0,38.0,111.0
195.0,303.0,38.0,111.0
193.0,304.0,38.0,111.0
191.0,305.0,39.0,111.0
190.0,305.0,39.0,111.0
188.0,304.0,38.0,112.0
187.0,306.0,39.0,111.0
185.0,306.0,39.0,112.0
184.0,304.0,39.0,111.0
184.0,304.0,39.0,112.0
183.0,303.0,39.0,112.0
182.0,303.0,39.0,112.0
182.0,300.0,39.0,112.0
181.0,300.0,39.0,111.0
181.0,301.0,39.0,111.0
181.0,299.0,39.0,111.0
181.0,300.0,39.0,111.0
181.0,299.0,39.0,111.0
182.0,299.0,39.0,110.0
182.0,299.0,39.0,110.0
182.0,301.0,39.0,111.0
181.0,302.0,39.0,111.0
181.0,300.0,38.0,112.0
181.0,301.0,39.0,111.0
183.0,301.0,38.0,111.0
182.0,301.0,39.0,111.0
183.0,300.0,39.0,110.0
183.0,300.0,38.0,111.0
183.0,299.0,38.0,111.0
185.0,303.0,38.0,110.0
184.0,299.0,39.0,110.0
184.0,298.0,39.0,109.0
184.0,298.0,39.0,109.0
183.0,300.0,40.0,109.0
181.0,304.0,40.0,108.0
180.0,303.0,40.0,109.0
180.0,300.0,39.0,110.0
179.0,303.0,39.0,109.0
179.0,305.0,40.0,108.0
179.0,302.0,39.0,109.0
180.0,304.0,39.0,109.0
180.0,301.0,39.0,109.0
181.0,298.0,39.0,109.0
183.0,295.0,39.0,109.0
184.0,297.0,38.0,109.0
185.0,297.0,38.0,109.0
187.0,294.0,39.0,108.0
190.0,296.0,39.0,107.0
195.0,302.0,39.0,106.0
199.0,304.0,39.0,105.0
204.0,306.0,39.0,104.0
207.0,311.0,40.0,102.0
212.0,312.0,40.0,101.0
215.0,317.0,40.0,100.0
218.0,317.0,39.0,101.0
219.0,319.0,39.0,101.0
220.0,321.0,39.0,101.0
219.0,324.0,40.0,100.0
218.0,324.0,39.0,100.0
216.0,324.0,40.0,100.0
216.0,326.0,40.0,100.0
216.0,324.0,39.0,100.0
216.0,321.0,39.0,101.0
216.0,328.0,39.0,99.0
218.0,330.0,39.0,99.0
220.0,328.0,39.0,99.0
222.0,331.0,38.0,99.0
223.0,335.0,38.0,99.0
224.0,337.0,38.0,99.0
231.0,336.0,38.0,99.0
231.0,338.0,38.0,99.0
231.0,336.0,38.0,99.0
231.0,334.0,38.0,100.0
232.0,336.0,37.0,100.0
232.0,337.0,37.0,101.0
233.0,339.0,37.0,101.0
233.0,339.0,37.0,102.0
233.0,339.0,37.0,102.0
232.0,339.0,38.0,102.0
233.0,340.0,37.0,103.0
232.0,340.0,38.0,103.0
232.0,342.0,38.0,104.0
232.0,343.0,37.0,104.0
232.0,344.0,38.0,104.0
232.0,342.0,37.0,104.0
232.0,339.0,37.0,104.0
232.0,343.0,37.0,103.0
233.0,341.0,37.0,104.0
235.0,339.0,36.0,104.0
236.0,339.0,36.0,103.0
238.0,338.0,36.0,104.0
240.0,338.0,36.0,103.0
241.0,339.0,34.0,105.0
243.0,344.0,34.0,106.0
245.0,346.0,34.0,106.0
247.0,344.0,34.0,105.0
249.0,349.0,34.0,106.0
250.0,355.0,34.0,106.0
253.0,353.0,35.0,106.0
256.0,350.0,35.0,104.0
265.0,354.0,35.0,104.0
267.0,352.0,36.0,104.0
271.0,349.0,36.0,103.0
275.0,349.0,36.0,103.0
277.0,353.0,37.0,103.0
286.0,350.0,37.0,102.0
294.0,349.0,38.0,101.0
301.0,351.0,38.0,100.0
311.0,352.0,37.0,101.0
318.0,352.0,38.0,101.0
319.0,353.0,38.0,101.0
322.0,354.0,38.0,101.0
326.0,357.0,38.0,102.0
329.0,354.0,37.0,103.0
332.0,355.0,36.0,104.0
334.0,355.0,36.0,104.0
336.0,356.0,36.0,104.0
339.0,359.0,36.0,104.0
342.0,359.0,36.0,104.0
344.0,360.0,36.0,104.0
343.0,361.0,37.0,104.0
343.0,360.0,36.0,104.0
345.0,360.0,37.0,104.0
346.0,359.0,37.0,104.0
348.0,356.0,38.0,103.0
353.0,355.0,38.0,104.0
351.0,356.0,39.0,103.0
351.0,350.0,38.0,105.0
350.0,346.0,38.0,106.0
350.0,343.0,38.0,107.0
351.0,342.0,38.0,107.0
349.0,343.0,38.0,108.0
342.0,342.0,38.0,108.0
342.0,342.0,38.0,108.0
341.0,337.0,39.0,107.0
339.0,339.0,39.0,108.0
336.0,337.0,39.0,108.0
334.0,333.0,40.0,107.0
332.0,330.0,39.0,108.0
332.0,323.0,38.0,109.0
330.0,321.0,38.0,109.0
330.0,319.0,37.0,110.0
329.0,317.0,37.0,111.0
327.0,316.0,37.0,111.0
319.0,315.0,37.0,111.0
319.0,310.0,37.0,111.0
317.0,310.0,36.0,112.0
310.0,311.0,37.0,111.0
308.0,307.0,36.0,112.0
306.0,305.0,37.0,111.0
304.0,301.0,38.0,110.0
296.0,299.0,38.0,110.0
296.0,296.0,37.0,110.0
296.0,294.0,37.0,110.0
296.0,294.0,38.0,110.0
296.0,293.0,37.0,110.0
297.0,291.0,38.0,109.0
299.0,291.0,37.0,111.0
302.0,292.0,37.0,111.0
309.0,295.0,37.0,112.0
311.0,296.0,36.0,113.0
319.0,296.0,37.0,113.0
321.0,296.0,37.0,113.0
324.0,298.0,37.0,114.0
327.0,301.0,37.0,114.0
329.0,302.0,38.0,113.0
331.0,302.0,39.0,113.0
332.0,306.0,38.0,114.0
333.0,309.0,39.0,112.0
334.0,312.0,40.0,111.0
328.0,315.0,40.0,111.0
327.0,307.0,42.0,110.0
318.0,309.0,41.0,112.0
311.0,309.0,41.0,113.0
311.0,308.0,41.0,112.0
303.0,314.0,41.0,112.0
305.0,315.0,42.0,112.0
306.0,317.0,42.0,112.0
306.0,322.0,43.0,112.0
307.0,325.0,44.0,111.0
308.0,328.0,44.0,110.0
310.0,333.0,45.0,109.0
310.0,336.0,45.0,109.0
310.0,333.0,45.0,109.0
311.0,334.0,45.0,109.0
311.0,339.0,45.0,108.0
312.0,340.0,45.0,109.0
314.0,338.0,45.0,109.0
315.0,341.0,45.0,109.0
316.0,342.0,44.0,110.0
319.0,342.0,43.0,110.0
329.0,341.0,43.0,111.0
331.0,340.0,42.0,112.0
331.0,341.0,41.0,113.0
333.0,339.0,41.0,114.0
336.0,340.0,42.0,113.0
344.0,345.0,41.0,114.0
342.0,345.0,41.0,114.0
342.0,344.0,41.0,115.0
340.0,341.0,42.0,114.0
338.0,343.0,42.0,114.0
329.0,341.0,41.0,115.0
326.0,340.0,42.0,114.0
323.0,339.0,42.0,115.0
318.0,338.0,42.0,115.0
309.0,340.0,42.0,115.0
306.0,340.0,43.0,116.0
305.0,336.0,43.0,116.0
303.0,338.0,43.0,115.0
300.0,341.0,42.0,117.0
296.0,344.0,43.0,116.0
294.0,344.0,43.0,116.0
296.0,344.0,44.0,115.0
297.0,344.0,44.0,113.0
300.0,343.0,44.0,112.0
302.0,341.0,45.0,110.0
305.0,340.0,45.0,110.0
308.0,339.0,45.0,108.0
310.0,339.0,44.0,108.0
312.0,338.0,44.0,108.0
314.0,338.0,43.0,109.0
317.0,338.0,43.0,109.0
317.0,338.0,42.0,110.0
316.0,340.0,42.0,111.0
314.0,342.0,42.0,112.0
313.0,340.0,41.0,112.0
309.0,343.0,42.0,113.0
307.0,344.0,42.0,113.0
298.0,344.0,41.0,114.0
291.0,343.0,41.0,113.0
288.0,345.0,43.0,111.0
281.0,345.0,43.0,111.0
278.0,343.0,44.0,109.0
270.0,342.0,44.0,109.0
267.0,343.0,45.0,107.0
256.0,344.0,45.0,106.0
255.0,344.0,44.0,108.0
252.0,345.0,44.0,108.0
250.0,344.0,43.0,109.0
246.0,346.0,44.0,109.0
243.0,347.0,43.0,110.0
241.0,349.0,43.0,111.0
240.0,348.0,42.0,112.0
238.0,347.0,42.0,113.0
236.0,347.0,42.0,114.0
234.0,350.0,43.0,114.0
233.0,349.0,43.0,114.0
232.0,346.0,43.0,114.0
231.0,348.0,43.0,115.0
229.0,351.0,44.0,115.0
228.0,357.0,44.0,115.0
219.0,354.0,44.0,115.0
219.0,360.0,43.0,116.0
217.0,371.0,44.0,116.0
214.0,372.0,45.0,115.0
210.0,371.0,45.0,115.0
207.0,375.0,45.0,115.0
206.0,377.0,46.0,115.0
205.0,378.0,46.0,115.0
203.0,379.0,47.0,115.0
202.0,376.0,47.0,115.0
201.0,377.0,47.0,115.0
202.0,376.0,47.0,114.0
202.0,376.0,47.0,115.0
204.0,375.0,47.0,115.0
209.0,371.0,46.0,115.0
213.0,370.0,47.0,114.0
216.0,370.0,46.0,113.0
221.0,371.0,46.0,113.0
226.0,371.0,46.0,113.0
230.0,370.0,45.0,113.0
234.0,368.0,45.0,114.0
238.0,371.0,45.0,114.0
242.0,372.0,45.0,113.0
245.0,369.0,45.0,113.0
247.0,372.0,44.0,113.0
251.0,369.0,44.0,113.0
254.0,367.0,43.0,113.0
257.0,364.0,43.0,113.0
263.0,365.0,44.0,113.0
263.0,363.0,44.0,112.0
264.0,364.0,46.0,110.0
267.0,365.0,45.0,110.0
266.0,368.0,46.0,109.0
267.0,367.0,46.0,109.0
265.0,369.0,47.0,108.0
263.0,372.0,47.0,108.0
261.0,371.0,46.0,109.0
258.0,370.0,46.0,110.0
258.0,373.0,46.0,110.0
252.0,373.0,45.0,111.0
253.0,369.0,45.0,111.0
248.0,370.0,44.0,111.0
248.0,365.0,44.0,112.0
247.0,369.0,44.0,113.0
248.0,368.0,44.0,113.0
249.0,371.0,44.0,114.0
246.0,368.0,45.0,113.0
247.0,363.0,45.0,113.0
246.0,361.0,45.0,113.0
245.0,360.0,46.0,112.0
245.0,358.0,46.0,112.0
249.0,354.0,46.0,112.0
250.0,353.0,46.0,112.0
249.0,353.0,46.0,113.0
248.0,349.0,46.0,113.0
249.0,344.0,46.0,114.0
249.0,341.0,45.0,115.0
247.0,340.0,46.0,114.0
246.0,338.0,45.0,115.0
245.0,336.0,46.0,115.0
238.0,333.0,46.0,115.0
239.0,332.0,45.0,115.0
239.0,330.0,44.0,117.0
238.0,330.0,44.0,116.0
237.0,331.0,45.0,115.0
236.0,332.0,45.0,115.0
234.0,333.0,45.0,115.0
234.0,336.0,46.0,114.0
235.0,336.0,45.0,114.0
235.0,339.0,45.0,114.0
236.0,335.0,45.0,113.0
237.0,331.0,44.0,114.0
238.0,328.0,45.0,114.0
240.0,324.0,45.0,114.0
244.0,322.0,44.0,115.0
245.0,320.0,44.0,115.0
249.0,317.0,44.0,117.0
253.0,318.0,44.0,117.0
256.0,317.0,44.0,118.0
260.0,315.0,44.0,118.0
265.0,315.0,43.0,119.0
276.0,317.0,44.0,118.0
280.0,316.0,44.0,118.0
282.0,319.0,44.0,118.0
285.0,325.0,44.0,117.0
287.0,316.0,44.0,117.0
296.0,321.0,43.0,118.0
296.0,322.0,43.0,117.0
296.0,318.0,42.0,119.0
297.0,323.0,41.0,120.0
295.0,324.0,42.0,119.0
296.0,323.0,41.0,119.0
295.0,322.0,40.0,121.0
295.0,323.0,40.0,121.0
294.0,323.0,41.0,119.0
293.0,324.0,41.0,118.0
293.0,322.0,42.0,117.0
292.0,323.0,41.0,117.0
292.0,321.0,41.0,117.0
293.0,324.0,40.0,116.0
292.0,323.0,41.0,115.0
288.0,320.0,41.0,113.0
286.0,320.0,42.0,112.0
284.0,319.0,42.0,111.0
283.0,321.0,41.0,113.0
276.0,326.0,40.0,113.0
278.0,327.0,41.0,112.0
281.0,324.0,40.0,113.0
282.0,323.0,39.0,113.0
284.0,325.0,39.0,113.0
285.0,326.0,40.0,113.0
288.0,327.0,39.0,113.0
288.0,329.0,40.0,112.0
289.0,326.0,40.0,112.0
291.0,326.0,41.0,110.0
293.0,327.0,41.0,109.0
294.0,333.0,41.0,110.0
295.0,332.0,42.0,109.0
296.0,331.0,42.0,108.0
297.0,332.0,42.0,109.0
296.0,334.0,41.0,110.0
296.0,335.0,41.0,110.0
294.0,338.0,41.0,111.0
293.0,339.0,42.0,111.0
292.0,335.0,41.0,113.0
291.0,336.0,42.0,114.0
290.0,336.0,42.0,116.0
289.0,334.0,43.0,117.0
288.0,334.0,43.0,118.0
286.0,338.0,43.0,119.0
279.0,338.0,43.0,120.0
279.0,343.0,43.0,120.0
276.0,343.0,44.0,119.0
273.0,345.0,44.0,120.0
264.0,349.0,44.0,121.0
264.0,351.0,44.0,120.0
264.0,349.0,45.0,121.0
264.0,349.0,44.0,122.0
265.0,349.0,45.0,122.0
266.0,349.0,46.0,121.0
266.0,346.0,46.0,121.0
267.0,346.0,47.0,120.0
267.0,349.0,48.0,119.0
268.0,349.0,49.0,118.0
277.0,344.0,48.0,120.0
277.0,346.0,47.0,121.0
279.0,344.0,46.0,122.0
280.0,347.0,47.0,121.0
279.0,347.0,47.0,120.0
280.0,347.0,47.0,121.0
281.0,347.0,47.0,120.0
282.0,348.0,47.0,120.0
282.0,351.0,47.0,120.0
282.0,349.0,46.0,121.0
282.0,350.0,46.0,121.0
281.0,350.0,46.0,121.0
278.0,349.0,46.0,122.0
275.0,351.0,46.0,122.0
270.0,352.0,46.0,122.0
267.0,349.0,46.0,122.0
264.0,348.0,46.0,123.0
261.0,348.0,46.0,124.0
258.0,348.0,45.0,125.0
256.0,350.0,45.0,125.0
255.0,348.0,46.0,124.0
259.0,349.0,47.0,123.0
264.0,347.0,46.0,123.0
267.0,349.0,46.0,122.0
270.0,350.0,46.0,122.0
278.0,348.0,46.0,122.0
280.0,347.0,45.0,123.0
289.0,348.0,44.0,125.0
290.0,351.0,44.0,124.0
288.0,350.0,43.0,126.0
288.0,350.0,43.0,127.0
288.0,350.0,42.0,127.0
288.0,351.0,42.0,128.0
288.0,353.0,43.0,127.0
287.0,351.0,43.0,126.0
285.0,352.0,44.0,125.0
283.0,354.0,45.0,124.0
280.0,355.0,45.0,123.0
277.0,352.0,45.0,123.0
276.0,350.0,45.0,123.0
273.0,350.0,45.0,123.0
269.0,350.0,45.0,122.0
265.0,352.0,45.0,122.0
261.0,353.0,45.0,122.0
258.0,351.0,45.0,122.0
249.0,357.0,45.0,122.0
249.0,349.0,45.0,122.0
241.0,350.0,45.0,123.0
239.0,350.0,45.0,124.0
229.0,354.0,46.0,124.0
226.0,356.0,46.0,125.0
222.0,357.0,47.0,125.0
220.0,359.0,46.0,126.0
217.0,358.0,46.0,126.0
215.0,360.0,46.0,127.0
210.0,359.0,46.0,127.0
206.0,356.0,46.0,128.0
202.0,355.0,46.0,128.0
198.0,353.0,47.0,127.0
195.0,353.0,46.0,129.0
184.0,354.0,45.0,130.0
182.0,354.0,45.0,131.0
178.0,351.0,45.0,131.0
173.0,351.0,45.0,132.0
167.0,352.0,46.0,131.0
164.0,351.0,46.0,132.0
161.0,348.0,46.0,133.0
157.0,349.0,47.0,132.0
155.0,346.0,47.0,132.0
153.0,346.0,49.0,131.0
151.0,345.0,49.0,131.0
149.0,343.0,48.0,132.0
146.0,343.0,49.0,131.0
144.0,345.0,50.0,131.0
141.0,347.0,51.0,130.0
138.0,348.0,52.0,129.0
137.0,348.0,51.0,131.0
135.0,349.0,51.0,130.0
131.0,353.0,53.0,127.0
128.0,354.0,53.0,128.0
125.0,356.0,53.0,127.0
122.0,357.0,54.0,127.0
120.0,356.0,53.0,127.0
117.0,356.0,53.0,128.0
104.0,349.0,52.0,128.0
103.0,351.0,52.0,128.0
101.0,353.0,53.0,127.0
99.0,353.0,52.0,128.0
97.0,351.0,53.0,128.0
95.0,352.0,52.0,128.0
92.0,356.0,53.0,128.0
90.0,355.0,52.0,128.0
88.0,348.0,53.0,129.0
87.0,357.0,54.0,128.0
89.0,356.0,55.0,128.0
92.0,355.0,54.0,130.0
95.0,352.0,53.0,132.0
98.0,352.0,53.0,132.0
100.0,350.0,53.0,133.0
109.0,352.0,53.0,134.0
110.0,352.0,54.0,134.0
111.0,341.0,53.0,135.0
112.0,339.0,54.0,134.0
113.0,339.0,55.0,134.0
114.0,339.0,56.0,133.0
117.0,339.0,56.0,132.0
119.0,340.0,56.0,132.0
120.0,341.0,56.0,132.0
120.0,341.0,58.0,131.0
119.0,336.0,58.0,131.0
120.0,334.0,58.0,132.0
119.0,332.0,58.0,133.0
120.0,334.0,56.0,135.0
120.0,334.0,56.0,136.0
120.0,334.0,55.0,138.0
118.0,326.0,55.0,138.0
116.0,329.0,55.0,139.0
113.0,330.0,55.0,139.0
104.0,328.0,55.0,140.0
104.0,327.0,56.0,139.0
104.0,320.0,57.0,139.0
102.0,318.0,57.0,139.0
91.0,314.0,56.0,141.0
89.0,314.0,58.0,140.0
88.0,314.0,58.0,140.0
88.0,314.0,59.0,140.0
88.0,311.0,58.0,142.0
86.0,311.0,59.0,141.0
84.0,309.0,59.0,142.0
83.0,310.0,61.0,142.0
85.0,309.0,62.0,141.0
86.0,306.0,61.0,143.0
87.0,307.0,62.0,143.0
88.0,308.0,61.0,145.0
89.0,308.0,60.0,147.0
90.0,306.0,61.0,147.0
90.0,305.0,61.0,148.0
90.0,308.0,62.0,147.0
89.0,299.0,61.0,150.0
89.0,299.0,60.0,153.0
90.0,297.0,59.0,154.0
89.0,295.0,59.0,155.0
87.0,297.0,60.0,154.0
85.0,296.0,60.0,154.0
82.0,295.0,62.0,154.0
81.0,288.0,62.0,153.0
79.0,291.0,62.0,154.0
79.0,290.0,62.0,154.0
80.0,288.0,61.0,155.0
79.0,289.0,61.0,155.0
68.0,284.0,61.0,155.0
71.0,279.0,61.0,155.0
72.0,278.0,61.0,155.0
126.0,310.0,62.0,154.0
128.0,325.0,60.0,155.0
128.0,328.0,60.0,155.0
128.0,330.0,60.0,155.0
128.0,331.0,59.0,156.0
117.0,307.0,59.0,156.0
116.0,312.0,60.0,154.0
116.0,316.0,61.0,153.0
117.0,320.0,61.0,153.0
118.0,334.0,60.0,154.0
117.0,338.0,60.0,154.0
117.0,339.0,60.0,153.0
117.0,328.0,60.0,154.0
117.0,329.0,59.0,154.0
118.0,328.0,58.0,155.0
119.0,329.0,58.0,156.0
121.0,327.0,57.0,156.0
122.0,327.0,58.0,156.0
122.0,314.0,59.0,154.0
124.0,314.0,58.0,155.0
124.0,316.0,59.0,154.0
126.0,315.0,58.0,155.0
126.0,304.0,59.0,153.0
125.0,292.0,59.0,153.0
123.0,297.0,59.0,153.0
122.0,299.0,60.0,152.0
123.0,303.0,61.0,151.0
122.0,305.0,62.0,149.0
121.0,305.0,61.0,150.0
123.0,306.0,60.0,151.0
122.0,309.0,60.0,150.0
111.0,299.0,60.0,150.0
113.0,300.0,59.0,151.0
114.0,301.0,59.0,151.0
114.0,304.0,59.0,151.0
112.0,309.0,59.0,151.0
103.0,309.0,59.0,150.0
105.0,310.0,58.0,150.0
105.0,311.0,59.0,150.0
105.0,312.0,60.0,148.0
105.0,313.0,60.0,148.0
106.0,312.0,59.0,149.0
107.0,313.0,59.0,148.0
108.0,314.0,59.0,148.0
108.0,312.0,58.0,149.0
109.0,312.0,59.0,148.0
109.0,311.0,59.0,148.0
110.0,308.0,58.0,149.0
110.0,308.0,58.0,148.0
110.0,307.0,59.0,147.0
110.0,307.0,58.0,147.0
109.0,308.0,59.0,147.0
110.0,306.0,58.0,147.0
110.0,305.0,58.0,148.0
111.0,304.0,58.0,147.0
111.0,295.0,58.0,148.0
111.0,295.0,58.0,147.0
110.0,297.0,59.0,146.0
110.0,297.0,58.0,147.0
110.0,299.0,58.0,146.0
110.0,298.0,58.0,146.0
