110.0,101.0,30.0,91.0
113.0,100.0,30.0,91.0
112.0,101.0,30.0,91.0
113.0,100.0,30.0,91.0
118.0,99.0,30.0,90.0
113.0,103.0,30.0,91.0
116.0,104.0,29.0,92.0
119.0,106.0,29.0,92.0
119.0,105.0,29.0,92.0
121.0,105.0,30.0,91.0
122.0,104.0,30.0,90.0
127.0,104.0,30.0,89.0
128.0,103.0,30.0,90.0
129.0,102.0,29.0,91.0
129.0,100.0,29.0,91.0
130.0,97.0,29.0,92.0
130.0,100.0,29.0,91.0
130.0,99.0,29.0,91.0
129.0,98.0,29.0,91.0
130.0,96.0,29.0,91.0
132.0,98.0,29.0,90.0
133.0,97.0,29.0,89.0
134.0,98.0,29.0,89.0
137.0,97.0,29.0,88.0
139.0,98.0,29.0,88.0
140.0,98.0,29.0,87.0
140.0,97.0,29.0,87.0
141.0,97.0,29.0,87.0
142.0,96.0,29.0,87.0
144.0,96.0,29.0,87.0
145.0,95.0,30.0,87.0
146.0,93.0,30.0,87.0
147.0,94.0,30.0,86.0
148.0,93.0,29.0,86.0
148.0,91.0,29.0,87.0
149.0,91.0,30.0,85.0
148.0,90.0,30.0,85.0
149.0,90.0,30.0,85.0
149.0,88.0,29.0,85.0
150.0,88.0,28.0,87.0
151.0,85.0,28.0,87.0
153.0,89.0,27.0,86.0
154.0,92.0,27.0,86.0
156.0,92.0,26.0,87.0
157.0,93.0,26.0,86.0
157.0,94.0,26.0,85.0
157.0,94.0,26.0,84.0
159.0,93.0,26.0,84.0
160.0,93.0,26.0,83.0
162.0,94.0,26.0,83.0
164.0,92.0,26.0,83.0
169.0,95.0,26.0,82.0
171.0,97.0,26.0,83.0
172.0,96.0,26.0,83.0
172.0,93.0,26.0,82.0
173.0,91.0,25.0,82.0
174.0,89.0,25.0,82.0
174.0,92.0,25.0,82.0
175.0,92.0,25.0,82.0
175.0,92.0,25.0,81.0
176.0,93.0,25.0,80.0
181.0,94.0,26.0,79.0
180.0,94.0,26.0,79.0
180.0,94.0,25.0,79.0
182.0,95.0,25.0,79.0
183.0,95.0,25.0,79.0
184.0,96.0,26.0,79.0
184.0,94.0,26.0,79.0
184.0,95.0,26.0,78.0
183.0,94.0,26.0,78.0
183.0,93.0,26.0,78.0
183.0,94.0,26.0,78.0
184.0,94.0,26.0,78.0
185.0,94.0,25.0,79.0
186.0,94.0,25.0,78.0
186.0,94.0,26.0,78.0
187.0,94.0,26.0,77.0
189.0,94.0,27.0,76.0
189.0,95.0,27.0,75.0
191.0,95.0,26.0,75.0
190.0,93.0,26.0,75.0
190.0,94.0,26.0,75.0
190.0,95.0,27.0,74.0
191.0,97.0,27.0,73.0
196.0,97.0,26.0,73.0
196.0,97.0,26.0,72.0
196.0,99.0,26.0,72.0
197.0,98.0,25.0,73.0
197.0,98.0,25.0,72.0
196.0,97.0,25.0,72.0
196.0,98.0,25.0,71.0
196.0,98.0,25.0,71.0
197.0,99.0,25.0,70.0
198.0,99.0,25.0,70.0
199.0,97.0,24.0,70.0
199.0,96.0,24.0,70.0
201.0,96.0,23.0,71.0
200.0,96.0,23.0,70.0
201.0,98.0,23.0,70.0
201.0,95.0,23.0,70.0
200.0,96.0,22.0,70.0
201.0,96.0,22.0,70.0
202.0,96.0,22.0,69.0
203.0,97.0,22.0,69.0
204.0,97.0,22.0,69.0
205.0,97.0,22.0,69.0
206.0,98.0,22.0,68.0
207.0,100.0,21.0,68.0
208.0,100.0,21.0,67.0
209.0,100.0,21.0,67.0
208.0,98.0,21.0,67.0
208.0,96.0,21.0,67.0
206.0,96.0,21.0,67.0
206.0,95.0,21.0,67.0
205.0,95.0,21.0,66.0
205.0,95.0,20.0,66.0
205.0,96.0,20.0,65.0
205.0,95.0,20.0,65.0
204.0,94.0,20.0,65.0
206.0,93.0,20.0,64.0
205.0,93.0,20.0,64.0
204.0,94.0,20.0,63.0
205.0,95.0,20.0,63.0
207.0,97.0,20.0,62.0
208.0,96.0,20.0,62.0
211.0,96.0,20.0,61.0
212.0,97.0,20.0,61.0
213.0,97.0,19.0,61.0
