326.0,414.0,15.0,42.0
326.0,418.0,14.0,42.0
327.0,418.0,14.0,42.0
327.0,417.0,14.0,42.0
327.0,417.0,14.0,42.0
325.0,419.0,14.0,42.0
325.0,418.0,14.0,42.0
323.0,422.0,14.0,42.0
321.0,421.0,14.0,42.0
320.0,421.0,14.0,42.0
319.0,420.0,14.0,42.0
317.0,420.0,14.0,42.0
316.0,421.0,14.0,42.0
316.0,421.0,14.0,42.0
317.0,422.0,14.0,42.0
316.0,422.0,14.0,42.0
317.0,423.0,14.0,41.0
318.0,424.0,14.0,41.0
318.0,424.0,14.0,41.0
318.0,425.0,14.0,41.0
318.0,425.0,14.0,42.0
317.0,424.0,14.0,42.0
318.0,424.0,13.0,42.0
319.0,423.0,13.0,42.0
319.0,425.0,13.0,42.0
319.0,425.0,14.0,42.0
320.0,426.0,14.0,42.0
323.0,429.0,14.0,42.0
324.0,433.0,14.0,42.0
323.0,434.0,14.0,42.0
323.0,433.0,14.0,42.0
320.0,432.0,14.0,42.0
321.0,431.0,14.0,42.0
322.0,429.0,13.0,42.0
320.0,427.0,14.0,42.0
319.0,428.0,14.0,43.0
317.0,429.0,14.0,43.0
316.0,431.0,14.0,43.0
315.0,434.0,14.0,43.0
314.0,437.0,14.0,44.0
314.0,440.0,14.0,43.0
313.0,441.0,14.0,44.0
311.0,440.0,14.0,44.0
309.0,436.0,14.0,44.0
310.0,432.0,14.0,44.0
309.0,428.0,14.0,44.0
305.0,425.0,14.0,44.0
301.0,420.0,14.0,44.0
302.0,423.0,15.0,44.0
299.0,424.0,15.0,44.0
300.0,425.0,14.0,44.0
302.0,429.0,14.0,44.0
302.0,427.0,14.0,44.0
302.0,425.0,14.0,44.0
300.0,424.0,15.0,44.0
300.0,424.0,15.0,44.0
298.0,424.0,15.0,45.0
295.0,424.0,15.0,45.0
294.0,424.0,15.0,45.0
293.0,423.0,15.0,44.0
292.0,421.0,15.0,45.0
287.0,418.0,15.0,45.0
288.0,418.0,15.0,45.0
287.0,417.0,15.0,45.0
286.0,418.0,15.0,45.0
286.0,418.0,15.0,45.0
287.0,421.0,15.0,44.0
288.0,423.0,15.0,44.0
289.0,422.0,15.0,44.0
289.0,422.0,15.0,44.0
289.0,421.0,15.0,44.0
290.0,422.0,15.0,44.0
289.0,421.0,15.0,44.0
287.0,419.0,15.0,44.0
287.0,416.0,16.0,44.0
287.0,415.0,16.0,44.0
286.0,413.0,15.0,44.0
286.0,412.0,16.0,44.0
285.0,409.0,16.0,44.0
285.0,406.0,16.0,44.0
282.0,404.0,16.0,44.0
282.0,400.0,16.0,43.0
282.0,395.0,16.0,44.0
281.0,391.0,16.0,44.0
281.0,387.0,16.0,44.0
280.0,385.0,16.0,44.0
280.0,385.0,16.0,44.0
279.0,382.0,16.0,44.0
278.0,380.0,16.0,45.0
278.0,377.0,16.0,45.0
278.0,376.0,15.0,45.0
279.0,376.0,15.0,45.0
280.0,377.0,15.0,45.0
280.0,376.0,15.0,45.0
280.0,378.0,15.0,45.0
281.0,379.0,15.0,45.0
281.0,380.0,15.0,45.0
280.0,382.0,15.0,45.0
280.0,385.0,15.0,45.0
281.0,386.0,15.0,45.0
280.0,386.0,15.0,45.0
280.0,386.0,15.0,45.0
279.0,385.0,15.0,45.0
278.0,385.0,15.0,46.0
277.0,384.0,15.0,46.0
275.0,385.0,16.0,45.0
274.0,385.0,16.0,45.0
270.0,385.0,16.0,46.0
268.0,384.0,16.0,45.0
266.0,384.0,16.0,46.0
265.0,384.0,16.0,46.0
264.0,386.0,16.0,45.0
264.0,386.0,16.0,46.0
263.0,387.0,16.0,46.0
262.0,387.0,16.0,46.0
263.0,387.0,16.0,46.0
263.0,387.0,16.0,45.0
262.0,387.0,16.0,46.0
262.0,387.0,16.0,45.0
261.0,387.0,16.0,45.0
261.0,386.0,16.0,45.0
260.0,387.0,16.0,45.0
260.0,387.0,16.0,45.0
260.0,388.0,16.0,45.0
260.0,390.0,15.0,46.0
261.0,393.0,15.0,45.0
262.0,396.0,16.0,45.0
263.0,398.0,16.0,44.0
263.0,398.0,16.0,44.0
263.0,398.0,16.0,44.0
263.0,400.0,16.0,44.0
263.0,399.0,16.0,44.0
264.0,400.0,16.0,43.0
264.0,398.0,16.0,44.0
264.0,397.0,16.0,43.0
264.0,397.0,16.0,43.0
263.0,395.0,15.0,44.0
264.0,395.0,15.0,44.0
263.0,395.0,15.0,44.0
264.0,396.0,15.0,44.0
263.0,396.0,15.0,44.0
261.0,397.0,15.0,44.0
261.0,398.0,15.0,44.0
261.0,398.0,15.0,44.0
260.0,397.0,15.0,44.0
259.0,396.0,15.0,45.0
260.0,395.0,15.0,45.0
259.0,393.0,15.0,45.0
258.0,392.0,15.0,45.0
257.0,391.0,15.0,46.0
255.0,389.0,15.0,46.0
252.0,389.0,16.0,45.0
251.0,388.0,15.0,46.0
249.0,385.0,15.0,46.0
245.0,382.0,15.0,47.0
241.0,380.0,15.0,46.0
240.0,377.0,15.0,46.0
239.0,379.0,15.0,46.0
238.0,385.0,15.0,46.0
237.0,389.0,15.0,47.0
236.0,391.0,16.0,47.0
237.0,395.0,16.0,46.0
243.0,400.0,15.0,46.0
250.0,401.0,15.0,46.0
259.0,400.0,15.0,46.0
268.0,398.0,15.0,46.0
274.0,398.0,15.0,46.0
279.0,399.0,15.0,46.0
279.0,398.0,15.0,46.0
278.0,392.0,15.0,47.0
278.0,386.0,15.0,47.0
277.0,384.0,15.0,47.0
272.0,385.0,16.0,47.0
264.0,392.0,16.0,46.0
254.0,396.0,16.0,47.0
245.0,395.0,16.0,47.0
239.0,390.0,17.0,47.0
235.0,385.0,17.0,47.0
231.0,380.0,17.0,47.0
225.0,380.0,17.0,48.0
220.0,385.0,17.0,48.0
216.0,386.0,17.0,48.0
211.0,387.0,17.0,49.0
207.0,389.0,17.0,48.0
203.0,389.0,17.0,49.0
199.0,393.0,17.0,49.0
195.0,394.0,16.0,49.0
194.0,394.0,16.0,50.0
192.0,395.0,17.0,49.0
188.0,398.0,17.0,49.0
188.0,399.0,17.0,49.0
187.0,402.0,17.0,50.0
186.0,399.0,17.0,50.0
187.0,399.0,17.0,50.0
188.0,399.0,17.0,50.0
190.0,400.0,16.0,50.0
193.0,401.0,16.0,50.0
198.0,398.0,17.0,49.0
202.0,394.0,17.0,50.0
203.0,391.0,17.0,50.0
204.0,389.0,16.0,50.0
207.0,390.0,16.0,49.0
209.0,391.0,16.0,49.0
211.0,393.0,17.0,49.0
216.0,397.0,17.0,48.0
218.0,399.0,16.0,49.0
219.0,397.0,16.0,49.0
222.0,396.0,16.0,49.0
221.0,395.0,16.0,49.0
217.0,396.0,17.0,49.0
212.0,397.0,17.0,49.0
209.0,399.0,17.0,48.0
209.0,402.0,17.0,48.0
208.0,402.0,17.0,49.0
207.0,405.0,16.0,49.0
206.0,405.0,16.0,49.0
206.0,405.0,16.0,49.0
207.0,407.0,16.0,50.0
207.0,406.0,16.0,50.0
208.0,406.0,16.0,50.0
211.0,406.0,16.0,50.0
213.0,403.0,16.0,50.0
214.0,404.0,15.0,51.0
215.0,405.0,15.0,51.0
216.0,406.0,15.0,51.0
218.0,405.0,15.0,51.0
219.0,406.0,15.0,51.0
220.0,409.0,16.0,51.0
221.0,411.0,15.0,51.0
222.0,414.0,16.0,51.0
221.0,417.0,15.0,51.0
223.0,420.0,16.0,51.0
222.0,423.0,16.0,51.0
219.0,426.0,16.0,51.0
217.0,428.0,16.0,51.0
215.0,431.0,17.0,51.0
214.0,434.0,17.0,51.0
211.0,435.0,17.0,51.0
208.0,434.0,17.0,51.0
210.0,436.0,17.0,51.0
210.0,434.0,16.0,51.0
211.0,431.0,16.0,52.0
212.0,430.0,16.0,52.0
212.0,426.0,17.0,52.0
212.0,426.0,17.0,53.0
212.0,423.0,17.0,53.0
212.0,424.0,17.0,54.0
213.0,426.0,17.0,54.0
214.0,428.0,17.0,55.0
215.0,430.0,17.0,55.0
216.0,431.0,17.0,55.0
219.0,432.0,16.0,55.0
224.0,432.0,17.0,56.0
225.0,437.0,17.0,56.0
225.0,437.0,17.0,56.0
227.0,443.0,17.0,57.0
228.0,443.0,17.0,57.0
228.0,440.0,17.0,57.0
228.0,444.0,17.0,58.0
227.0,445.0,17.0,58.0
225.0,451.0,18.0,59.0
221.0,452.0,17.0,60.0
217.0,451.0,17.0,61.0
217.0,452.0,18.0,60.0
221.0,453.0,18.0,61.0
220.0,453.0,18.0,62.0
217.0,454.0,18.0,63.0
212.0,455.0,19.0,63.0
212.0,458.0,19.0,63.0
213.0,455.0,19.0,64.0
212.0,454.0,19.0,66.0
211.0,453.0,19.0,66.0
206.0,451.0,20.0,67.0
205.0,446.0,20.0,68.0
201.0,442.0,20.0,69.0
201.0,436.0,20.0,69.0
201.0,433.0,20.0,70.0
201.0,431.0,20.0,71.0
202.0,430.0,21.0,70.0
204.0,430.0,21.0,70.0
206.0,429.0,22.0,70.0
208.0,429.0,22.0,71.0
209.0,429.0,22.0,71.0
209.0,430.0,22.0,72.0
208.0,431.0,22.0,73.0
207.0,430.0,23.0,73.0
207.0,427.0,23.0,74.0
200.0,429.0,24.0,74.0
187.0,428.0,23.0,75.0
184.0,433.0,24.0,76.0
176.0,431.0,24.0,77.0
174.0,430.0,25.0,78.0
167.0,432.0,25.0,78.0
158.0,432.0,25.0,79.0
155.0,432.0,26.0,80.0
154.0,433.0,26.0,82.0
155.0,437.0,26.0,82.0
156.0,439.0,27.0,82.0
156.0,441.0,26.0,83.0
160.0,444.0,26.0,83.0
167.0,445.0,26.0,84.0
170.0,450.0,27.0,84.0
172.0,452.0,26.0,84.0
176.0,450.0,26.0,85.0
180.0,450.0,25.0,86.0
181.0,455.0,26.0,85.0
182.0,457.0,27.0,85.0
182.0,457.0,27.0,85.0
181.0,455.0,27.0,86.0
183.0,455.0,27.0,86.0
183.0,454.0,28.0,86.0
182.0,451.0,28.0,86.0
175.0,448.0,28.0,87.0
168.0,440.0,28.0,87.0
168.0,435.0,29.0,88.0
167.0,428.0,29.0,89.0
168.0,423.0,29.0,90.0
171.0,422.0,30.0,89.0
180.0,430.0,30.0,89.0
192.0,429.0,29.0,89.0
200.0,430.0,29.0,89.0
210.0,431.0,29.0,90.0
220.0,438.0,29.0,91.0
225.0,442.0,28.0,91.0
229.0,446.0,28.0,91.0
238.0,448.0,28.0,91.0
242.0,446.0,28.0,91.0
246.0,444.0,27.0,91.0
249.0,441.0,28.0,91.0
253.0,436.0,29.0,89.0
256.0,432.0,29.0,90.0
260.0,430.0,29.0,90.0
262.0,429.0,29.0,90.0
263.0,426.0,29.0,91.0
262.0,424.0,29.0,91.0
262.0,425.0,30.0,91.0
263.0,428.0,30.0,91.0
263.0,430.0,30.0,92.0
260.0,427.0,30.0,93.0
256.0,428.0,30.0,93.0
256.0,425.0,30.0,93.0
255.0,423.0,31.0,93.0
255.0,420.0,31.0,93.0
257.0,418.0,31.0,94.0
261.0,417.0,31.0,95.0
260.0,417.0,31.0,95.0
259.0,416.0,31.0,96.0
258.0,416.0,32.0,96.0
255.0,412.0,32.0,97.0
256.0,409.0,32.0,99.0
256.0,403.0,32.0,100.0
253.0,397.0,32.0,100.0
251.0,398.0,33.0,101.0
252.0,398.0,33.0,100.0
253.0,394.0,34.0,101.0
255.0,386.0,34.0,102.0
258.0,383.0,34.0,101.0
262.0,382.0,34.0,102.0
261.0,380.0,34.0,102.0
261.0,376.0,34.0,102.0
261.0,376.0,34.0,103.0
264.0,375.0,34.0,103.0
265.0,379.0,34.0,102.0
266.0,382.0,35.0,103.0
267.0,382.0,35.0,103.0
267.0,385.0,35.0,103.0
265.0,388.0,35.0,103.0
264.0,396.0,35.0,104.0
261.0,401.0,35.0,104.0
258.0,407.0,36.0,104.0
257.0,410.0,36.0,104.0
256.0,409.0,36.0,104.0
257.0,413.0,36.0,104.0
260.0,414.0,37.0,104.0
260.0,414.0,37.0,103.0
260.0,414.0,38.0,103.0
261.0,413.0,37.0,104.0
262.0,414.0,37.0,104.0
264.0,410.0,38.0,104.0
267.0,409.0,38.0,103.0
267.0,415.0,37.0,105.0
266.0,415.0,38.0,105.0
266.0,414.0,38.0,105.0
266.0,413.0,39.0,106.0
262.0,412.0,39.0,107.0
261.0,411.0,39.0,108.0
262.0,413.0,38.0,109.0
261.0,417.0,39.0,110.0
259.0,416.0,39.0,110.0
259.0,421.0,40.0,110.0
256.0,416.0,40.0,112.0
255.0,416.0,40.0,114.0
255.0,416.0,40.0,115.0
253.0,416.0,41.0,116.0
254.0,424.0,41.0,117.0
256.0,424.0,41.0,119.0
257.0,428.0,41.0,120.0
257.0,434.0,42.0,120.0
258.0,436.0,42.0,122.0
258.0,441.0,42.0,124.0
258.0,448.0,42.0,125.0
258.0,454.0,43.0,125.0
255.0,455.0,43.0,126.0
249.0,455.0,43.0,127.0
247.0,451.0,43.0,129.0
243.0,449.0,44.0,130.0
238.0,441.0,45.0,131.0
234.0,428.0,45.0,133.0
225.0,419.0,45.0,134.0
230.0,407.0,44.0,135.0
230.0,403.0,45.0,135.0
231.0,396.0,45.0,136.0
235.0,397.0,46.0,135.0
235.0,396.0,46.0,135.0
235.0,400.0,46.0,136.0
236.0,406.0,46.0,137.0
239.0,404.0,46.0,137.0
239.0,409.0,46.0,138.0
239.0,403.0,46.0,138.0
240.0,399.0,46.0,140.0
240.0,391.0,46.0,141.0
237.0,391.0,47.0,142.0
239.0,396.0,46.0,143.0
241.0,396.0,46.0,145.0
245.0,401.0,46.0,145.0
248.0,407.0,48.0,144.0
249.0,425.0,48.0,144.0
252.0,431.0,47.0,144.0
253.0,426.0,48.0,144.0
254.0,431.0,48.0,144.0
251.0,428.0,48.0,147.0
243.0,423.0,48.0,147.0
235.0,419.0,47.0,147.0
233.0,410.0,48.0,149.0
224.0,403.0,48.0,149.0
227.0,406.0,48.0,150.0
228.0,403.0,48.0,152.0
226.0,403.0,49.0,152.0
226.0,403.0,50.0,153.0
226.0,404.0,51.0,154.0
226.0,405.0,51.0,155.0
226.0,410.0,52.0,154.0
228.0,414.0,52.0,154.0
230.0,413.0,51.0,155.0
238.0,412.0,52.0,157.0
239.0,417.0,53.0,157.0
241.0,417.0,52.0,158.0
240.0,416.0,53.0,159.0
237.0,411.0,54.0,159.0
235.0,404.0,54.0,160.0
234.0,400.0,54.0,161.0
232.0,394.0,54.0,162.0
229.0,388.0,55.0,162.0
224.0,388.0,55.0,163.0
220.0,388.0,55.0,163.0
216.0,386.0,56.0,163.0
213.0,386.0,55.0,164.0
213.0,390.0,54.0,165.0
212.0,385.0,54.0,165.0
212.0,386.0,52.0,167.0
212.0,385.0,51.0,170.0
210.0,384.0,51.0,171.0
210.0,379.0,52.0,170.0
210.0,376.0,51.0,172.0
209.0,375.0,52.0,173.0
210.0,375.0,52.0,174.0
209.0,378.0,52.0,175.0
209.0,374.0,52.0,175.0
211.0,375.0,51.0,178.0
212.0,375.0,50.0,180.0
214.0,374.0,50.0,182.0
216.0,374.0,50.0,183.0
217.0,378.0,51.0,184.0
217.0,371.0,52.0,183.0
219.0,376.0,53.0,184.0
223.0,377.0,52.0,186.0
233.0,381.0,52.0,187.0
233.0,385.0,52.0,188.0
236.0,387.0,52.0,190.0
237.0,379.0,52.0,190.0
239.0,387.0,53.0,190.0
240.0,388.0,53.0,191.0
241.0,390.0,53.0,192.0
240.0,390.0,53.0,194.0
239.0,393.0,53.0,196.0
241.0,395.0,53.0,197.0
241.0,397.0,53.0,199.0
242.0,397.0,53.0,201.0
243.0,399.0,53.0,202.0
242.0,398.0,54.0,203.0
241.0,400.0,55.0,203.0
241.0,404.0,55.0,203.0
240.0,403.0,56.0,203.0
240.0,402.0,56.0,204.0
240.0,399.0,57.0,203.0
239.0,396.0,57.0,204.0
240.0,394.0,57.0,205.0
239.0,385.0,57.0,206.0
238.0,379.0,59.0,204.0
238.0,380.0,60.0,203.0
238.0,379.0,61.0,201.0
239.0,378.0,61.0,202.0
240.0,376.0,60.0,202.0
241.0,376.0,61.0,201.0
243.0,375.0,62.0,199.0
245.0,373.0,61.0,201.0
245.0,371.0,60.0,202.0
246.0,369.0,61.0,201.0
247.0,369.0,61.0,201.0
246.0,369.0,61.0,202.0
247.0,372.0,61.0,201.0
247.0,375.0,61.0,202.0
246.0,375.0,61.0,203.0
245.0,379.0,60.0,203.0
243.0,381.0,60.0,203.0
241.0,386.0,61.0,202.0
240.0,390.0,60.0,202.0
237.0,393.0,59.0,203.0
233.0,397.0,59.0,204.0
228.0,400.0,59.0,203.0
223.0,402.0,60.0,203.0
220.0,406.0,60.0,202.0
216.0,406.0,60.0,203.0
213.0,409.0,61.0,202.0
211.0,410.0,61.0,202.0
209.0,409.0,62.0,200.0
207.0,410.0,63.0,198.0
208.0,409.0,64.0,198.0
209.0,411.0,63.0,198.0
209.0,411.0,64.0,197.0
210.0,413.0,63.0,197.0
210.0,416.0,64.0,196.0
211.0,414.0,64.0,197.0
213.0,416.0,63.0,197.0
214.0,416.0,63.0,198.0
216.0,414.0,62.0,198.0
218.0,415.0,62.0,198.0
218.0,418.0,63.0,198.0
219.0,417.0,62.0,199.0
220.0,421.0,62.0,199.0
220.0,422.0,62.0,200.0
221.0,425.0,62.0,200.0
221.0,427.0,61.0,203.0
221.0,421.0,61.0,203.0
222.0,427.0,60.0,204.0
221.0,429.0,60.0,206.0
233.0,420.0,60.0,206.0
230.0,427.0,59.0,208.0
228.0,432.0,59.0,209.0
228.0,435.0,59.0,209.0
225.0,425.0,59.0,209.0
222.0,424.0,59.0,211.0
218.0,427.0,60.0,210.0
219.0,417.0,60.0,210.0
232.0,420.0,61.0,210.0
231.0,412.0,62.0,209.0
230.0,416.0,62.0,209.0
227.0,420.0,62.0,209.0
228.0,425.0,62.0,209.0
228.0,432.0,62.0,210.0
227.0,425.0,64.0,208.0
226.0,432.0,63.0,210.0
225.0,424.0,63.0,210.0
237.0,418.0,63.0,209.0
235.0,417.0,63.0,209.0
247.0,409.0,64.0,208.0
244.0,413.0,63.0,209.0
242.0,405.0,64.0,208.0
242.0,407.0,63.0,208.0
255.0,403.0,63.0,208.0
252.0,403.0,64.0,208.0
250.0,402.0,64.0,209.0
248.0,401.0,65.0,208.0
247.0,401.0,65.0,208.0
247.0,407.0,65.0,209.0
260.0,394.0,64.0,209.0
259.0,403.0,63.0,211.0
256.0,405.0,62.0,214.0
253.0,406.0,62.0,215.0
251.0,410.0,62.0,216.0
249.0,407.0,63.0,215.0
246.0,411.0,63.0,216.0
244.0,405.0,63.0,216.0
241.0,406.0,64.0,216.0
238.0,406.0,64.0,216.0
234.0,405.0,64.0,216.0
231.0,402.0,65.0,215.0
227.0,404.0,66.0,215.0
225.0,406.0,66.0,215.0
223.0,403.0,66.0,215.0
223.0,409.0,66.0,215.0
223.0,403.0,67.0,215.0
225.0,406.0,67.0,214.0
228.0,406.0,68.0,214.0
229.0,406.0,68.0,213.0
231.0,406.0,69.0,212.0
231.0,410.0,70.0,211.0
231.0,405.0,71.0,210.0
231.0,406.0,70.0,210.0
230.0,407.0,70.0,209.0
230.0,405.0,71.0,208.0
231.0,409.0,70.0,209.0
231.0,413.0,70.0,207.0
229.0,414.0,71.0,206.0
228.0,417.0,71.0,205.0
228.0,421.0,71.0,205.0
226.0,422.0,71.0,203.0
226.0,425.0,70.0,203.0
225.0,429.0,71.0,200.0
224.0,427.0,71.0,200.0
223.0,432.0,72.0,197.0
223.0,430.0,73.0,195.0
224.0,428.0,73.0,193.0
225.0,432.0,73.0,193.0
226.0,431.0,72.0,193.0
226.0,432.0,73.0,190.0
226.0,435.0,74.0,188.0
226.0,439.0,74.0,187.0
228.0,443.0,72.0,190.0
229.0,449.0,71.0,190.0
230.0,450.0,69.0,191.0
229.0,452.0,69.0,190.0
230.0,453.0,68.0,191.0
231.0,457.0,67.0,191.0
231.0,459.0,68.0,188.0
232.0,463.0,69.0,187.0
233.0,465.0,67.0,187.0
234.0,467.0,66.0,186.0
235.0,468.0,66.0,185.0
235.0,468.0,66.0,184.0
234.0,470.0,65.0,184.0
231.0,470.0,64.0,184.0
229.0,469.0,63.0,184.0
228.0,470.0,62.0,185.0
227.0,466.0,63.0,184.0
225.0,466.0,63.0,183.0
226.0,467.0,64.0,183.0
228.0,466.0,63.0,185.0
230.0,464.0,63.0,185.0
231.0,468.0,64.0,184.0
231.0,469.0,65.0,182.0
234.0,470.0,64.0,183.0
236.0,468.0,63.0,183.0
235.0,472.0,64.0,181.0
234.0,472.0,64.0,181.0
233.0,475.0,65.0,179.0
233.0,476.0,64.0,180.0
234.0,480.0,65.0,178.0
234.0,477.0,63.0,181.0
235.0,479.0,63.0,180.0
236.0,477.0,63.0,179.0
236.0,479.0,63.0,179.0
236.0,480.0,62.0,180.0
236.0,482.0,61.0,181.0
236.0,480.0,59.0,183.0
236.0,480.0,59.0,183.0
237.0,481.0,58.0,184.0
237.0,484.0,58.0,184.0
237.0,487.0,59.0,181.0
237.0,487.0,60.0,179.0
238.0,488.0,61.0,178.0
238.0,486.0,61.0,177.0
239.0,486.0,60.0,178.0
239.0,486.0,60.0,178.0
238.0,488.0,60.0,178.0
238.0,486.0,60.0,178.0
237.0,487.0,60.0,177.0
237.0,485.0,61.0,177.0
238.0,486.0,60.0,178.0
238.0,484.0,59.0,179.0
238.0,479.0,61.0,177.0
239.0,476.0,60.0,178.0
238.0,472.0,60.0,178.0
237.0,466.0,60.0,178.0
236.0,465.0,61.0,179.0
237.0,464.0,60.0,180.0
237.0,464.0,60.0,181.0
239.0,460.0,60.0,182.0
241.0,464.0,61.0,182.0
243.0,459.0,61.0,185.0
247.0,464.0,62.0,185.0
248.0,463.0,62.0,186.0
251.0,464.0,64.0,186.0
251.0,464.0,65.0,186.0
253.0,463.0,65.0,186.0
255.0,463.0,65.0,188.0
257.0,461.0,63.0,190.0
258.0,459.0,64.0,189.0
261.0,457.0,64.0,189.0
261.0,456.0,65.0,189.0
263.0,459.0,64.0,190.0
263.0,457.0,64.0,189.0
263.0,458.0,65.0,189.0
263.0,457.0,65.0,188.0
263.0,459.0,65.0,188.0
263.0,459.0,65.0,188.0
263.0,460.0,65.0,187.0
263.0,459.0,64.0,187.0
263.0,458.0,65.0,186.0
263.0,457.0,64.0,186.0
260.0,457.0,66.0,183.0
259.0,455.0,67.0,182.0
258.0,451.0,66.0,183.0
258.0,446.0,65.0,184.0
258.0,443.0,64.0,185.0
257.0,442.0,65.0,183.0
257.0,438.0,65.0,183.0
256.0,442.0,65.0,183.0
256.0,437.0,65.0,183.0
255.0,443.0,65.0,183.0
254.0,442.0,65.0,183.0
254.0,436.0,65.0,183.0
254.0,429.0,65.0,183.0
