110.0,111.0,37.0,116.0
114.0,110.0,37.0,116.0
115.0,112.0,36.0,115.0
114.0,109.0,36.0,116.0
115.0,111.0,36.0,115.0
115.0,112.0,36.0,115.0
114.0,113.0,37.0,115.0
113.0,111.0,36.0,115.0
113.0,109.0,36.0,115.0
115.0,110.0,36.0,116.0
116.0,111.0,36.0,115.0
118.0,114.0,36.0,115.0
120.0,112.0,35.0,116.0
121.0,117.0,36.0,115.0
122.0,114.0,36.0,115.0
123.0,115.0,36.0,114.0
122.0,117.0,36.0,113.0
122.0,116.0,37.0,112.0
121.0,118.0,36.0,112.0
117.0,116.0,35.0,112.0
113.0,117.0,35.0,112.0
110.0,114.0,35.0,112.0
107.0,112.0,35.0,111.0
105.0,117.0,36.0,110.0
103.0,117.0,37.0,108.0
102.0,119.0,36.0,109.0
101.0,117.0,36.0,108.0
100.0,117.0,36.0,107.0
100.0,114.0,35.0,108.0
99.0,110.0,34.0,108.0
98.0,106.0,34.0,109.0
97.0,107.0,33.0,108.0
94.0,107.0,34.0,107.0
94.0,106.0,34.0,105.0
93.0,100.0,34.0,104.0
95.0,100.0,34.0,104.0
95.0,99.0,34.0,104.0
94.0,96.0,34.0,103.0
93.0,95.0,34.0,102.0
91.0,96.0,34.0,101.0
83.0,99.0,34.0,100.0
74.0,97.0,34.0,99.0
70.0,97.0,35.0,98.0
70.0,96.0,34.0,98.0
71.0,101.0,33.0,98.0
70.0,107.0,33.0,98.0
60.0,106.0,32.0,99.0
68.0,104.0,33.0,96.0
68.0,89.0,33.0,96.0
68.0,79.0,33.0,95.0
68.0,78.0,33.0,94.0
71.0,79.0,33.0,93.0
79.0,87.0,33.0,92.0
80.0,106.0,33.0,91.0
90.0,118.0,33.0,91.0
101.0,128.0,32.0,91.0
103.0,129.0,32.0,91.0
111.0,115.0,31.0,92.0
121.0,95.0,31.0,92.0
131.0,93.0,31.0,91.0
130.0,101.0,32.0,91.0
128.0,116.0,32.0,90.0
129.0,126.0,32.0,90.0
118.0,142.0,32.0,90.0
99.0,147.0,32.0,89.0
100.0,125.0,32.0,90.0
92.0,105.0,31.0,90.0
90.0,102.0,31.0,89.0
90.0,106.0,31.0,90.0
84.0,115.0,31.0,90.0
86.0,124.0,31.0,89.0
101.0,132.0,31.0,87.0
105.0,120.0,31.0,87.0
120.0,100.0,31.0,87.0
129.0,92.0,30.0,87.0
137.0,81.0,30.0,87.0
134.0,84.0,30.0,87.0
132.0,95.0,29.0,87.0
126.0,113.0,30.0,87.0
119.0,119.0,29.0,87.0
96.0,122.0,29.0,87.0
96.0,102.0,30.0,86.0
86.0,93.0,30.0,86.0
85.0,100.0,30.0,85.0
89.0,111.0,30.0,85.0
91.0,115.0,29.0,85.0
106.0,125.0,29.0,85.0
117.0,121.0,29.0,85.0
120.0,111.0,29.0,85.0
130.0,101.0,29.0,84.0
137.0,100.0,29.0,84.0
137.0,103.0,29.0,84.0
136.0,112.0,29.0,83.0
138.0,123.0,29.0,84.0
132.0,133.0,30.0,83.0
118.0,126.0,30.0,82.0
121.0,113.0,29.0,83.0
118.0,108.0,29.0,84.0
114.0,111.0,29.0,83.0
112.0,113.0,28.0,84.0
111.0,117.0,28.0,84.0
115.0,120.0,28.0,84.0
119.0,125.0,28.0,84.0
118.0,126.0,27.0,84.0
115.0,123.0,28.0,83.0
114.0,108.0,28.0,83.0
115.0,106.0,28.0,84.0
114.0,108.0,27.0,84.0
112.0,109.0,27.0,84.0
114.0,120.0,27.0,83.0
104.0,120.0,28.0,82.0
89.0,110.0,27.0,82.0
96.0,90.0,27.0,83.0
78.0,79.0,27.0,83.0
70.0,75.0,27.0,83.0
66.0,80.0,28.0,82.0
65.0,92.0,27.0,83.0
74.0,100.0,27.0,82.0
104.0,109.0,27.0,82.0
115.0,112.0,26.0,83.0
129.0,103.0,26.0,82.0
158.0,90.0,26.0,82.0
179.0,98.0,27.0,81.0
182.0,108.0,26.0,81.0
185.0,124.0,26.0,81.0
183.0,131.0,26.0,80.0
177.0,131.0,26.0,80.0
148.0,137.0,26.0,80.0
141.0,124.0,26.0,81.0
132.0,114.0,26.0,81.0
124.0,115.0,25.0,81.0
121.0,115.0,26.0,81.0
115.0,116.0,26.0,81.0
117.0,122.0,26.0,81.0
124.0,131.0,26.0,79.0
127.0,129.0,26.0,79.0
135.0,112.0,27.0,79.0
136.0,101.0,27.0,79.0
145.0,90.0,27.0,79.0
148.0,85.0,27.0,79.0
149.0,90.0,27.0,78.0
148.0,100.0,27.0,78.0
133.0,109.0,26.0,79.0
118.0,111.0,26.0,79.0
115.0,102.0,25.0,79.0
114.0,89.0,26.0,79.0
108.0,85.0,26.0,79.0
117.0,89.0,25.0,79.0
122.0,95.0,25.0,79.0
125.0,98.0,25.0,79.0
134.0,106.0,25.0,78.0
141.0,113.0,25.0,78.0
143.0,114.0,25.0,77.0
156.0,98.0,25.0,78.0
158.0,92.0,25.0,78.0
155.0,92.0,25.0,78.0
149.0,97.0,25.0,77.0
147.0,109.0,25.0,77.0
137.0,117.0,25.0,77.0
116.0,123.0,25.0,77.0
116.0,108.0,25.0,78.0
108.0,101.0,25.0,77.0
107.0,93.0,24.0,79.0
115.0,92.0,23.0,79.0
124.0,101.0,24.0,77.0
139.0,107.0,24.0,77.0
148.0,112.0,24.0,76.0
156.0,118.0,24.0,75.0
165.0,106.0,23.0,76.0
179.0,88.0,23.0,77.0
187.0,86.0,24.0,76.0
179.0,89.0,23.0,77.0
177.0,96.0,23.0,77.0
175.0,105.0,23.0,76.0
153.0,108.0,23.0,76.0
145.0,111.0,24.0,76.0
131.0,99.0,24.0,76.0
116.0,91.0,24.0,77.0
115.0,90.0,24.0,77.0
115.0,95.0,23.0,78.0
121.0,103.0,23.0,78.0
130.0,111.0,24.0,77.0
151.0,117.0,24.0,77.0
162.0,110.0,24.0,77.0
169.0,102.0,24.0,77.0
183.0,91.0,24.0,76.0
179.0,95.0,23.0,76.0
173.0,99.0,23.0,77.0
170.0,108.0,23.0,77.0
159.0,115.0,23.0,77.0
143.0,117.0,23.0,77.0
126.0,115.0,23.0,77.0
111.0,95.0,23.0,77.0
98.0,86.0,24.0,75.0
98.0,87.0,24.0,76.0
100.0,89.0,24.0,75.0
104.0,91.0,24.0,75.0
114.0,100.0,24.0,74.0
123.0,97.0,24.0,74.0
137.0,84.0,24.0,74.0
146.0,70.0,23.0,74.0
155.0,67.0,23.0,74.0
157.0,64.0,23.0,74.0
153.0,69.0,23.0,74.0
146.0,84.0,23.0,74.0
131.0,97.0,24.0,74.0
105.0,111.0,24.0,73.0
103.0,107.0,24.0,74.0
87.0,98.0,24.0,74.0
74.0,94.0,23.0,75.0
79.0,99.0,23.0,74.0
78.0,101.0,23.0,74.0
87.0,107.0,23.0,74.0
94.0,108.0,23.0,74.0
97.0,105.0,23.0,73.0
115.0,91.0,23.0,73.0
134.0,71.0,23.0,73.0
147.0,65.0,23.0,73.0
147.0,73.0,23.0,73.0
148.0,83.0,23.0,73.0
141.0,97.0,23.0,73.0
116.0,98.0,23.0,73.0
104.0,98.0,23.0,73.0
84.0,84.0,22.0,74.0
76.0,83.0,22.0,75.0
66.0,83.0,22.0,75.0
65.0,87.0,22.0,75.0
69.0,97.0,23.0,74.0
84.0,104.0,23.0,73.0
97.0,98.0,23.0,73.0
103.0,96.0,23.0,73.0
124.0,86.0,23.0,73.0
144.0,73.0,23.0,72.0
151.0,72.0,23.0,72.0
146.0,87.0,22.0,73.0
134.0,101.0,22.0,73.0
122.0,110.0,22.0,73.0
96.0,116.0,23.0,73.0
91.0,112.0,23.0,73.0
80.0,101.0,22.0,74.0
79.0,95.0,23.0,72.0
86.0,93.0,23.0,72.0
92.0,94.0,23.0,72.0
98.0,99.0,23.0,71.0
117.0,100.0,22.0,71.0
117.0,93.0,22.0,71.0
122.0,91.0,22.0,71.0
133.0,77.0,22.0,71.0
139.0,70.0,22.0,71.0
140.0,67.0,22.0,72.0
