198.0,249.0,95.0,325.0
187.0,257.0,97.0,322.0
186.0,250.0,98.0,322.0
185.0,248.0,101.0,319.0
187.0,251.0,101.0,320.0
187.0,250.0,102.0,320.0
193.0,245.0,103.0,320.0
197.0,242.0,103.0,319.0
200.0,243.0,104.0,317.0
202.0,244.0,105.0,317.0
202.0,244.0,107.0,314.0
208.0,239.0,106.0,317.0
209.0,244.0,106.0,317.0
208.0,246.0,107.0,317.0
209.0,248.0,106.0,319.0
212.0,249.0,106.0,319.0
214.0,248.0,104.0,322.0
219.0,241.0,102.0,326.0
224.0,239.0,102.0,325.0
221.0,240.0,106.0,322.0
217.0,233.0,106.0,324.0
211.0,228.0,108.0,323.0
210.0,225.0,107.0,324.0
208.0,215.0,107.0,325.0
206.0,210.0,106.0,325.0
204.0,215.0,106.0,327.0
203.0,218.0,108.0,329.0
203.0,215.0,109.0,331.0
206.0,213.0,110.0,334.0
208.0,202.0,111.0,335.0
211.0,214.0,110.0,339.0
209.0,227.0,112.0,338.0
207.0,229.0,110.0,342.0
207.0,230.0,109.0,344.0
207.0,232.0,110.0,345.0
206.0,229.0,109.0,347.0
202.0,235.0,112.0,345.0
201.0,227.0,112.0,347.0
198.0,224.0,114.0,346.0
197.0,215.0,114.0,348.0
199.0,210.0,114.0,349.0
198.0,218.0,115.0,350.0
193.0,201.0,117.0,350.0
194.0,190.0,117.0,352.0
198.0,185.0,116.0,353.0
206.0,183.0,116.0,353.0
214.0,181.0,116.0,353.0
216.0,176.0,116.0,354.0
221.0,180.0,117.0,354.0
227.0,185.0,117.0,356.0
231.0,191.0,116.0,358.0
230.0,193.0,117.0,357.0
226.0,191.0,118.0,355.0
228.0,190.0,118.0,354.0
236.0,188.0,118.0,354.0
239.0,192.0,119.0,353.0
234.0,190.0,120.0,352.0
234.0,195.0,120.0,352.0
233.0,196.0,119.0,353.0
222.0,189.0,122.0,352.0
205.0,176.0,122.0,356.0
188.0,157.0,122.0,361.0
176.0,141.0,123.0,365.0
170.0,134.0,123.0,365.0
169.0,131.0,123.0,366.0
170.0,139.0,123.0,366.0
169.0,146.0,125.0,363.0
170.0,149.0,126.0,362.0
172.0,150.0,128.0,358.0
178.0,157.0,129.0,356.0
182.0,159.0,128.0,356.0
189.0,160.0,126.0,358.0
195.0,161.0,126.0,358.0
201.0,162.0,125.0,360.0
208.0,183.0,124.0,363.0
208.0,193.0,125.0,361.0
207.0,201.0,126.0,359.0
206.0,197.0,125.0,359.0
205.0,187.0,123.0,361.0
202.0,174.0,122.0,364.0
202.0,164.0,124.0,361.0
201.0,163.0,125.0,358.0
202.0,154.0,124.0,359.0
204.0,150.0,125.0,356.0
203.0,157.0,128.0,351.0
222.0,161.0,127.0,351.0
220.0,172.0,128.0,349.0
239.0,183.0,129.0,347.0
245.0,188.0,126.0,351.0
252.0,190.0,126.0,349.0
277.0,192.0,126.0,347.0
297.0,191.0,124.0,347.0
304.0,191.0,124.0,347.0
326.0,188.0,121.0,349.0
347.0,186.0,117.0,356.0
344.0,195.0,116.0,360.0
346.0,175.0,110.0,369.0
347.0,158.0,108.0,374.0
351.0,146.0,106.0,378.0
350.0,135.0,106.0,380.0
352.0,133.0,108.0,379.0
357.0,140.0,109.0,379.0
360.0,129.0,109.0,380.0
358.0,124.0,110.0,380.0
358.0,134.0,111.0,380.0
359.0,138.0,111.0,380.0
361.0,139.0,110.0,383.0
375.0,144.0,110.0,386.0
373.0,148.0,110.0,390.0
373.0,148.0,109.0,393.0
371.0,156.0,110.0,394.0
368.0,159.0,112.0,394.0
365.0,166.0,114.0,393.0
359.0,159.0,115.0,393.0
358.0,174.0,118.0,390.0
355.0,168.0,118.0,391.0
353.0,158.0,120.0,389.0
349.0,149.0,120.0,389.0
345.0,146.0,121.0,389.0
341.0,148.0,122.0,388.0
336.0,152.0,122.0,390.0
332.0,166.0,122.0,392.0
327.0,184.0,122.0,391.0
322.0,172.0,122.0,393.0
313.0,192.0,122.0,395.0
307.0,189.0,123.0,394.0
302.0,196.0,126.0,393.0
296.0,202.0,127.0,392.0
291.0,210.0,129.0,391.0
287.0,217.0,132.0,389.0
285.0,220.0,132.0,391.0
281.0,232.0,133.0,389.0
281.0,225.0,132.0,390.0
282.0,234.0,132.0,389.0
282.0,237.0,131.0,390.0
281.0,201.0,129.0,393.0
279.0,196.0,130.0,395.0
278.0,185.0,129.0,398.0
278.0,173.0,127.0,400.0
275.0,166.0,128.0,401.0
272.0,156.0,128.0,402.0
272.0,152.0,128.0,403.0
274.0,149.0,126.0,406.0
280.0,150.0,125.0,407.0
283.0,148.0,125.0,408.0
286.0,157.0,129.0,401.0
287.0,168.0,131.0,398.0
288.0,168.0,128.0,402.0
289.0,168.0,128.0,400.0
293.0,167.0,128.0,399.0
293.0,172.0,127.0,398.0
295.0,172.0,126.0,397.0
296.0,174.0,126.0,397.0
297.0,175.0,125.0,396.0
295.0,175.0,124.0,397.0
294.0,169.0,124.0,396.0
294.0,163.0,122.0,396.0
291.0,158.0,122.0,395.0
289.0,149.0,121.0,395.0
287.0,141.0,119.0,398.0
286.0,140.0,119.0,395.0
286.0,141.0,120.0,391.0
285.0,144.0,121.0,388.0
284.0,141.0,120.0,387.0
280.0,143.0,121.0,383.0
276.0,146.0,121.0,379.0
276.0,148.0,119.0,378.0
276.0,154.0,119.0,376.0
275.0,165.0,120.0,370.0
274.0,167.0,121.0,367.0
276.0,174.0,119.0,367.0
279.0,178.0,119.0,364.0
279.0,180.0,117.0,365.0
279.0,181.0,117.0,361.0
280.0,195.0,118.0,357.0
279.0,197.0,123.0,347.0
281.0,199.0,124.0,344.0
286.0,196.0,121.0,344.0
290.0,203.0,123.0,339.0
293.0,206.0,124.0,333.0
296.0,203.0,121.0,333.0
300.0,196.0,118.0,334.0
302.0,185.0,115.0,333.0
304.0,181.0,114.0,331.0
306.0,179.0,111.0,331.0
308.0,177.0,108.0,332.0
311.0,173.0,106.0,332.0
313.0,175.0,105.0,331.0
315.0,175.0,103.0,331.0
318.0,180.0,102.0,332.0
319.0,188.0,101.0,332.0
319.0,187.0,100.0,332.0
316.0,187.0,102.0,330.0
313.0,196.0,103.0,328.0
312.0,205.0,102.0,329.0
310.0,195.0,103.0,327.0
309.0,220.0,103.0,326.0
304.0,208.0,105.0,323.0
303.0,212.0,105.0,321.0
299.0,220.0,105.0,320.0
297.0,228.0,105.0,318.0
295.0,235.0,108.0,314.0
294.0,220.0,107.0,315.0
297.0,223.0,105.0,316.0
294.0,210.0,105.0,317.0
297.0,215.0,104.0,318.0
296.0,207.0,104.0,318.0
299.0,215.0,103.0,318.0
272.0,184.0,105.0,314.0
270.0,191.0,111.0,305.0
272.0,188.0,110.0,304.0
276.0,197.0,112.0,301.0
278.0,188.0,112.0,299.0
297.0,207.0,110.0,299.0
295.0,199.0,109.0,298.0
297.0,215.0,110.0,295.0
300.0,212.0,109.0,295.0
301.0,211.0,107.0,294.0
304.0,237.0,107.0,292.0
306.0,237.0,108.0,289.0
308.0,238.0,108.0,288.0
310.0,238.0,107.0,288.0
313.0,237.0,106.0,288.0
317.0,238.0,104.0,288.0
318.0,220.0,100.0,291.0
321.0,223.0,96.0,296.0
320.0,212.0,95.0,297.0
319.0,201.0,100.0,290.0
334.0,210.0,98.0,290.0
331.0,208.0,96.0,291.0
333.0,206.0,95.0,291.0
335.0,202.0,95.0,290.0
339.0,196.0,95.0,289.0
356.0,198.0,94.0,290.0
351.0,198.0,96.0,286.0
353.0,200.0,96.0,284.0
354.0,200.0,96.0,282.0
356.0,202.0,94.0,282.0
354.0,207.0,96.0,275.0
369.0,211.0,97.0,274.0
367.0,219.0,96.0,275.0
362.0,221.0,96.0,274.0
358.0,221.0,94.0,276.0
354.0,222.0,91.0,279.0
348.0,225.0,90.0,279.0
341.0,218.0,90.0,277.0
333.0,219.0,88.0,278.0
327.0,221.0,88.0,275.0
321.0,213.0,87.0,273.0
316.0,209.0,88.0,273.0
312.0,204.0,87.0,271.0
311.0,198.0,88.0,267.0
307.0,195.0,88.0,265.0
303.0,206.0,90.0,260.0
301.0,201.0,90.0,257.0
300.0,197.0,89.0,256.0
300.0,194.0,91.0,251.0
304.0,194.0,89.0,251.0
310.0,191.0,87.0,250.0
316.0,195.0,88.0,247.0
320.0,203.0,89.0,243.0
326.0,208.0,88.0,242.0
332.0,210.0,88.0,239.0
337.0,213.0,86.0,240.0
342.0,216.0,84.0,240.0
358.0,221.0,85.0,236.0
358.0,224.0,84.0,235.0
360.0,230.0,83.0,234.0
362.0,236.0,82.0,234.0
377.0,241.0,79.0,235.0
375.0,247.0,77.0,237.0
373.0,241.0,76.0,238.0
372.0,246.0,76.0,237.0
371.0,239.0,76.0,235.0
370.0,239.0,77.0,233.0
368.0,242.0,78.0,231.0
369.0,242.0,79.0,229.0
367.0,239.0,79.0,227.0
365.0,242.0,80.0,224.0
366.0,246.0,80.0,223.0
365.0,251.0,80.0,223.0
364.0,243.0,79.0,226.0
360.0,250.0,80.0,224.0
356.0,240.0,79.0,226.0
350.0,235.0,80.0,225.0
344.0,237.0,81.0,222.0
339.0,235.0,80.0,222.0
334.0,236.0,79.0,223.0
329.0,236.0,78.0,223.0
324.0,235.0,77.0,224.0
319.0,232.0,78.0,225.0
302.0,231.0,75.0,228.0
299.0,233.0,76.0,228.0
293.0,232.0,75.0,230.0
288.0,228.0,75.0,231.0
281.0,227.0,75.0,232.0
262.0,225.0,75.0,231.0
257.0,232.0,76.0,229.0
251.0,230.0,76.0,229.0
244.0,231.0,76.0,228.0
230.0,234.0,75.0,229.0
228.0,241.0,75.0,229.0
223.0,247.0,75.0,230.0
206.0,242.0,74.0,230.0
205.0,235.0,74.0,230.0
201.0,228.0,74.0,231.0
198.0,233.0,71.0,235.0
198.0,238.0,70.0,237.0
196.0,243.0,70.0,238.0
191.0,237.0,71.0,237.0
172.0,211.0,73.0,234.0
173.0,215.0,72.0,235.0
173.0,215.0,72.0,234.0
174.0,218.0,72.0,233.0
178.0,218.0,72.0,232.0
193.0,218.0,72.0,232.0
193.0,224.0,73.0,229.0
210.0,228.0,71.0,230.0
211.0,228.0,69.0,232.0
228.0,235.0,71.0,228.0
227.0,235.0,72.0,226.0
243.0,238.0,71.0,226.0
240.0,235.0,70.0,227.0
251.0,224.0,73.0,223.0
264.0,229.0,74.0,220.0
263.0,236.0,72.0,221.0
275.0,240.0,72.0,221.0
274.0,247.0,71.0,222.0
286.0,241.0,71.0,221.0
282.0,251.0,69.0,221.0
283.0,244.0,69.0,221.0
294.0,261.0,71.0,218.0
293.0,256.0,71.0,217.0
292.0,247.0,69.0,218.0
293.0,250.0,68.0,219.0
291.0,252.0,68.0,218.0
291.0,251.0,68.0,220.0
291.0,252.0,67.0,222.0
289.0,242.0,67.0,222.0
288.0,242.0,67.0,223.0
283.0,232.0,68.0,223.0
278.0,226.0,67.0,224.0
274.0,231.0,66.0,225.0
270.0,235.0,67.0,225.0
269.0,240.0,66.0,228.0
269.0,250.0,67.0,227.0
269.0,254.0,66.0,227.0
269.0,248.0,66.0,227.0
281.0,254.0,65.0,228.0
280.0,249.0,66.0,226.0
293.0,239.0,66.0,225.0
293.0,245.0,68.0,222.0
307.0,235.0,69.0,219.0
307.0,239.0,68.0,220.0
323.0,239.0,68.0,220.0
324.0,242.0,68.0,219.0
325.0,234.0,69.0,218.0
341.0,244.0,69.0,217.0
340.0,248.0,70.0,215.0
353.0,239.0,72.0,211.0
353.0,242.0,71.0,211.0
353.0,234.0,71.0,210.0
356.0,234.0,72.0,208.0
368.0,232.0,71.0,209.0
366.0,230.0,68.0,211.0
366.0,231.0,69.0,209.0
366.0,229.0,67.0,211.0
365.0,226.0,66.0,212.0
365.0,213.0,67.0,210.0
363.0,208.0,66.0,210.0
361.0,201.0,66.0,209.0
357.0,196.0,66.0,208.0
352.0,193.0,67.0,207.0
338.0,204.0,67.0,204.0
335.0,214.0,67.0,204.0
320.0,223.0,67.0,203.0
316.0,220.0,68.0,200.0
300.0,230.0,66.0,199.0
283.0,238.0,68.0,197.0
279.0,233.0,67.0,197.0
261.0,241.0,68.0,195.0
246.0,243.0,67.0,196.0
232.0,245.0,67.0,195.0
227.0,239.0,68.0,194.0
212.0,235.0,66.0,196.0
207.0,225.0,66.0,197.0
202.0,223.0,67.0,195.0
188.0,224.0,66.0,197.0
185.0,226.0,65.0,198.0
182.0,226.0,66.0,198.0
177.0,227.0,67.0,196.0
173.0,228.0,67.0,196.0
169.0,229.0,66.0,196.0
165.0,230.0,67.0,195.0
160.0,232.0,68.0,194.0
159.0,236.0,68.0,193.0
158.0,238.0,68.0,194.0
158.0,241.0,68.0,195.0
160.0,242.0,68.0,199.0
162.0,248.0,69.0,199.0
172.0,255.0,70.0,200.0
169.0,260.0,70.0,201.0
168.0,260.0,71.0,203.0
168.0,258.0,72.0,203.0
167.0,254.0,71.0,206.0
168.0,250.0,71.0,206.0
176.0,244.0,71.0,209.0
172.0,242.0,73.0,208.0
176.0,239.0,73.0,210.0
180.0,225.0,73.0,211.0
178.0,221.0,74.0,211.0
180.0,206.0,73.0,214.0
184.0,202.0,72.0,217.0
187.0,199.0,72.0,219.0
188.0,203.0,73.0,219.0
186.0,208.0,75.0,218.0
185.0,214.0,76.0,217.0
184.0,217.0,77.0,215.0
183.0,218.0,77.0,215.0
182.0,221.0,78.0,213.0
180.0,224.0,77.0,213.0
178.0,227.0,78.0,212.0
178.0,228.0,76.0,213.0
175.0,230.0,75.0,214.0
174.0,225.0,76.0,214.0
171.0,222.0,76.0,215.0
168.0,224.0,75.0,218.0
165.0,220.0,74.0,220.0
160.0,212.0,74.0,223.0
155.0,203.0,76.0,222.0
154.0,198.0,77.0,222.0
154.0,202.0,76.0,225.0
153.0,194.0,77.0,227.0
152.0,187.0,78.0,228.0
151.0,186.0,77.0,230.0
153.0,184.0,77.0,233.0
158.0,186.0,74.0,238.0
159.0,193.0,73.0,241.0
158.0,198.0,74.0,242.0
158.0,202.0,75.0,243.0
158.0,205.0,75.0,246.0
159.0,208.0,76.0,245.0
159.0,212.0,77.0,246.0
159.0,218.0,77.0,247.0
159.0,222.0,76.0,250.0
160.0,225.0,75.0,253.0
158.0,227.0,76.0,255.0
158.0,227.0,75.0,257.0
158.0,227.0,76.0,259.0
155.0,215.0,77.0,259.0
155.0,216.0,77.0,261.0
155.0,215.0,77.0,262.0
152.0,212.0,78.0,264.0
150.0,197.0,79.0,262.0
149.0,189.0,80.0,263.0
148.0,178.0,80.0,264.0
146.0,170.0,81.0,264.0
144.0,161.0,82.0,262.0
144.0,159.0,83.0,262.0
147.0,166.0,82.0,264.0
149.0,171.0,81.0,264.0
150.0,178.0,83.0,262.0
149.0,185.0,85.0,260.0
149.0,190.0,84.0,261.0
149.0,194.0,83.0,263.0
149.0,200.0,83.0,265.0
148.0,205.0,82.0,267.0
146.0,209.0,83.0,267.0
143.0,211.0,83.0,268.0
139.0,212.0,83.0,269.0
135.0,214.0,84.0,270.0
134.0,212.0,83.0,272.0
130.0,210.0,84.0,272.0
128.0,203.0,84.0,273.0
126.0,202.0,83.0,276.0
125.0,203.0,83.0,276.0
122.0,201.0,83.0,275.0
119.0,203.0,82.0,276.0
119.0,205.0,81.0,275.0
119.0,208.0,81.0,274.0
119.0,209.0,81.0,273.0
121.0,211.0,80.0,275.0
123.0,211.0,79.0,275.0
124.0,226.0,79.0,275.0
124.0,224.0,80.0,271.0
123.0,220.0,81.0,271.0
124.0,222.0,81.0,269.0
125.0,222.0,81.0,269.0
127.0,218.0,81.0,268.0
127.0,219.0,80.0,271.0
128.0,221.0,82.0,269.0
129.0,221.0,82.0,269.0
130.0,223.0,83.0,268.0
130.0,223.0,84.0,268.0
130.0,223.0,85.0,267.0
129.0,224.0,87.0,266.0
129.0,226.0,86.0,268.0
130.0,222.0,85.0,270.0
130.0,223.0,85.0,272.0
131.0,220.0,85.0,272.0
134.0,219.0,85.0,273.0
135.0,218.0,86.0,274.0
138.0,218.0,87.0,273.0
140.0,217.0,87.0,273.0
141.0,218.0,88.0,273.0
141.0,219.0,89.0,272.0
143.0,220.0,88.0,274.0
147.0,219.0,87.0,276.0
149.0,221.0,87.0,276.0
152.0,221.0,86.0,278.0
154.0,222.0,87.0,278.0
154.0,223.0,87.0,279.0
156.0,224.0,87.0,279.0
158.0,225.0,86.0,281.0
160.0,227.0,85.0,282.0
162.0,227.0,85.0,282.0
164.0,227.0,85.0,282.0
165.0,229.0,86.0,282.0
166.0,229.0,86.0,281.0
167.0,228.0,86.0,281.0
170.0,224.0,85.0,282.0
171.0,223.0,85.0,282.0
172.0,225.0,87.0,279.0
175.0,226.0,86.0,279.0
178.0,225.0,86.0,279.0
182.0,228.0,87.0,277.0
186.0,229.0,87.0,276.0
190.0,226.0,86.0,276.0
193.0,226.0,86.0,275.0
197.0,227.0,86.0,273.0
198.0,220.0,86.0,271.0
200.0,222.0,85.0,269.0
204.0,218.0,84.0,270.0
205.0,218.0,83.0,269.0
206.0,217.0,83.0,268.0
206.0,217.0,84.0,267.0
204.0,214.0,84.0,265.0
202.0,212.0,83.0,262.0
202.0,209.0,82.0,262.0
199.0,208.0,82.0,260.0
197.0,205.0,81.0,259.0
195.0,221.0,81.0,257.0
190.0,213.0,82.0,255.0
186.0,214.0,80.0,256.0
183.0,213.0,79.0,257.0
178.0,216.0,79.0,256.0
173.0,216.0,79.0,256.0
169.0,216.0,79.0,256.0
166.0,215.0,78.0,257.0
162.0,215.0,79.0,256.0
156.0,213.0,80.0,255.0
150.0,212.0,80.0,255.0
144.0,212.0,81.0,254.0
137.0,214.0,82.0,252.0
132.0,216.0,81.0,252.0
126.0,216.0,81.0,252.0
119.0,219.0,81.0,252.0
114.0,216.0,80.0,255.0
110.0,215.0,80.0,254.0
106.0,216.0,81.0,252.0
102.0,217.0,81.0,251.0
100.0,216.0,80.0,253.0
97.0,216.0,79.0,253.0
94.0,215.0,80.0,251.0
93.0,221.0,80.0,251.0
92.0,220.0,79.0,253.0
91.0,218.0,77.0,255.0
91.0,215.0,77.0,255.0
89.0,216.0,78.0,253.0
88.0,215.0,78.0,252.0
87.0,216.0,79.0,250.0
85.0,214.0,80.0,247.0
85.0,217.0,80.0,246.0
85.0,217.0,79.0,246.0
87.0,219.0,78.0,247.0
89.0,221.0,78.0,246.0
91.0,223.0,78.0,245.0
93.0,223.0,78.0,242.0
95.0,224.0,78.0,241.0
98.0,223.0,77.0,240.0
100.0,223.0,76.0,241.0
100.0,220.0,76.0,239.0
102.0,218.0,75.0,240.0
103.0,219.0,75.0,239.0
105.0,219.0,74.0,239.0
105.0,216.0,73.0,239.0
104.0,219.0,73.0,238.0
102.0,218.0,74.0,238.0
100.0,215.0,73.0,238.0
97.0,215.0,73.0,238.0
94.0,216.0,74.0,236.0
91.0,215.0,73.0,236.0
89.0,218.0,74.0,234.0
89.0,217.0,73.0,233.0
86.0,217.0,73.0,232.0
81.0,212.0,73.0,231.0
80.0,209.0,73.0,229.0
77.0,212.0,74.0,225.0
78.0,213.0,74.0,224.0
79.0,214.0,73.0,223.0
79.0,216.0,73.0,222.0
80.0,218.0,72.0,221.0
82.0,219.0,72.0,221.0
83.0,221.0,71.0,220.0
85.0,226.0,72.0,218.0
89.0,228.0,70.0,219.0
90.0,231.0,70.0,218.0
102.0,239.0,69.0,220.0
100.0,239.0,69.0,220.0
101.0,238.0,68.0,221.0
102.0,235.0,67.0,222.0
102.0,234.0,67.0,223.0
101.0,233.0,67.0,221.0
102.0,238.0,67.0,220.0
104.0,243.0,67.0,220.0
115.0,245.0,68.0,218.0
111.0,240.0,68.0,217.0
110.0,241.0,67.0,218.0
108.0,241.0,68.0,217.0
105.0,229.0,68.0,216.0
103.0,230.0,67.0,216.0
100.0,223.0,69.0,211.0
98.0,220.0,70.0,208.0
99.0,223.0,68.0,209.0
99.0,217.0,69.0,206.0
97.0,213.0,69.0,204.0
95.0,217.0,68.0,204.0
93.0,212.0,68.0,202.0
90.0,208.0,69.0,200.0
90.0,205.0,69.0,197.0
89.0,199.0,68.0,196.0
88.0,203.0,66.0,197.0
88.0,203.0,65.0,198.0
86.0,207.0,66.0,196.0
82.0,212.0,67.0,194.0
70.0,213.0,65.0,194.0
71.0,215.0,63.0,196.0
70.0,215.0,62.0,197.0
67.0,214.0,61.0,197.0
63.0,215.0,62.0,194.0
59.0,218.0,63.0,193.0
58.0,222.0,62.0,192.0
56.0,228.0,63.0,189.0
56.0,231.0,62.0,188.0
56.0,232.0,62.0,187.0
56.0,232.0,60.0,188.0
55.0,235.0,59.0,188.0
54.0,233.0,61.0,183.0
54.0,228.0,61.0,182.0
55.0,233.0,60.0,182.0
56.0,227.0,59.0,181.0
58.0,223.0,59.0,181.0
60.0,217.0,59.0,180.0
61.0,212.0,59.0,181.0
77.0,219.0,57.0,182.0
78.0,215.0,56.0,182.0
91.0,222.0,55.0,183.0
92.0,217.0,55.0,183.0
94.0,230.0,55.0,182.0
96.0,227.0,55.0,180.0
97.0,225.0,54.0,179.0
97.0,225.0,54.0,179.0
97.0,222.0,53.0,178.0
99.0,221.0,51.0,180.0
99.0,225.0,51.0,178.0
109.0,225.0,51.0,179.0
106.0,238.0,50.0,180.0
105.0,238.0,50.0,180.0
106.0,243.0,50.0,179.0
107.0,240.0,50.0,182.0
105.0,230.0,52.0,180.0
104.0,226.0,52.0,180.0
103.0,224.0,52.0,179.0
102.0,231.0,51.0,181.0
101.0,228.0,52.0,180.0
99.0,224.0,52.0,179.0
97.0,221.0,52.0,179.0
97.0,222.0,52.0,180.0
95.0,223.0,53.0,179.0
91.0,224.0,55.0,177.0
85.0,225.0,56.0,176.0
73.0,228.0,56.0,176.0
70.0,231.0,57.0,175.0
64.0,237.0,57.0,175.0
59.0,246.0,57.0,176.0
54.0,253.0,59.0,175.0
50.0,256.0,58.0,177.0
46.0,253.0,57.0,179.0
43.0,258.0,56.0,181.0
42.0,258.0,56.0,182.0
41.0,259.0,56.0,183.0
40.0,261.0,55.0,185.0
47.0,259.0,57.0,183.0
44.0,245.0,58.0,183.0
54.0,248.0,59.0,183.0
63.0,252.0,60.0,182.0
74.0,254.0,60.0,183.0
84.0,256.0,58.0,186.0
83.0,254.0,58.0,187.0
95.0,241.0,57.0,190.0
94.0,243.0,58.0,190.0
105.0,243.0,58.0,193.0
114.0,233.0,59.0,192.0
115.0,234.0,58.0,194.0
125.0,230.0,59.0,195.0
126.0,237.0,60.0,195.0
137.0,232.0,59.0,197.0
135.0,238.0,60.0,197.0
136.0,242.0,60.0,199.0
148.0,235.0,60.0,201.0
147.0,242.0,61.0,203.0
146.0,230.0,62.0,202.0
157.0,231.0,62.0,203.0
154.0,234.0,63.0,202.0
153.0,236.0,63.0,203.0
154.0,235.0,63.0,204.0
165.0,236.0,64.0,203.0
163.0,239.0,63.0,204.0
164.0,238.0,63.0,206.0
176.0,237.0,63.0,206.0
174.0,238.0,63.0,207.0
174.0,237.0,63.0,208.0
185.0,235.0,63.0,208.0
184.0,239.0,63.0,209.0
184.0,238.0,63.0,210.0
196.0,222.0,63.0,210.0
193.0,225.0,63.0,211.0
189.0,232.0,64.0,210.0
186.0,235.0,64.0,211.0
185.0,240.0,63.0,215.0
184.0,241.0,62.0,217.0
181.0,232.0,62.0,220.0
181.0,235.0,62.0,222.0
180.0,229.0,63.0,223.0
179.0,214.0,64.0,221.0
180.0,217.0,66.0,218.0
191.0,218.0,67.0,218.0
188.0,222.0,67.0,218.0
186.0,224.0,67.0,218.0
185.0,224.0,66.0,220.0
184.0,224.0,67.0,220.0
183.0,224.0,67.0,221.0
183.0,224.0,67.0,221.0
182.0,226.0,67.0,221.0
181.0,227.0,67.0,222.0
180.0,226.0,67.0,224.0
180.0,226.0,68.0,225.0
179.0,224.0,67.0,226.0
178.0,222.0,68.0,226.0
178.0,223.0,69.0,226.0
178.0,223.0,69.0,226.0
178.0,223.0,71.0,225.0
178.0,225.0,72.0,224.0
177.0,225.0,72.0,225.0
178.0,225.0,72.0,225.0
178.0,226.0,73.0,225.0
178.0,225.0,73.0,225.0
180.0,225.0,73.0,227.0
180.0,226.0,73.0,227.0
181.0,224.0,73.0,228.0
182.0,225.0,73.0,229.0
183.0,225.0,72.0,230.0
185.0,224.0,72.0,230.0
185.0,224.0,72.0,231.0
187.0,224.0,72.0,232.0
188.0,223.0,72.0,232.0
188.0,222.0,72.0,233.0
188.0,221.0,72.0,234.0
188.0,219.0,72.0,234.0
188.0,219.0,73.0,235.0
188.0,216.0,73.0,236.0
187.0,217.0,73.0,237.0
185.0,215.0,73.0,238.0
183.0,215.0,73.0,239.0
180.0,215.0,73.0,240.0
180.0,205.0,74.0,240.0
178.0,207.0,74.0,240.0
177.0,196.0,75.0,240.0
178.0,200.0,74.0,241.0
180.0,202.0,74.0,242.0
194.0,215.0,74.0,243.0
193.0,218.0,75.0,243.0
193.0,222.0,75.0,244.0
195.0,225.0,75.0,243.0
209.0,225.0,76.0,244.0
206.0,229.0,76.0,243.0
206.0,226.0,76.0,245.0
208.0,222.0,75.0,247.0
223.0,220.0,74.0,249.0
221.0,217.0,74.0,251.0
220.0,203.0,75.0,251.0
220.0,189.0,76.0,250.0
219.0,193.0,77.0,250.0
219.0,180.0,78.0,249.0
218.0,185.0,77.0,253.0
216.0,175.0,78.0,251.0
215.0,180.0,77.0,253.0
213.0,171.0,78.0,252.0
212.0,179.0,79.0,252.0
213.0,183.0,78.0,255.0
214.0,189.0,78.0,256.0
213.0,205.0,79.0,257.0
213.0,209.0,79.0,258.0
212.0,217.0,80.0,259.0
210.0,224.0,80.0,260.0
207.0,227.0,79.0,263.0
201.0,222.0,80.0,266.0
195.0,221.0,81.0,266.0
189.0,219.0,82.0,267.0
183.0,215.0,82.0,270.0
177.0,212.0,82.0,272.0
174.0,206.0,81.0,275.0
170.0,203.0,82.0,278.0
166.0,195.0,83.0,279.0
161.0,193.0,86.0,277.0
161.0,190.0,86.0,279.0
163.0,187.0,86.0,280.0
165.0,182.0,86.0,280.0
167.0,178.0,87.0,280.0
167.0,177.0,87.0,280.0
168.0,180.0,87.0,279.0
171.0,185.0,88.0,280.0
172.0,190.0,89.0,278.0
173.0,192.0,89.0,278.0
176.0,193.0,88.0,281.0
178.0,196.0,88.0,282.0
181.0,195.0,87.0,283.0
184.0,200.0,88.0,284.0
186.0,200.0,88.0,285.0
187.0,202.0,89.0,285.0
188.0,201.0,89.0,285.0
190.0,200.0,90.0,286.0
192.0,202.0,90.0,288.0
193.0,204.0,91.0,288.0
193.0,203.0,91.0,289.0
193.0,199.0,91.0,290.0
193.0,192.0,93.0,289.0
194.0,185.0,94.0,288.0
197.0,174.0,94.0,290.0
200.0,169.0,94.0,292.0
201.0,167.0,95.0,291.0
204.0,169.0,95.0,292.0
208.0,171.0,95.0,294.0
211.0,173.0,96.0,294.0
213.0,175.0,97.0,292.0
215.0,172.0,97.0,294.0
217.0,173.0,96.0,296.0
220.0,183.0,98.0,295.0
221.0,194.0,99.0,294.0
220.0,196.0,98.0,297.0
218.0,200.0,98.0,297.0
215.0,205.0,97.0,299.0
211.0,206.0,98.0,299.0
207.0,205.0,98.0,301.0
205.0,205.0,97.0,302.0
201.0,201.0,99.0,300.0
201.0,201.0,99.0,301.0
201.0,203.0,99.0,302.0
201.0,201.0,101.0,299.0
202.0,203.0,100.0,300.0
207.0,202.0,101.0,298.0
203.0,202.0,102.0,298.0
202.0,199.0,102.0,298.0
202.0,202.0,101.0,299.0
203.0,206.0,100.0,300.0
203.0,203.0,100.0,300.0
201.0,201.0,99.0,303.0
199.0,202.0,98.0,304.0
196.0,205.0,99.0,304.0
195.0,202.0,100.0,303.0
194.0,202.0,99.0,305.0
193.0,200.0,99.0,306.0
190.0,200.0,99.0,308.0
187.0,198.0,99.0,309.0
183.0,196.0,100.0,309.0
180.0,194.0,99.0,313.0
177.0,194.0,99.0,315.0
173.0,195.0,100.0,314.0
170.0,195.0,101.0,315.0
167.0,190.0,101.0,317.0
162.0,192.0,102.0,316.0
159.0,192.0,101.0,318.0
157.0,185.0,101.0,320.0
154.0,189.0,102.0,318.0
151.0,190.0,102.0,320.0
148.0,184.0,101.0,321.0
147.0,182.0,102.0,320.0
147.0,181.0,101.0,323.0
147.0,181.0,100.0,323.0
145.0,183.0,101.0,322.0
162.0,181.0,102.0,322.0
156.0,185.0,103.0,322.0
150.0,190.0,105.0,320.0
147.0,189.0,103.0,323.0
145.0,188.0,103.0,323.0
145.0,187.0,102.0,325.0
144.0,188.0,103.0,325.0
145.0,185.0,102.0,326.0
142.0,190.0,103.0,325.0
163.0,186.0,104.0,325.0
156.0,189.0,105.0,325.0
150.0,188.0,106.0,325.0
148.0,192.0,106.0,326.0
143.0,190.0,106.0,326.0
142.0,196.0,107.0,325.0
143.0,192.0,106.0,326.0
142.0,190.0,106.0,326.0
143.0,188.0,105.0,328.0
143.0,187.0,105.0,329.0
143.0,191.0,105.0,329.0
146.0,197.0,105.0,330.0
145.0,195.0,106.0,329.0
143.0,194.0,106.0,330.0
142.0,199.0,106.0,330.0
143.0,196.0,106.0,331.0
144.0,195.0,105.0,332.0
146.0,190.0,105.0,334.0
149.0,196.0,105.0,335.0
149.0,197.0,105.0,335.0
148.0,193.0,106.0,336.0
154.0,220.0,108.0,335.0
157.0,221.0,110.0,331.0
159.0,224.0,110.0,333.0
158.0,227.0,112.0,331.0
157.0,228.0,113.0,330.0
156.0,225.0,113.0,331.0
156.0,227.0,113.0,331.0
157.0,224.0,112.0,333.0
156.0,224.0,114.0,330.0
154.0,227.0,115.0,330.0
158.0,226.0,113.0,333.0
157.0,228.0,112.0,334.0
156.0,229.0,112.0,335.0
157.0,228.0,112.0,335.0
152.0,214.0,112.0,336.0
146.0,203.0,114.0,334.0
144.0,206.0,114.0,334.0
144.0,213.0,112.0,337.0
146.0,215.0,112.0,337.0
148.0,215.0,110.0,340.0
150.0,215.0,110.0,340.0
152.0,214.0,110.0,342.0
153.0,217.0,112.0,338.0
155.0,216.0,111.0,340.0
154.0,213.0,113.0,337.0
154.0,207.0,115.0,335.0
154.0,200.0,114.0,335.0
155.0,190.0,113.0,337.0
153.0,180.0,113.0,337.0
153.0,177.0,114.0,337.0
155.0,170.0,111.0,340.0
155.0,170.0,113.0,338.0
156.0,164.0,112.0,337.0
156.0,160.0,112.0,338.0
155.0,159.0,113.0,337.0
157.0,159.0,114.0,335.0
158.0,164.0,112.0,336.0
164.0,169.0,112.0,336.0
164.0,172.0,112.0,335.0
166.0,168.0,112.0,336.0
164.0,172.0,114.0,333.0
168.0,182.0,114.0,330.0
168.0,188.0,114.0,330.0
169.0,199.0,114.0,329.0
170.0,210.0,113.0,328.0
170.0,214.0,114.0,327.0
169.0,219.0,116.0,324.0
166.0,226.0,118.0,322.0
165.0,239.0,120.0,318.0
164.0,245.0,120.0,316.0
164.0,243.0,121.0,313.0
162.0,242.0,122.0,309.0
161.0,243.0,123.0,304.0
161.0,245.0,125.0,300.0
162.0,246.0,124.0,299.0
162.0,247.0,123.0,298.0
176.0,240.0,122.0,299.0
171.0,238.0,118.0,303.0
167.0,237.0,116.0,306.0
167.0,236.0,115.0,309.0
165.0,240.0,115.0,310.0
166.0,241.0,115.0,311.0
166.0,245.0,116.0,311.0
167.0,246.0,116.0,312.0
167.0,248.0,116.0,313.0
167.0,252.0,117.0,313.0
167.0,253.0,118.0,314.0
165.0,252.0,117.0,315.0
163.0,253.0,118.0,315.0
161.0,251.0,117.0,317.0
161.0,252.0,116.0,321.0
158.0,234.0,116.0,323.0
154.0,244.0,115.0,324.0
151.0,229.0,115.0,325.0
152.0,218.0,114.0,326.0
150.0,212.0,113.0,327.0
150.0,211.0,112.0,328.0
148.0,222.0,112.0,330.0
149.0,223.0,110.0,333.0
149.0,233.0,111.0,334.0
149.0,225.0,111.0,335.0
150.0,234.0,113.0,334.0
150.0,237.0,115.0,333.0
148.0,231.0,118.0,334.0
146.0,221.0,120.0,335.0
145.0,229.0,121.0,338.0
144.0,213.0,122.0,343.0
142.0,219.0,125.0,345.0
142.0,226.0,126.0,348.0
141.0,215.0,129.0,349.0
144.0,223.0,128.0,354.0
144.0,217.0,131.0,355.0
144.0,216.0,133.0,356.0
148.0,214.0,133.0,362.0
149.0,217.0,136.0,361.0
146.0,213.0,135.0,364.0
145.0,214.0,135.0,367.0
140.0,204.0,138.0,367.0
143.0,209.0,137.0,372.0
139.0,204.0,140.0,372.0
144.0,209.0,139.0,376.0
137.0,205.0,141.0,376.0
135.0,205.0,142.0,378.0
131.0,208.0,144.0,378.0
126.0,211.0,146.0,379.0
124.0,212.0,147.0,379.0
122.0,214.0,148.0,378.0
120.0,218.0,149.0,377.0
122.0,220.0,148.0,378.0
122.0,229.0,144.0,384.0
119.0,220.0,142.0,387.0
117.0,212.0,139.0,391.0
117.0,212.0,137.0,391.0
117.0,227.0,137.0,392.0
114.0,224.0,136.0,391.0
117.0,230.0,133.0,392.0
115.0,235.0,133.0,391.0
113.0,217.0,132.0,393.0
116.0,227.0,129.0,396.0
116.0,209.0,129.0,395.0
116.0,223.0,129.0,393.0
113.0,227.0,132.0,390.0
113.0,230.0,133.0,389.0
112.0,233.0,136.0,385.0
110.0,209.0,138.0,381.0
111.0,193.0,136.0,382.0
109.0,206.0,135.0,381.0
112.0,207.0,136.0,379.0
115.0,209.0,133.0,380.0
119.0,210.0,132.0,379.0
122.0,215.0,132.0,378.0
125.0,214.0,131.0,377.0
127.0,216.0,130.0,377.0
132.0,213.0,130.0,376.0
132.0,212.0,128.0,378.0
139.0,225.0,128.0,379.0
137.0,215.0,129.0,376.0
134.0,208.0,128.0,376.0
132.0,208.0,127.0,377.0
135.0,205.0,126.0,379.0
131.0,206.0,126.0,379.0
130.0,203.0,124.0,381.0
126.0,202.0,124.0,380.0
122.0,196.0,125.0,380.0
119.0,196.0,125.0,379.0
115.0,195.0,127.0,376.0
113.0,194.0,124.0,378.0
109.0,196.0,124.0,378.0
105.0,198.0,124.0,378.0
104.0,201.0,124.0,377.0
102.0,205.0,124.0,376.0
122.0,223.0,131.0,367.0
115.0,234.0,135.0,361.0
111.0,246.0,138.0,356.0
107.0,258.0,140.0,352.0
103.0,243.0,142.0,347.0
102.0,254.0,141.0,347.0
96.0,244.0,143.0,342.0
92.0,262.0,145.0,338.0
89.0,252.0,145.0,337.0
84.0,244.0,142.0,338.0
78.0,244.0,141.0,337.0
77.0,267.0,141.0,334.0
72.0,241.0,140.0,335.0
69.0,239.0,138.0,337.0
68.0,243.0,137.0,338.0
67.0,244.0,138.0,336.0
66.0,247.0,140.0,332.0
62.0,245.0,141.0,330.0
60.0,242.0,141.0,331.0
55.0,237.0,140.0,331.0
49.0,235.0,140.0,331.0
47.0,233.0,140.0,331.0
48.0,230.0,138.0,333.0
49.0,241.0,134.0,339.0
47.0,227.0,131.0,343.0
45.0,217.0,129.0,345.0
46.0,207.0,128.0,346.0
41.0,207.0,129.0,343.0
44.0,196.0,128.0,342.0
41.0,210.0,128.0,341.0
39.0,221.0,129.0,338.0
43.0,228.0,128.0,339.0
51.0,224.0,127.0,340.0
55.0,224.0,125.0,345.0
61.0,229.0,123.0,349.0
63.0,213.0,120.0,352.0
66.0,224.0,121.0,354.0
67.0,232.0,122.0,354.0
69.0,218.0,121.0,357.0
75.0,228.0,119.0,359.0
79.0,227.0,118.0,360.0
84.0,232.0,117.0,361.0
89.0,235.0,117.0,362.0
91.0,239.0,117.0,363.0
117.0,244.0,116.0,365.0
116.0,217.0,115.0,365.0
138.0,203.0,115.0,364.0
134.0,226.0,116.0,359.0
162.0,237.0,114.0,361.0
157.0,226.0,113.0,361.0
159.0,235.0,111.0,361.0
159.0,227.0,109.0,362.0
178.0,213.0,109.0,362.0
175.0,222.0,106.0,367.0
170.0,212.0,107.0,365.0
169.0,228.0,106.0,365.0
172.0,231.0,104.0,368.0
