147.0,110.0,34.0,33.0
151.0,112.0,34.0,32.0
152.0,117.0,35.0,31.0
155.0,121.0,35.0,31.0
158.0,121.0,36.0,31.0
161.0,121.0,36.0,31.0
160.0,121.0,35.0,31.0
161.0,122.0,36.0,31.0
162.0,123.0,36.0,31.0
162.0,123.0,35.0,32.0
165.0,121.0,36.0,31.0
164.0,119.0,36.0,32.0
160.0,116.0,36.0,32.0
156.0,111.0,36.0,32.0
155.0,109.0,36.0,32.0
155.0,83.0,36.0,32.0
151.0,75.0,36.0,33.0
147.0,73.0,37.0,32.0
142.0,72.0,37.0,32.0
137.0,68.0,37.0,32.0
129.0,67.0,37.0,33.0
128.0,67.0,38.0,33.0
128.0,66.0,38.0,33.0
128.0,64.0,38.0,34.0
129.0,64.0,38.0,33.0
140.0,66.0,37.0,34.0
147.0,70.0,38.0,34.0
153.0,78.0,38.0,34.0
158.0,90.0,38.0,34.0
161.0,98.0,38.0,34.0
164.0,120.0,38.0,34.0
166.0,125.0,38.0,34.0
167.0,126.0,39.0,34.0
166.0,115.0,38.0,35.0
165.0,93.0,38.0,35.0
164.0,63.0,38.0,36.0
164.0,60.0,38.0,36.0
163.0,57.0,38.0,37.0
160.0,54.0,39.0,36.0
160.0,55.0,39.0,37.0
159.0,69.0,39.0,36.0
160.0,87.0,39.0,36.0
161.0,104.0,40.0,36.0
160.0,120.0,40.0,35.0
160.0,122.0,40.0,36.0
159.0,105.0,40.0,36.0
159.0,97.0,40.0,36.0
158.0,92.0,40.0,37.0
157.0,91.0,41.0,37.0
155.0,93.0,41.0,37.0
153.0,110.0,41.0,37.0
154.0,123.0,41.0,37.0
155.0,136.0,40.0,37.0
155.0,150.0,39.0,37.0
156.0,165.0,40.0,37.0
156.0,157.0,40.0,37.0
156.0,139.0,40.0,38.0
155.0,128.0,41.0,38.0
155.0,121.0,40.0,38.0
151.0,113.0,41.0,38.0
148.0,109.0,41.0,38.0
147.0,111.0,41.0,38.0
144.0,118.0,42.0,37.0
143.0,126.0,42.0,37.0
142.0,138.0,42.0,37.0
141.0,141.0,42.0,37.0
137.0,127.0,42.0,37.0
132.0,105.0,41.0,38.0
130.0,90.0,41.0,38.0
128.0,81.0,42.0,38.0
120.0,72.0,42.0,38.0
119.0,74.0,42.0,37.0
119.0,82.0,42.0,38.0
119.0,101.0,42.0,37.0
120.0,115.0,41.0,38.0
121.0,142.0,41.0,37.0
122.0,139.0,42.0,37.0
123.0,121.0,41.0,38.0
129.0,102.0,41.0,38.0
136.0,87.0,42.0,38.0
141.0,74.0,42.0,37.0
147.0,72.0,42.0,37.0
152.0,75.0,42.0,37.0
156.0,79.0,42.0,37.0
159.0,87.0,42.0,37.0
168.0,111.0,42.0,38.0
170.0,118.0,41.0,38.0
171.0,114.0,41.0,38.0
173.0,100.0,41.0,38.0
173.0,87.0,42.0,37.0
177.0,73.0,42.0,37.0
176.0,71.0,43.0,37.0
177.0,76.0,43.0,37.0
177.0,85.0,43.0,37.0
179.0,99.0,42.0,37.0
175.0,137.0,42.0,37.0
172.0,140.0,42.0,37.0
170.0,133.0,42.0,38.0
165.0,120.0,41.0,38.0
162.0,110.0,41.0,38.0
159.0,101.0,42.0,38.0
156.0,97.0,43.0,38.0
154.0,97.0,43.0,38.0
153.0,102.0,42.0,37.0
151.0,110.0,43.0,37.0
147.0,130.0,42.0,37.0
145.0,127.0,42.0,38.0
139.0,113.0,42.0,38.0
134.0,94.0,42.0,38.0
130.0,86.0,42.0,38.0
125.0,81.0,42.0,39.0
121.0,83.0,43.0,39.0
119.0,85.0,43.0,38.0
118.0,94.0,43.0,38.0
118.0,107.0,43.0,38.0
119.0,128.0,43.0,38.0
121.0,122.0,43.0,38.0
119.0,110.0,42.0,39.0
119.0,98.0,43.0,38.0
122.0,94.0,43.0,38.0
128.0,90.0,42.0,39.0
129.0,93.0,42.0,38.0
133.0,101.0,42.0,38.0
138.0,115.0,42.0,38.0
146.0,124.0,41.0,38.0
157.0,143.0,41.0,38.0
162.0,136.0,40.0,38.0
166.0,122.0,40.0,38.0
168.0,109.0,41.0,38.0
170.0,97.0,41.0,38.0
171.0,88.0,41.0,38.0
172.0,88.0,41.0,38.0
170.0,94.0,41.0,38.0
165.0,102.0,41.0,37.0
163.0,119.0,41.0,37.0
160.0,131.0,41.0,37.0
161.0,123.0,41.0,38.0
159.0,110.0,41.0,38.0
159.0,97.0,41.0,38.0
158.0,94.0,41.0,38.0
157.0,85.0,41.0,38.0
155.0,89.0,41.0,38.0
153.0,92.0,42.0,37.0
151.0,102.0,42.0,37.0
149.0,114.0,42.0,37.0
149.0,119.0,42.0,36.0
148.0,110.0,42.0,37.0
147.0,97.0,41.0,38.0
141.0,84.0,41.0,37.0
136.0,83.0,42.0,38.0
123.0,87.0,42.0,37.0
120.0,100.0,42.0,37.0
118.0,113.0,42.0,37.0
118.0,127.0,41.0,37.0
116.0,141.0,41.0,38.0
116.0,150.0,41.0,36.0
119.0,143.0,41.0,37.0
119.0,134.0,41.0,37.0
123.0,123.0,41.0,37.0
127.0,120.0,42.0,36.0
138.0,119.0,41.0,37.0
142.0,123.0,41.0,36.0
148.0,133.0,40.0,36.0
156.0,146.0,40.0,37.0
160.0,160.0,39.0,37.0
171.0,160.0,39.0,37.0
173.0,148.0,39.0,37.0
177.0,134.0,39.0,36.0
183.0,126.0,40.0,35.0
186.0,118.0,40.0,36.0
191.0,115.0,40.0,36.0
192.0,118.0,40.0,36.0
190.0,125.0,40.0,36.0
185.0,139.0,39.0,36.0
179.0,148.0,40.0,36.0
165.0,143.0,40.0,36.0
159.0,130.0,40.0,36.0
151.0,107.0,39.0,37.0
144.0,90.0,40.0,36.0
140.0,83.0,40.0,37.0
136.0,79.0,40.0,36.0
135.0,81.0,41.0,36.0
134.0,89.0,40.0,36.0
136.0,103.0,40.0,36.0
136.0,117.0,41.0,35.0
138.0,115.0,41.0,35.0
139.0,106.0,40.0,36.0
140.0,98.0,40.0,36.0
142.0,94.0,40.0,36.0
146.0,93.0,41.0,35.0
153.0,105.0,41.0,35.0
153.0,113.0,41.0,35.0
154.0,127.0,40.0,35.0
155.0,146.0,40.0,35.0
155.0,160.0,40.0,35.0
158.0,154.0,40.0,35.0
157.0,143.0,39.0,36.0
154.0,135.0,40.0,36.0
155.0,132.0,40.0,36.0
154.0,134.0,40.0,35.0
155.0,143.0,40.0,35.0
155.0,156.0,40.0,35.0
155.0,170.0,40.0,35.0
157.0,188.0,39.0,35.0
158.0,207.0,40.0,35.0
159.0,203.0,40.0,35.0
160.0,191.0,39.0,36.0
160.0,177.0,39.0,37.0
159.0,164.0,39.0,37.0
159.0,155.0,39.0,37.0
158.0,145.0,39.0,37.0
156.0,141.0,39.0,37.0
156.0,145.0,40.0,36.0
158.0,154.0,40.0,36.0
159.0,165.0,40.0,36.0
160.0,148.0,39.0,37.0
161.0,124.0,38.0,38.0
160.0,105.0,38.0,38.0
160.0,92.0,40.0,37.0
159.0,88.0,41.0,36.0
156.0,86.0,41.0,37.0
153.0,90.0,42.0,36.0
153.0,102.0,41.0,36.0
154.0,121.0,41.0,36.0
153.0,134.0,41.0,36.0
148.0,126.0,40.0,37.0
144.0,113.0,41.0,36.0
142.0,101.0,41.0,37.0
140.0,98.0,41.0,37.0
137.0,95.0,41.0,37.0
132.0,101.0,42.0,36.0
131.0,110.0,42.0,36.0
131.0,123.0,41.0,37.0
132.0,134.0,41.0,37.0
135.0,134.0,41.0,36.0
140.0,111.0,41.0,36.0
142.0,98.0,41.0,36.0
144.0,95.0,41.0,37.0
148.0,91.0,41.0,36.0
155.0,90.0,41.0,36.0
160.0,99.0,41.0,36.0
164.0,112.0,40.0,36.0
173.0,125.0,40.0,36.0
177.0,128.0,40.0,36.0
178.0,124.0,40.0,36.0
182.0,93.0,40.0,35.0
180.0,90.0,40.0,36.0
181.0,86.0,41.0,35.0
183.0,82.0,41.0,35.0
184.0,84.0,40.0,36.0
189.0,93.0,40.0,36.0
193.0,106.0,40.0,35.0
195.0,119.0,40.0,35.0
198.0,126.0,40.0,35.0
200.0,119.0,40.0,35.0
199.0,93.0,40.0,35.0
197.0,86.0,40.0,36.0
194.0,84.0,40.0,36.0
187.0,86.0,41.0,36.0
181.0,86.0,41.0,36.0
176.0,100.0,41.0,36.0
172.0,112.0,41.0,35.0
171.0,121.0,40.0,36.0
167.0,124.0,41.0,36.0
163.0,115.0,40.0,37.0
160.0,92.0,40.0,37.0
159.0,88.0,40.0,37.0
156.0,85.0,40.0,37.0
154.0,85.0,41.0,37.0
154.0,88.0,41.0,36.0
151.0,111.0,41.0,36.0
148.0,124.0,42.0,36.0
146.0,133.0,41.0,36.0
143.0,133.0,41.0,36.0
136.0,124.0,41.0,37.0
115.0,104.0,41.0,37.0
112.0,100.0,42.0,37.0
112.0,98.0,42.0,37.0
108.0,99.0,42.0,37.0
108.0,103.0,42.0,37.0
116.0,122.0,41.0,37.0
120.0,135.0,40.0,37.0
124.0,140.0,40.0,37.0
130.0,134.0,40.0,37.0
136.0,118.0,41.0,36.0
142.0,88.0,41.0,37.0
147.0,81.0,41.0,36.0
152.0,77.0,41.0,36.0
156.0,76.0,41.0,36.0
160.0,81.0,41.0,36.0
163.0,99.0,41.0,36.0
163.0,112.0,41.0,36.0
163.0,121.0,40.0,36.0
162.0,120.0,41.0,36.0
160.0,106.0,40.0,36.0
160.0,84.0,40.0,37.0
158.0,78.0,40.0,36.0
157.0,76.0,41.0,36.0
155.0,79.0,41.0,36.0
153.0,83.0,41.0,36.0
145.0,106.0,41.0,35.0
143.0,119.0,41.0,35.0
141.0,126.0,41.0,35.0
140.0,123.0,41.0,35.0
137.0,110.0,42.0,35.0
139.0,100.0,41.0,36.0
141.0,101.0,41.0,36.0
144.0,107.0,40.0,36.0
144.0,114.0,40.0,36.0
145.0,123.0,41.0,35.0
144.0,146.0,40.0,35.0
144.0,159.0,41.0,35.0
143.0,168.0,40.0,35.0
