40.0,199.0,61.0,103.0
42.0,199.0,59.0,103.0
42.0,200.0,59.0,102.0
42.0,198.0,58.0,103.0
41.0,196.0,58.0,103.0
41.0,197.0,58.0,102.0
42.0,195.0,58.0,102.0
40.0,194.0,57.0,103.0
41.0,194.0,57.0,102.0
40.0,192.0,57.0,102.0
40.0,190.0,56.0,103.0
40.0,187.0,56.0,103.0
39.0,184.0,56.0,103.0
39.0,179.0,56.0,103.0
39.0,174.0,56.0,104.0
39.0,167.0,56.0,105.0
40.0,162.0,56.0,105.0
41.0,154.0,57.0,106.0
41.0,146.0,57.0,107.0
42.0,140.0,58.0,108.0
44.0,133.0,59.0,108.0
47.0,125.0,59.0,109.0
49.0,119.0,60.0,110.0
54.0,112.0,61.0,111.0
57.0,106.0,61.0,112.0
60.0,101.0,62.0,113.0
65.0,96.0,63.0,114.0
71.0,90.0,63.0,115.0
77.0,85.0,64.0,116.0
83.0,81.0,64.0,117.0
91.0,77.0,64.0,119.0
96.0,71.0,65.0,120.0
102.0,65.0,64.0,123.0
111.0,60.0,66.0,123.0
118.0,58.0,67.0,122.0
132.0,56.0,70.0,120.0
141.0,47.0,72.0,119.0
148.0,49.0,72.0,120.0
159.0,48.0,69.0,123.0
169.0,46.0,69.0,124.0
181.0,44.0,67.0,127.0
192.0,41.0,66.0,129.0
199.0,42.0,66.0,129.0
208.0,42.0,67.0,129.0
219.0,43.0,66.0,130.0
224.0,42.0,66.0,130.0
230.0,41.0,67.0,130.0
237.0,41.0,68.0,130.0
245.0,43.0,67.0,130.0
252.0,44.0,65.0,132.0
257.0,45.0,65.0,133.0
262.0,46.0,65.0,133.0
267.0,48.0,64.0,133.0
270.0,50.0,65.0,132.0
274.0,53.0,64.0,132.0
278.0,56.0,64.0,133.0
282.0,59.0,64.0,133.0
285.0,60.0,64.0,133.0
289.0,65.0,64.0,132.0
292.0,69.0,65.0,132.0
295.0,74.0,64.0,134.0
299.0,78.0,64.0,134.0
303.0,84.0,63.0,134.0
307.0,88.0,63.0,134.0
311.0,93.0,64.0,133.0
318.0,98.0,64.0,133.0
324.0,102.0,63.0,134.0
329.0,108.0,63.0,134.0
333.0,114.0,62.0,135.0
338.0,118.0,61.0,135.0
343.0,124.0,60.0,136.0
348.0,129.0,60.0,135.0
352.0,136.0,60.0,134.0
355.0,144.0,59.0,134.0
359.0,151.0,59.0,133.0
362.0,156.0,59.0,132.0
366.0,163.0,59.0,132.0
367.0,165.0,59.0,131.0
370.0,176.0,58.0,130.0
372.0,181.0,58.0,130.0
371.0,184.0,58.0,129.0
371.0,189.0,58.0,128.0
372.0,192.0,57.0,127.0
371.0,195.0,57.0,126.0
371.0,197.0,57.0,124.0
370.0,197.0,57.0,123.0
370.0,197.0,57.0,123.0
368.0,195.0,57.0,122.0
368.0,198.0,57.0,121.0
367.0,194.0,58.0,120.0
367.0,194.0,57.0,120.0
368.0,192.0,56.0,120.0
369.0,191.0,57.0,119.0
368.0,186.0,57.0,118.0
369.0,187.0,58.0,117.0
370.0,180.0,58.0,117.0
371.0,176.0,59.0,117.0
373.0,174.0,58.0,118.0
374.0,169.0,60.0,117.0
372.0,165.0,61.0,117.0
373.0,160.0,61.0,117.0
372.0,154.0,61.0,119.0
373.0,148.0,60.0,121.0
372.0,144.0,61.0,121.0
370.0,137.0,61.0,122.0
369.0,133.0,60.0,124.0
366.0,129.0,61.0,124.0
361.0,125.0,62.0,124.0
358.0,122.0,61.0,126.0
352.0,123.0,61.0,126.0
349.0,118.0,61.0,127.0
342.0,116.0,62.0,128.0
336.0,119.0,62.0,127.0
330.0,118.0,62.0,128.0
323.0,116.0,63.0,127.0
314.0,115.0,64.0,127.0
307.0,114.0,64.0,129.0
299.0,113.0,64.0,129.0
293.0,116.0,65.0,130.0
286.0,114.0,65.0,132.0
280.0,115.0,64.0,133.0
272.0,114.0,65.0,135.0
267.0,117.0,65.0,135.0
263.0,113.0,64.0,137.0
255.0,115.0,66.0,136.0
250.0,118.0,67.0,136.0
245.0,119.0,68.0,136.0
239.0,120.0,69.0,137.0
235.0,121.0,68.0,139.0
233.0,123.0,70.0,139.0
232.0,125.0,70.0,140.0
228.0,128.0,71.0,140.0
227.0,131.0,72.0,141.0
226.0,133.0,71.0,143.0
227.0,136.0,71.0,144.0
227.0,140.0,71.0,146.0
229.0,142.0,71.0,148.0
231.0,145.0,70.0,149.0
234.0,149.0,71.0,148.0
237.0,151.0,72.0,148.0
240.0,152.0,70.0,149.0
246.0,152.0,70.0,149.0
250.0,151.0,70.0,149.0
256.0,149.0,69.0,150.0
262.0,148.0,67.0,150.0
268.0,148.0,67.0,150.0
273.0,147.0,67.0,149.0
279.0,144.0,66.0,149.0
283.0,146.0,67.0,148.0
288.0,145.0,67.0,148.0
292.0,148.0,67.0,148.0
297.0,148.0,67.0,147.0
300.0,149.0,67.0,146.0
305.0,152.0,67.0,145.0
309.0,153.0,66.0,144.0
313.0,156.0,65.0,144.0
316.0,157.0,65.0,142.0
320.0,161.0,63.0,141.0
321.0,162.0,64.0,139.0
324.0,165.0,63.0,138.0
326.0,165.0,62.0,137.0
328.0,167.0,61.0,135.0
329.0,167.0,60.0,135.0
332.0,167.0,59.0,134.0
333.0,167.0,60.0,131.0
335.0,167.0,60.0,130.0
337.0,165.0,59.0,129.0
340.0,164.0,58.0,129.0
343.0,162.0,56.0,129.0
346.0,161.0,57.0,128.0
350.0,160.0,57.0,127.0
354.0,161.0,56.0,127.0
358.0,160.0,57.0,126.0
362.0,160.0,57.0,125.0
367.0,158.0,56.0,125.0
372.0,160.0,56.0,125.0
376.0,160.0,57.0,124.0
380.0,161.0,58.0,123.0
384.0,160.0,57.0,123.0
387.0,159.0,58.0,122.0
392.0,158.0,58.0,122.0
396.0,157.0,58.0,122.0
401.0,155.0,57.0,123.0
405.0,153.0,56.0,123.0
408.0,151.0,56.0,124.0
412.0,147.0,55.0,124.0
416.0,147.0,56.0,122.0
420.0,148.0,57.0,121.0
424.0,146.0,58.0,120.0
426.0,144.0,59.0,119.0
430.0,143.0,59.0,119.0
432.0,140.0,59.0,119.0
435.0,139.0,59.0,118.0
438.0,138.0,59.0,118.0
440.0,138.0,59.0,117.0
443.0,137.0,59.0,119.0
445.0,138.0,58.0,119.0
448.0,140.0,58.0,119.0
449.0,139.0,58.0,119.0
451.0,141.0,58.0,119.0
453.0,141.0,58.0,119.0
454.0,141.0,57.0,119.0
456.0,142.0,57.0,119.0
458.0,142.0,57.0,119.0
460.0,139.0,57.0,120.0
461.0,135.0,57.0,121.0
461.0,129.0,57.0,123.0
461.0,123.0,57.0,124.0
461.0,118.0,57.0,124.0
460.0,113.0,57.0,125.0
458.0,108.0,58.0,124.0
457.0,103.0,59.0,123.0
453.0,97.0,60.0,123.0
448.0,91.0,60.0,124.0
442.0,82.0,59.0,125.0
437.0,76.0,59.0,125.0
430.0,71.0,60.0,126.0
421.0,67.0,61.0,125.0
412.0,64.0,62.0,125.0
402.0,58.0,62.0,126.0
387.0,53.0,62.0,126.0
373.0,48.0,63.0,125.0
356.0,43.0,62.0,127.0
341.0,41.0,63.0,127.0
325.0,34.0,63.0,127.0
306.0,32.0,64.0,127.0
291.0,33.0,65.0,126.0
273.0,32.0,65.0,125.0
256.0,30.0,65.0,124.0
239.0,30.0,66.0,123.0
221.0,27.0,64.0,125.0
208.0,23.0,63.0,128.0
190.0,18.0,64.0,129.0
175.0,15.0,65.0,128.0
161.0,13.0,66.0,128.0
148.0,13.0,66.0,129.0
141.0,17.0,67.0,128.0
125.0,11.0,67.0,129.0
112.0,10.0,67.0,128.0
99.0,11.0,67.0,129.0
94.0,14.0,67.0,129.0
80.0,16.0,67.0,130.0
74.0,19.0,66.0,131.0
67.0,22.0,66.0,133.0
59.0,27.0,66.0,133.0
53.0,33.0,66.0,133.0
49.0,38.0,66.0,134.0
43.0,45.0,67.0,135.0
39.0,53.0,67.0,135.0
36.0,62.0,68.0,134.0
31.0,68.0,69.0,134.0
28.0,76.0,69.0,134.0
25.0,82.0,68.0,135.0
21.0,87.0,69.0,135.0
18.0,94.0,69.0,134.0
16.0,101.0,70.0,132.0
14.0,106.0,71.0,131.0
12.0,113.0,70.0,130.0
11.0,116.0,70.0,130.0
10.0,122.0,68.0,129.0
9.0,126.0,68.0,128.0
10.0,127.0,66.0,128.0
10.0,131.0,65.0,127.0
11.0,133.0,64.0,127.0
12.0,139.0,63.0,127.0
12.0,140.0,63.0,126.0
14.0,145.0,62.0,125.0
15.0,148.0,61.0,125.0
17.0,152.0,61.0,124.0
19.0,158.0,60.0,124.0
20.0,160.0,60.0,124.0
22.0,165.0,59.0,124.0
24.0,170.0,58.0,124.0
27.0,175.0,58.0,123.0
30.0,181.0,59.0,122.0
34.0,188.0,58.0,122.0
36.0,192.0,57.0,121.0
37.0,191.0,57.0,120.0
40.0,196.0,57.0,119.0
41.0,199.0,58.0,118.0
42.0,198.0,58.0,118.0
44.0,202.0,59.0,117.0
45.0,204.0,59.0,116.0
48.0,205.0,59.0,115.0
48.0,207.0,60.0,114.0
49.0,209.0,59.0,114.0
51.0,211.0,58.0,115.0
52.0,214.0,58.0,115.0
54.0,215.0,58.0,115.0
57.0,217.0,57.0,115.0
58.0,217.0,55.0,116.0
59.0,219.0,55.0,116.0
60.0,220.0,55.0,116.0
61.0,224.0,55.0,115.0
61.0,222.0,55.0,115.0
62.0,223.0,55.0,114.0
63.0,225.0,54.0,114.0
64.0,226.0,54.0,114.0
66.0,226.0,54.0,113.0
66.0,228.0,54.0,113.0
67.0,228.0,53.0,113.0
68.0,231.0,53.0,113.0
69.0,232.0,52.0,113.0
70.0,234.0,52.0,112.0
70.0,235.0,53.0,111.0
71.0,236.0,52.0,111.0
72.0,237.0,52.0,111.0
72.0,238.0,51.0,111.0
73.0,240.0,51.0,111.0
72.0,246.0,51.0,112.0
73.0,247.0,49.0,112.0
73.0,250.0,48.0,112.0
73.0,253.0,48.0,112.0
75.0,254.0,47.0,112.0
75.0,256.0,45.0,112.0
77.0,258.0,45.0,112.0
77.0,260.0,45.0,110.0
77.0,262.0,44.0,109.0
77.0,264.0,44.0,108.0
78.0,264.0,43.0,107.0
78.0,265.0,44.0,106.0
77.0,266.0,44.0,104.0
78.0,267.0,43.0,104.0
78.0,267.0,43.0,102.0
79.0,268.0,42.0,102.0
81.0,270.0,42.0,102.0
82.0,272.0,42.0,100.0
84.0,273.0,42.0,100.0
85.0,273.0,41.0,99.0
87.0,273.0,42.0,99.0
86.0,274.0,44.0,96.0
87.0,280.0,46.0,94.0
91.0,279.0,46.0,94.0
94.0,279.0,46.0,95.0
94.0,278.0,47.0,96.0
96.0,276.0,46.0,97.0
97.0,281.0,46.0,97.0
98.0,280.0,47.0,97.0
99.0,278.0,47.0,97.0
101.0,277.0,47.0,98.0
101.0,283.0,47.0,98.0
102.0,280.0,47.0,98.0
103.0,277.0,47.0,98.0
102.0,282.0,47.0,98.0
103.0,279.0,47.0,99.0
102.0,277.0,46.0,99.0
102.0,283.0,47.0,99.0
102.0,280.0,47.0,99.0
103.0,277.0,46.0,100.0
102.0,283.0,47.0,99.0
102.0,279.0,47.0,100.0
102.0,277.0,47.0,100.0
102.0,275.0,46.0,101.0
102.0,281.0,47.0,100.0
101.0,278.0,47.0,100.0
100.0,275.0,48.0,100.0
99.0,281.0,48.0,99.0
97.0,278.0,49.0,98.0
95.0,276.0,49.0,98.0
95.0,280.0,49.0,99.0
94.0,277.0,50.0,99.0
85.0,277.0,51.0,97.0
85.0,276.0,52.0,97.0
85.0,275.0,52.0,97.0
83.0,274.0,52.0,97.0
75.0,273.0,52.0,97.0
74.0,269.0,51.0,98.0
72.0,265.0,50.0,99.0
70.0,261.0,49.0,100.0
69.0,257.0,49.0,100.0
66.0,252.0,49.0,100.0
65.0,247.0,50.0,99.0
64.0,242.0,52.0,98.0
65.0,231.0,52.0,97.0
65.0,226.0,51.0,97.0
65.0,219.0,51.0,98.0
65.0,209.0,50.0,100.0
64.0,201.0,51.0,99.0
63.0,195.0,52.0,99.0
63.0,185.0,52.0,100.0
62.0,176.0,53.0,100.0
62.0,169.0,54.0,100.0
63.0,163.0,54.0,101.0
64.0,156.0,55.0,101.0
67.0,150.0,55.0,102.0
70.0,144.0,55.0,102.0
71.0,138.0,56.0,103.0
75.0,132.0,57.0,103.0
79.0,125.0,57.0,104.0
83.0,118.0,57.0,104.0
89.0,118.0,58.0,104.0
95.0,112.0,59.0,106.0
101.0,109.0,59.0,107.0
107.0,107.0,61.0,107.0
114.0,105.0,62.0,107.0
128.0,103.0,63.0,105.0
138.0,101.0,65.0,104.0
150.0,100.0,64.0,105.0
160.0,101.0,64.0,105.0
176.0,100.0,65.0,105.0
185.0,101.0,65.0,105.0
197.0,100.0,64.0,106.0
211.0,102.0,64.0,108.0
224.0,105.0,63.0,110.0
234.0,104.0,62.0,111.0
249.0,107.0,62.0,112.0
259.0,110.0,63.0,114.0
267.0,113.0,64.0,116.0
275.0,116.0,65.0,117.0
284.0,123.0,65.0,119.0
290.0,128.0,64.0,122.0
294.0,130.0,64.0,122.0
298.0,139.0,64.0,122.0
301.0,146.0,64.0,124.0
304.0,152.0,63.0,125.0
306.0,158.0,64.0,125.0
306.0,161.0,64.0,125.0
305.0,166.0,64.0,125.0
303.0,168.0,64.0,126.0
300.0,170.0,64.0,126.0
297.0,173.0,64.0,126.0
294.0,173.0,63.0,127.0
292.0,175.0,62.0,127.0
288.0,176.0,62.0,128.0
285.0,176.0,61.0,127.0
281.0,176.0,61.0,128.0
279.0,178.0,62.0,127.0
277.0,178.0,61.0,128.0
276.0,178.0,60.0,128.0
273.0,178.0,60.0,129.0
272.0,179.0,59.0,129.0
270.0,181.0,58.0,130.0
269.0,182.0,58.0,130.0
267.0,185.0,59.0,128.0
266.0,187.0,59.0,127.0
264.0,188.0,60.0,125.0
262.0,191.0,60.0,123.0
261.0,193.0,61.0,121.0
260.0,194.0,60.0,120.0
259.0,195.0,60.0,119.0
258.0,197.0,61.0,117.0
256.0,200.0,61.0,115.0
256.0,203.0,61.0,115.0
255.0,203.0,61.0,113.0
254.0,206.0,60.0,113.0
254.0,206.0,60.0,112.0
253.0,207.0,58.0,113.0
252.0,207.0,57.0,113.0
251.0,210.0,57.0,112.0
250.0,211.0,56.0,111.0
250.0,211.0,55.0,112.0
249.0,211.0,54.0,113.0
248.0,211.0,54.0,111.0
247.0,210.0,54.0,110.0
244.0,208.0,55.0,109.0
246.0,204.0,54.0,109.0
246.0,199.0,54.0,109.0
245.0,192.0,54.0,109.0
244.0,186.0,54.0,110.0
245.0,179.0,53.0,112.0
245.0,170.0,53.0,113.0
246.0,161.0,53.0,114.0
246.0,151.0,53.0,115.0
247.0,141.0,53.0,116.0
250.0,132.0,53.0,118.0
251.0,125.0,55.0,117.0
253.0,118.0,55.0,117.0
256.0,114.0,56.0,117.0
258.0,112.0,56.0,118.0
261.0,110.0,56.0,118.0
265.0,108.0,57.0,117.0
269.0,104.0,57.0,116.0
273.0,105.0,58.0,116.0
278.0,106.0,58.0,117.0
281.0,105.0,58.0,118.0
286.0,105.0,58.0,119.0
290.0,106.0,59.0,120.0
294.0,109.0,59.0,121.0
296.0,108.0,60.0,120.0
297.0,116.0,62.0,120.0
299.0,122.0,63.0,121.0
298.0,126.0,64.0,121.0
295.0,132.0,65.0,123.0
294.0,130.0,65.0,122.0
286.0,140.0,66.0,122.0
285.0,150.0,66.0,122.0
274.0,158.0,66.0,122.0
265.0,177.0,66.0,122.0
256.0,186.0,67.0,122.0
248.0,203.0,68.0,121.0
238.0,212.0,68.0,120.0
233.0,220.0,69.0,119.0
225.0,226.0,70.0,120.0
213.0,233.0,69.0,121.0
204.0,236.0,70.0,120.0
201.0,235.0,71.0,121.0
198.0,226.0,70.0,122.0
195.0,221.0,72.0,122.0
191.0,211.0,73.0,124.0
192.0,200.0,74.0,124.0
191.0,191.0,74.0,127.0
192.0,180.0,75.0,126.0
196.0,169.0,75.0,127.0
201.0,161.0,76.0,129.0
203.0,154.0,77.0,129.0
210.0,146.0,76.0,130.0
214.0,142.0,78.0,132.0
219.0,137.0,78.0,132.0
225.0,135.0,79.0,132.0
232.0,134.0,79.0,133.0
240.0,132.0,80.0,134.0
249.0,132.0,80.0,134.0
261.0,134.0,80.0,135.0
271.0,137.0,81.0,136.0
279.0,137.0,81.0,139.0
291.0,142.0,82.0,139.0
302.0,144.0,83.0,143.0
314.0,150.0,83.0,145.0
329.0,160.0,84.0,145.0
345.0,161.0,85.0,146.0
360.0,164.0,86.0,145.0
370.0,164.0,84.0,147.0
383.0,163.0,83.0,149.0
393.0,163.0,82.0,148.0
404.0,159.0,81.0,148.0
414.0,158.0,80.0,148.0
421.0,153.0,79.0,147.0
426.0,152.0,78.0,148.0
431.0,148.0,76.0,148.0
432.0,145.0,75.0,150.0
430.0,140.0,75.0,149.0
427.0,137.0,75.0,148.0
423.0,133.0,75.0,149.0
415.0,127.0,75.0,150.0
404.0,123.0,75.0,150.0
392.0,121.0,76.0,149.0
376.0,119.0,77.0,147.0
361.0,116.0,77.0,147.0
340.0,114.0,76.0,148.0
316.0,113.0,76.0,147.0
292.0,112.0,76.0,148.0
269.0,114.0,76.0,148.0
241.0,112.0,77.0,147.0
213.0,112.0,74.0,151.0
181.0,115.0,74.0,153.0
151.0,117.0,73.0,155.0
126.0,118.0,75.0,155.0
92.0,117.0,76.0,155.0
69.0,122.0,79.0,155.0
45.0,121.0,80.0,155.0
21.0,119.0,80.0,156.0
5.0,115.0,80.0,158.0
1.0,114.0,78.0,161.0
1.0,104.0,74.0,167.0
1.0,95.0,71.0,171.0
1.0,87.0,70.0,172.0
1.0,75.0,70.0,171.0
1.0,64.0,71.0,170.0
3.0,57.0,70.0,170.0
12.0,52.0,72.0,167.0
17.0,46.0,74.0,165.0
24.0,41.0,73.0,166.0
44.0,30.0,73.0,167.0
63.0,24.0,73.0,165.0
80.0,16.0,72.0,166.0
94.0,10.0,71.0,165.0
108.0,4.0,74.0,162.0
126.0,7.0,73.0,161.0
143.0,4.0,72.0,162.0
158.0,9.0,70.0,163.0
173.0,4.0,70.0,162.0
187.0,12.0,71.0,160.0
202.0,13.0,69.0,160.0
217.0,17.0,71.0,157.0
229.0,18.0,70.0,157.0
242.0,17.0,69.0,157.0
248.0,22.0,69.0,156.0
258.0,22.0,68.0,155.0
269.0,32.0,66.0,155.0
277.0,41.0,66.0,155.0
284.0,47.0,65.0,154.0
288.0,54.0,66.0,154.0
292.0,61.0,66.0,154.0
295.0,70.0,64.0,155.0
298.0,80.0,63.0,155.0
298.0,90.0,63.0,154.0
298.0,99.0,62.0,154.0
297.0,111.0,62.0,154.0
294.0,120.0,61.0,154.0
293.0,128.0,61.0,153.0
292.0,135.0,62.0,151.0
290.0,143.0,62.0,150.0
289.0,149.0,62.0,149.0
288.0,157.0,61.0,149.0
288.0,165.0,62.0,147.0
287.0,174.0,62.0,145.0
288.0,180.0,62.0,144.0
289.0,186.0,63.0,142.0
290.0,193.0,63.0,142.0
293.0,195.0,61.0,142.0
295.0,196.0,60.0,142.0
296.0,195.0,60.0,142.0
298.0,194.0,61.0,141.0
301.0,193.0,63.0,138.0
303.0,189.0,63.0,136.0
305.0,187.0,63.0,136.0
308.0,184.0,64.0,134.0
310.0,182.0,65.0,134.0
312.0,179.0,66.0,133.0
314.0,177.0,66.0,133.0
315.0,176.0,66.0,134.0
316.0,176.0,67.0,134.0
317.0,176.0,66.0,135.0
317.0,177.0,65.0,137.0
317.0,179.0,65.0,137.0
315.0,181.0,67.0,138.0
312.0,184.0,68.0,137.0
307.0,185.0,69.0,138.0
302.0,186.0,70.0,139.0
296.0,186.0,71.0,140.0
289.0,187.0,72.0,141.0
282.0,187.0,72.0,142.0
273.0,189.0,74.0,142.0
260.0,191.0,75.0,142.0
249.0,193.0,75.0,143.0
237.0,195.0,76.0,144.0
226.0,195.0,77.0,144.0
215.0,196.0,79.0,144.0
203.0,195.0,80.0,145.0
192.0,197.0,81.0,146.0
180.0,198.0,81.0,147.0
173.0,203.0,81.0,149.0
163.0,203.0,82.0,150.0
156.0,202.0,82.0,151.0
151.0,203.0,82.0,150.0
149.0,203.0,81.0,151.0
144.0,207.0,79.0,152.0
140.0,209.0,79.0,153.0
138.0,217.0,78.0,154.0
140.0,224.0,78.0,153.0
139.0,227.0,76.0,154.0
142.0,235.0,76.0,152.0
146.0,241.0,77.0,149.0
146.0,243.0,77.0,148.0
150.0,249.0,76.0,146.0
153.0,251.0,76.0,145.0
156.0,254.0,76.0,143.0
158.0,256.0,76.0,142.0
160.0,260.0,77.0,140.0
161.0,260.0,78.0,140.0
166.0,260.0,78.0,140.0
168.0,258.0,79.0,140.0
171.0,255.0,79.0,141.0
174.0,252.0,79.0,142.0
178.0,254.0,79.0,141.0
181.0,254.0,79.0,141.0
186.0,254.0,79.0,141.0
192.0,253.0,78.0,142.0
197.0,250.0,80.0,140.0
202.0,247.0,82.0,139.0
208.0,248.0,81.0,139.0
216.0,248.0,82.0,137.0
225.0,248.0,81.0,138.0
236.0,246.0,80.0,140.0
245.0,245.0,80.0,140.0
257.0,244.0,79.0,141.0
270.0,243.0,81.0,141.0
281.0,242.0,83.0,142.0
292.0,244.0,84.0,142.0
305.0,246.0,85.0,142.0
323.0,246.0,84.0,144.0
338.0,247.0,85.0,143.0
354.0,245.0,85.0,144.0
368.0,244.0,85.0,146.0
378.0,241.0,84.0,145.0
390.0,237.0,83.0,145.0
402.0,236.0,84.0,143.0
415.0,233.0,82.0,143.0
429.0,228.0,84.0,143.0
441.0,223.0,84.0,143.0
453.0,221.0,85.0,143.0
460.0,219.0,86.0,143.0
464.0,218.0,86.0,144.0
469.0,210.0,85.0,146.0
474.0,205.0,83.0,149.0
476.0,200.0,82.0,151.0
477.0,192.0,82.0,153.0
476.0,183.0,82.0,155.0
469.0,163.0,80.0,158.0
460.0,150.0,79.0,161.0
457.0,142.0,79.0,163.0
444.0,123.0,80.0,163.0
428.0,110.0,80.0,163.0
412.0,98.0,81.0,164.0
397.0,78.0,82.0,164.0
378.0,68.0,83.0,163.0
358.0,57.0,84.0,163.0
335.0,44.0,83.0,164.0
313.0,27.0,84.0,164.0
293.0,22.0,86.0,165.0
271.0,24.0,86.0,164.0
250.0,24.0,87.0,164.0
228.0,23.0,88.0,163.0
211.0,28.0,86.0,165.0
189.0,27.0,87.0,166.0
171.0,26.0,88.0,166.0
157.0,33.0,89.0,167.0
148.0,42.0,89.0,167.0
138.0,52.0,87.0,171.0
130.0,79.0,86.0,173.0
128.0,91.0,85.0,175.0
127.0,102.0,86.0,174.0
127.0,118.0,86.0,175.0
131.0,127.0,87.0,174.0
137.0,143.0,86.0,173.0
143.0,153.0,86.0,172.0
150.0,160.0,84.0,173.0
157.0,168.0,84.0,173.0
163.0,171.0,85.0,171.0
170.0,180.0,86.0,168.0
177.0,183.0,87.0,166.0
186.0,188.0,88.0,164.0
203.0,193.0,88.0,162.0
210.0,198.0,88.0,160.0
221.0,198.0,87.0,160.0
232.0,199.0,87.0,159.0
257.0,197.0,82.0,164.0
268.0,193.0,81.0,164.0
278.0,189.0,81.0,164.0
292.0,193.0,80.0,163.0
300.0,192.0,79.0,164.0
312.0,192.0,80.0,161.0
321.0,192.0,80.0,161.0
329.0,190.0,79.0,161.0
335.0,187.0,79.0,160.0
341.0,183.0,79.0,159.0
344.0,180.0,78.0,159.0
347.0,180.0,78.0,157.0
348.0,177.0,77.0,157.0
346.0,173.0,77.0,155.0
342.0,172.0,76.0,154.0
339.0,169.0,75.0,153.0
333.0,168.0,74.0,152.0
328.0,168.0,74.0,151.0
323.0,165.0,74.0,149.0
316.0,165.0,73.0,147.0
308.0,162.0,72.0,148.0
300.0,160.0,72.0,146.0
293.0,156.0,71.0,146.0
288.0,152.0,69.0,146.0
281.0,148.0,69.0,145.0
274.0,142.0,68.0,145.0
270.0,138.0,68.0,144.0
264.0,133.0,67.0,145.0
260.0,128.0,67.0,144.0
254.0,122.0,67.0,143.0
249.0,119.0,67.0,143.0
243.0,115.0,67.0,142.0
235.0,111.0,68.0,141.0
230.0,105.0,68.0,142.0
225.0,100.0,66.0,143.0
218.0,98.0,68.0,142.0
208.0,94.0,68.0,142.0
201.0,90.0,68.0,141.0
191.0,88.0,69.0,141.0
182.0,85.0,70.0,141.0
176.0,82.0,69.0,143.0
167.0,77.0,69.0,145.0
156.0,78.0,69.0,145.0
146.0,73.0,69.0,145.0
136.0,76.0,70.0,146.0
125.0,81.0,72.0,146.0
115.0,89.0,72.0,147.0
105.0,97.0,73.0,148.0
92.0,98.0,73.0,149.0
82.0,102.0,74.0,149.0
74.0,107.0,73.0,151.0
66.0,111.0,73.0,152.0
55.0,112.0,75.0,151.0
46.0,114.0,75.0,153.0
39.0,117.0,74.0,154.0
30.0,120.0,76.0,153.0
23.0,124.0,76.0,153.0
17.0,127.0,77.0,153.0
14.0,133.0,76.0,154.0
10.0,138.0,78.0,150.0
10.0,145.0,78.0,148.0
8.0,154.0,77.0,147.0
9.0,166.0,77.0,145.0
12.0,177.0,77.0,143.0
16.0,181.0,75.0,142.0
20.0,186.0,75.0,141.0
21.0,189.0,74.0,141.0
25.0,191.0,75.0,141.0
27.0,193.0,74.0,141.0
33.0,193.0,74.0,139.0
38.0,197.0,74.0,138.0
38.0,200.0,73.0,137.0
41.0,196.0,72.0,138.0
43.0,197.0,73.0,137.0
46.0,196.0,72.0,137.0
47.0,202.0,72.0,137.0
50.0,199.0,70.0,137.0
52.0,198.0,70.0,135.0
53.0,199.0,70.0,133.0
56.0,201.0,69.0,132.0
55.0,201.0,68.0,132.0
55.0,203.0,68.0,131.0
55.0,204.0,68.0,130.0
54.0,208.0,68.0,129.0
54.0,210.0,67.0,128.0
53.0,213.0,67.0,127.0
52.0,216.0,67.0,126.0
49.0,220.0,67.0,125.0
47.0,222.0,67.0,124.0
46.0,221.0,67.0,123.0
43.0,220.0,66.0,124.0
42.0,221.0,66.0,123.0
40.0,218.0,64.0,124.0
38.0,217.0,65.0,123.0
37.0,216.0,64.0,123.0
35.0,216.0,63.0,122.0
34.0,218.0,62.0,121.0
32.0,218.0,62.0,120.0
30.0,217.0,61.0,120.0
27.0,219.0,61.0,118.0
26.0,219.0,61.0,116.0
25.0,219.0,61.0,115.0
23.0,219.0,60.0,114.0
21.0,219.0,60.0,112.0
19.0,218.0,59.0,112.0
17.0,220.0,59.0,110.0
15.0,220.0,60.0,108.0
13.0,221.0,60.0,107.0
12.0,222.0,59.0,106.0
10.0,224.0,59.0,105.0
9.0,225.0,59.0,105.0
8.0,228.0,59.0,104.0
8.0,228.0,58.0,105.0
7.0,229.0,58.0,105.0
6.0,231.0,58.0,105.0
7.0,234.0,57.0,105.0
7.0,236.0,57.0,106.0
9.0,238.0,57.0,107.0
8.0,239.0,57.0,108.0
9.0,241.0,57.0,108.0
9.0,243.0,58.0,108.0
10.0,243.0,58.0,109.0
11.0,244.0,58.0,110.0
12.0,245.0,58.0,110.0
14.0,246.0,58.0,111.0
14.0,249.0,58.0,111.0
14.0,251.0,58.0,112.0
15.0,253.0,58.0,112.0
15.0,253.0,59.0,111.0
17.0,256.0,59.0,112.0
17.0,257.0,59.0,111.0
17.0,257.0,60.0,111.0
17.0,257.0,60.0,111.0
18.0,259.0,60.0,111.0
19.0,259.0,60.0,111.0
20.0,260.0,60.0,111.0
20.0,260.0,61.0,111.0
20.0,262.0,61.0,111.0
21.0,265.0,61.0,112.0
22.0,267.0,62.0,110.0
21.0,268.0,62.0,111.0
22.0,270.0,62.0,110.0
23.0,269.0,62.0,111.0
24.0,270.0,62.0,111.0
25.0,270.0,62.0,111.0
26.0,272.0,62.0,110.0
28.0,272.0,62.0,111.0
29.0,272.0,61.0,111.0
32.0,271.0,61.0,111.0
34.0,270.0,61.0,111.0
35.0,270.0,61.0,111.0
38.0,270.0,60.0,111.0
41.0,270.0,59.0,112.0
43.0,269.0,59.0,112.0
45.0,269.0,58.0,112.0
48.0,268.0,58.0,112.0
51.0,267.0,59.0,111.0
52.0,267.0,60.0,110.0
55.0,265.0,59.0,111.0
58.0,264.0,59.0,111.0
61.0,261.0,60.0,110.0
64.0,257.0,59.0,111.0
66.0,254.0,58.0,111.0
67.0,248.0,60.0,109.0
75.0,249.0,62.0,107.0
76.0,247.0,62.0,107.0
78.0,245.0,61.0,108.0
79.0,238.0,61.0,107.0
82.0,239.0,59.0,108.0
86.0,232.0,59.0,107.0
90.0,233.0,57.0,108.0
93.0,235.0,57.0,107.0
97.0,238.0,57.0,107.0
106.0,240.0,58.0,105.0
107.0,233.0,59.0,104.0
118.0,236.0,59.0,103.0
121.0,238.0,58.0,105.0
131.0,241.0,58.0,104.0
140.0,242.0,58.0,105.0
150.0,243.0,58.0,105.0
152.0,238.0,59.0,105.0
155.0,234.0,59.0,104.0
158.0,238.0,58.0,105.0
170.0,239.0,57.0,107.0
180.0,238.0,59.0,106.0
189.0,237.0,60.0,107.0
189.0,229.0,59.0,108.0
196.0,226.0,61.0,107.0
195.0,219.0,61.0,108.0
204.0,218.0,62.0,108.0
212.0,215.0,63.0,109.0
214.0,213.0,62.0,111.0
217.0,207.0,62.0,111.0
222.0,209.0,60.0,112.0
226.0,208.0,60.0,113.0
236.0,208.0,61.0,114.0
236.0,200.0,63.0,112.0
239.0,200.0,63.0,112.0
244.0,201.0,62.0,112.0
250.0,201.0,62.0,113.0
252.0,196.0,63.0,113.0
255.0,193.0,62.0,113.0
258.0,198.0,62.0,113.0
260.0,195.0,62.0,113.0
262.0,192.0,62.0,112.0
263.0,198.0,64.0,111.0
264.0,201.0,65.0,111.0
268.0,199.0,65.0,114.0
269.0,197.0,65.0,115.0
268.0,195.0,65.0,118.0
267.0,190.0,66.0,118.0
267.0,190.0,66.0,119.0
269.0,188.0,67.0,120.0
267.0,188.0,69.0,121.0
266.0,186.0,70.0,122.0
264.0,179.0,71.0,123.0
262.0,179.0,72.0,124.0
258.0,178.0,72.0,125.0
259.0,169.0,73.0,124.0
260.0,163.0,73.0,124.0
260.0,163.0,72.0,126.0
254.0,154.0,72.0,126.0
259.0,156.0,72.0,127.0
260.0,155.0,72.0,128.0
261.0,146.0,73.0,128.0
263.0,148.0,72.0,130.0
264.0,138.0,72.0,130.0
266.0,140.0,73.0,130.0
270.0,143.0,76.0,129.0
276.0,144.0,77.0,131.0
275.0,142.0,78.0,134.0
275.0,140.0,81.0,135.0
277.0,139.0,83.0,136.0
278.0,138.0,84.0,137.0
280.0,139.0,86.0,137.0
282.0,139.0,86.0,138.0
285.0,138.0,87.0,141.0
287.0,138.0,87.0,143.0
288.0,136.0,87.0,146.0
292.0,135.0,88.0,148.0
295.0,133.0,88.0,151.0
298.0,130.0,90.0,154.0
300.0,129.0,91.0,155.0
302.0,127.0,92.0,158.0
303.0,126.0,93.0,160.0
303.0,122.0,93.0,163.0
302.0,119.0,95.0,164.0
301.0,117.0,96.0,165.0
301.0,114.0,97.0,166.0
299.0,112.0,99.0,167.0
300.0,109.0,99.0,169.0
300.0,105.0,98.0,172.0
300.0,104.0,99.0,174.0
299.0,100.0,99.0,176.0
300.0,103.0,98.0,178.0
299.0,98.0,97.0,179.0
299.0,101.0,98.0,178.0
298.0,99.0,98.0,178.0
298.0,97.0,98.0,178.0
297.0,99.0,98.0,178.0
296.0,96.0,98.0,178.0
295.0,97.0,98.0,177.0
295.0,96.0,98.0,177.0
295.0,95.0,98.0,177.0
294.0,94.0,98.0,177.0
294.0,97.0,98.0,176.0
292.0,96.0,99.0,176.0
291.0,96.0,99.0,176.0
291.0,94.0,98.0,177.0
291.0,93.0,97.0,178.0
292.0,91.0,96.0,180.0
292.0,91.0,96.0,180.0
291.0,91.0,96.0,180.0
290.0,90.0,98.0,178.0
289.0,91.0,100.0,176.0
291.0,92.0,99.0,175.0
290.0,92.0,101.0,173.0
292.0,93.0,100.0,173.0
291.0,94.0,101.0,172.0
292.0,94.0,100.0,172.0
291.0,96.0,101.0,171.0
291.0,101.0,102.0,170.0
291.0,106.0,101.0,169.0
289.0,111.0,101.0,169.0
293.0,113.0,98.0,171.0
293.0,118.0,97.0,171.0
294.0,120.0,95.0,170.0
296.0,125.0,94.0,168.0
298.0,129.0,92.0,167.0
295.0,137.0,93.0,166.0
299.0,138.0,92.0,165.0
295.0,144.0,93.0,164.0
303.0,148.0,93.0,163.0
301.0,150.0,92.0,165.0
312.0,155.0,91.0,165.0
314.0,158.0,90.0,165.0
318.0,158.0,90.0,166.0
323.0,161.0,91.0,165.0
330.0,159.0,88.0,167.0
336.0,160.0,87.0,167.0
342.0,160.0,88.0,164.0
347.0,159.0,88.0,164.0
355.0,160.0,89.0,162.0
363.0,158.0,90.0,161.0
379.0,159.0,91.0,160.0
395.0,159.0,91.0,161.0
399.0,159.0,90.0,162.0
407.0,159.0,88.0,164.0
416.0,156.0,87.0,166.0
433.0,146.0,87.0,166.0
446.0,147.0,87.0,167.0
451.0,137.0,87.0,168.0
454.0,139.0,85.0,171.0
456.0,139.0,84.0,173.0
458.0,138.0,85.0,174.0
457.0,137.0,87.0,174.0
455.0,137.0,89.0,173.0
452.0,135.0,90.0,174.0
447.0,133.0,91.0,175.0
441.0,131.0,93.0,175.0
436.0,130.0,95.0,175.0
415.0,128.0,96.0,174.0
411.0,118.0,96.0,174.0
404.0,119.0,97.0,174.0
383.0,120.0,97.0,174.0
376.0,118.0,97.0,174.0
370.0,109.0,97.0,173.0
361.0,109.0,98.0,171.0
343.0,107.0,99.0,170.0
339.0,101.0,99.0,171.0
333.0,99.0,100.0,171.0
329.0,94.0,100.0,173.0
326.0,90.0,98.0,176.0
323.0,87.0,97.0,177.0
320.0,86.0,96.0,179.0
319.0,83.0,96.0,181.0
318.0,79.0,96.0,181.0
316.0,78.0,97.0,180.0
316.0,78.0,98.0,181.0
317.0,78.0,99.0,181.0
318.0,78.0,99.0,182.0
320.0,80.0,99.0,183.0
321.0,82.0,99.0,184.0
322.0,87.0,101.0,184.0
321.0,88.0,102.0,185.0
322.0,89.0,100.0,188.0
320.0,92.0,100.0,189.0
316.0,96.0,99.0,191.0
312.0,100.0,98.0,195.0
306.0,106.0,99.0,194.0
293.0,114.0,100.0,194.0
289.0,122.0,101.0,193.0
284.0,130.0,103.0,190.0
279.0,137.0,102.0,192.0
269.0,142.0,102.0,193.0
266.0,142.0,99.0,197.0
261.0,143.0,96.0,199.0
255.0,137.0,95.0,200.0
249.0,130.0,94.0,198.0
245.0,127.0,93.0,197.0
243.0,120.0,93.0,195.0
239.0,111.0,94.0,194.0
236.0,103.0,92.0,194.0
236.0,98.0,91.0,193.0
237.0,94.0,90.0,192.0
238.0,86.0,90.0,191.0
239.0,83.0,91.0,189.0
240.0,75.0,91.0,189.0
241.0,71.0,92.0,189.0
241.0,66.0,94.0,187.0
241.0,61.0,93.0,189.0
244.0,52.0,92.0,190.0
242.0,49.0,96.0,188.0
241.0,45.0,97.0,188.0
238.0,42.0,99.0,188.0
237.0,38.0,99.0,190.0
235.0,39.0,99.0,191.0
232.0,36.0,100.0,193.0
230.0,38.0,99.0,195.0
226.0,36.0,98.0,196.0
220.0,38.0,103.0,192.0
215.0,38.0,105.0,191.0
210.0,38.0,103.0,193.0
195.0,37.0,102.0,194.0
194.0,43.0,102.0,192.0
190.0,44.0,103.0,190.0
184.0,46.0,103.0,189.0
179.0,48.0,100.0,192.0
175.0,49.0,98.0,194.0
171.0,48.0,96.0,196.0
166.0,44.0,96.0,195.0
162.0,43.0,94.0,197.0
159.0,36.0,92.0,198.0
154.0,39.0,92.0,199.0
151.0,39.0,92.0,199.0
149.0,35.0,91.0,202.0
148.0,30.0,91.0,205.0
147.0,28.0,91.0,206.0
147.0,26.0,92.0,206.0
147.0,26.0,94.0,204.0
147.0,25.0,95.0,203.0
148.0,22.0,95.0,203.0
148.0,23.0,97.0,201.0
149.0,23.0,98.0,200.0
148.0,23.0,99.0,199.0
149.0,24.0,98.0,200.0
148.0,25.0,98.0,199.0
149.0,23.0,99.0,198.0
150.0,25.0,99.0,197.0
149.0,27.0,99.0,196.0
149.0,28.0,99.0,196.0
149.0,29.0,99.0,195.0
148.0,31.0,99.0,194.0
147.0,34.0,100.0,193.0
147.0,32.0,98.0,195.0
145.0,34.0,99.0,195.0
145.0,33.0,99.0,194.0
143.0,33.0,99.0,195.0
140.0,33.0,99.0,196.0
138.0,33.0,99.0,196.0
135.0,35.0,100.0,195.0
136.0,36.0,99.0,198.0
134.0,39.0,99.0,197.0
134.0,42.0,99.0,198.0
133.0,46.0,99.0,198.0
132.0,49.0,98.0,200.0
131.0,51.0,98.0,201.0
130.0,53.0,97.0,202.0
126.0,55.0,97.0,202.0
124.0,61.0,98.0,201.0
124.0,58.0,97.0,204.0
125.0,59.0,95.0,206.0
124.0,58.0,96.0,207.0
123.0,60.0,95.0,208.0
122.0,60.0,96.0,207.0
120.0,60.0,97.0,206.0
119.0,58.0,97.0,207.0
117.0,59.0,98.0,205.0
117.0,59.0,99.0,205.0
116.0,55.0,99.0,205.0
114.0,57.0,99.0,204.0
112.0,52.0,98.0,203.0
112.0,53.0,98.0,203.0
112.0,51.0,97.0,203.0
113.0,49.0,98.0,200.0
113.0,50.0,96.0,201.0
113.0,47.0,95.0,201.0
112.0,51.0,96.0,200.0
113.0,46.0,95.0,201.0
112.0,50.0,96.0,198.0
113.0,49.0,96.0,199.0
114.0,50.0,96.0,198.0
116.0,47.0,94.0,199.0
119.0,47.0,94.0,200.0
137.0,41.0,90.0,202.0
139.0,38.0,87.0,203.0
141.0,36.0,85.0,201.0
142.0,40.0,84.0,201.0
146.0,37.0,83.0,199.0
146.0,40.0,83.0,198.0
149.0,37.0,81.0,199.0
151.0,36.0,81.0,198.0
153.0,37.0,82.0,195.0
156.0,35.0,82.0,194.0
157.0,29.0,81.0,193.0
159.0,32.0,82.0,190.0
160.0,30.0,83.0,187.0
162.0,32.0,84.0,183.0
163.0,29.0,83.0,180.0
165.0,29.0,83.0,178.0
168.0,27.0,81.0,177.0
169.0,29.0,81.0,173.0
171.0,30.0,80.0,171.0
173.0,30.0,80.0,168.0
175.0,30.0,78.0,167.0
177.0,31.0,76.0,166.0
178.0,31.0,74.0,166.0
180.0,29.0,72.0,166.0
182.0,30.0,72.0,163.0
182.0,31.0,72.0,161.0
182.0,29.0,71.0,161.0
184.0,28.0,70.0,160.0
185.0,28.0,70.0,159.0
186.0,26.0,70.0,158.0
187.0,27.0,70.0,155.0
188.0,28.0,70.0,153.0
189.0,28.0,70.0,152.0
191.0,29.0,70.0,151.0
193.0,29.0,69.0,150.0
195.0,31.0,69.0,149.0
197.0,33.0,69.0,147.0
198.0,33.0,68.0,146.0
200.0,33.0,67.0,145.0
201.0,37.0,67.0,143.0
202.0,36.0,65.0,145.0
204.0,38.0,65.0,143.0
207.0,36.0,64.0,142.0
209.0,39.0,64.0,141.0
211.0,38.0,63.0,141.0
212.0,40.0,62.0,140.0
212.0,39.0,63.0,138.0
215.0,39.0,62.0,138.0
216.0,38.0,61.0,137.0
217.0,42.0,61.0,137.0
216.0,40.0,62.0,135.0
217.0,40.0,61.0,134.0
217.0,41.0,61.0,133.0
218.0,42.0,61.0,131.0
218.0,43.0,61.0,130.0
217.0,42.0,61.0,129.0
217.0,42.0,60.0,129.0
217.0,41.0,59.0,129.0
217.0,41.0,59.0,129.0
216.0,42.0,58.0,128.0
216.0,43.0,57.0,128.0
216.0,43.0,57.0,128.0
215.0,42.0,56.0,128.0
215.0,43.0,56.0,129.0
215.0,43.0,56.0,128.0
213.0,44.0,55.0,128.0
213.0,44.0,55.0,128.0
213.0,43.0,55.0,128.0
213.0,43.0,55.0,127.0
213.0,43.0,55.0,127.0
214.0,43.0,55.0,126.0
214.0,43.0,54.0,127.0
215.0,43.0,54.0,126.0
216.0,43.0,55.0,125.0
216.0,44.0,55.0,124.0
217.0,44.0,55.0,123.0
218.0,43.0,55.0,122.0
218.0,47.0,56.0,122.0
218.0,45.0,56.0,120.0
219.0,44.0,57.0,119.0
219.0,45.0,58.0,117.0
221.0,46.0,58.0,117.0
221.0,47.0,58.0,117.0
223.0,47.0,58.0,116.0
225.0,47.0,58.0,117.0
226.0,46.0,57.0,117.0
227.0,46.0,57.0,118.0
229.0,45.0,57.0,119.0
230.0,44.0,57.0,119.0
232.0,43.0,57.0,121.0
234.0,43.0,58.0,122.0
236.0,42.0,58.0,122.0
237.0,42.0,58.0,121.0
239.0,41.0,58.0,122.0
241.0,45.0,57.0,123.0
243.0,48.0,58.0,122.0
246.0,46.0,58.0,122.0
248.0,49.0,58.0,122.0
252.0,52.0,59.0,122.0
254.0,57.0,58.0,123.0
258.0,62.0,58.0,122.0
262.0,58.0,57.0,123.0
267.0,63.0,58.0,123.0
270.0,69.0,58.0,123.0
275.0,75.0,58.0,122.0
280.0,79.0,59.0,123.0
286.0,83.0,59.0,123.0
292.0,86.0,59.0,124.0
297.0,92.0,60.0,124.0
300.0,99.0,61.0,123.0
304.0,105.0,62.0,124.0
312.0,110.0,62.0,124.0
314.0,120.0,62.0,124.0
316.0,129.0,62.0,125.0
320.0,135.0,63.0,126.0
322.0,141.0,63.0,127.0
324.0,146.0,64.0,128.0
326.0,149.0,64.0,129.0
327.0,152.0,65.0,130.0
327.0,155.0,65.0,132.0
327.0,160.0,65.0,133.0
326.0,162.0,64.0,134.0
326.0,163.0,64.0,135.0
325.0,166.0,64.0,135.0
324.0,169.0,64.0,136.0
324.0,171.0,62.0,137.0
323.0,172.0,62.0,137.0
321.0,175.0,62.0,136.0
320.0,179.0,63.0,136.0
319.0,182.0,62.0,136.0
318.0,186.0,62.0,135.0
319.0,190.0,63.0,133.0
319.0,192.0,63.0,132.0
320.0,196.0,63.0,132.0
320.0,199.0,63.0,132.0
324.0,202.0,63.0,132.0
325.0,205.0,63.0,132.0
326.0,206.0,64.0,131.0
328.0,209.0,65.0,130.0
330.0,211.0,66.0,129.0
333.0,214.0,66.0,129.0
335.0,216.0,68.0,128.0
337.0,216.0,69.0,128.0
340.0,218.0,69.0,129.0
342.0,219.0,69.0,131.0
344.0,220.0,70.0,130.0
345.0,221.0,71.0,131.0
347.0,220.0,71.0,132.0
349.0,218.0,71.0,134.0
350.0,220.0,71.0,134.0
349.0,218.0,72.0,135.0
349.0,219.0,73.0,135.0
347.0,217.0,74.0,135.0
347.0,219.0,75.0,136.0
344.0,217.0,76.0,136.0
342.0,216.0,77.0,137.0
