256.0,152.0,73.0,210.0
256.0,149.0,73.0,210.0
257.0,148.0,74.0,211.0
257.0,147.0,74.0,213.0
257.0,147.0,75.0,213.0
257.0,147.0,75.0,215.0
257.0,146.0,75.0,216.0
258.0,145.0,75.0,217.0
255.0,144.0,76.0,216.0
257.0,144.0,76.0,218.0
254.0,143.0,76.0,220.0
256.0,145.0,78.0,219.0
255.0,144.0,77.0,221.0
255.0,144.0,77.0,222.0
256.0,142.0,77.0,224.0
255.0,142.0,78.0,224.0
255.0,140.0,77.0,226.0
254.0,140.0,78.0,226.0
255.0,140.0,78.0,226.0
254.0,139.0,79.0,227.0
254.0,139.0,78.0,229.0
253.0,138.0,80.0,229.0
253.0,138.0,79.0,230.0
254.0,137.0,80.0,231.0
253.0,136.0,80.0,232.0
252.0,138.0,81.0,233.0
253.0,137.0,81.0,234.0
253.0,135.0,81.0,234.0
252.0,136.0,82.0,234.0
253.0,133.0,81.0,235.0
253.0,135.0,81.0,237.0
252.0,134.0,81.0,237.0
251.0,135.0,82.0,237.0
252.0,133.0,82.0,237.0
252.0,135.0,82.0,238.0
251.0,134.0,82.0,239.0
252.0,133.0,83.0,238.0
252.0,134.0,83.0,239.0
252.0,133.0,83.0,239.0
251.0,134.0,83.0,239.0
251.0,132.0,83.0,240.0
252.0,133.0,83.0,240.0
252.0,133.0,83.0,240.0
251.0,133.0,84.0,240.0
250.0,132.0,84.0,241.0
251.0,132.0,83.0,241.0
251.0,132.0,83.0,241.0
251.0,132.0,83.0,242.0
250.0,131.0,83.0,242.0
251.0,132.0,84.0,241.0
252.0,132.0,83.0,243.0
252.0,131.0,83.0,243.0
252.0,132.0,83.0,243.0
250.0,132.0,83.0,243.0
251.0,131.0,84.0,242.0
251.0,132.0,84.0,243.0
250.0,130.0,84.0,243.0
251.0,133.0,85.0,242.0
250.0,131.0,84.0,243.0
250.0,133.0,85.0,242.0
250.0,131.0,84.0,243.0
250.0,129.0,84.0,243.0
251.0,132.0,85.0,243.0
250.0,129.0,84.0,244.0
250.0,131.0,84.0,244.0
250.0,132.0,84.0,244.0
250.0,129.0,85.0,244.0
251.0,132.0,84.0,244.0
249.0,130.0,84.0,245.0
250.0,131.0,84.0,244.0
249.0,131.0,84.0,244.0
251.0,132.0,84.0,244.0
250.0,131.0,85.0,243.0
250.0,131.0,85.0,243.0
251.0,132.0,86.0,242.0
249.0,133.0,85.0,242.0
251.0,129.0,85.0,243.0
251.0,136.0,85.0,243.0
250.0,131.0,85.0,243.0
249.0,131.0,85.0,243.0
250.0,131.0,85.0,242.0
251.0,131.0,84.0,243.0
250.0,130.0,84.0,243.0
251.0,130.0,84.0,243.0
250.0,130.0,84.0,243.0
249.0,130.0,85.0,243.0
250.0,132.0,85.0,242.0
250.0,129.0,84.0,244.0
251.0,132.0,84.0,244.0
249.0,129.0,84.0,244.0
251.0,133.0,84.0,244.0
251.0,130.0,84.0,244.0
251.0,131.0,84.0,244.0
251.0,131.0,85.0,243.0
250.0,133.0,84.0,243.0
250.0,130.0,84.0,243.0
251.0,132.0,85.0,242.0
250.0,132.0,85.0,243.0
250.0,129.0,84.0,244.0
250.0,131.0,84.0,244.0
251.0,130.0,84.0,244.0
250.0,131.0,85.0,244.0
250.0,131.0,84.0,245.0
251.0,132.0,84.0,244.0
251.0,129.0,85.0,244.0
251.0,132.0,84.0,245.0
250.0,129.0,84.0,245.0
250.0,129.0,84.0,245.0
251.0,131.0,84.0,245.0
250.0,132.0,84.0,245.0
249.0,130.0,85.0,244.0
251.0,130.0,84.0,245.0
248.0,131.0,85.0,245.0
251.0,130.0,85.0,245.0
251.0,131.0,85.0,244.0
251.0,133.0,85.0,244.0
251.0,129.0,85.0,245.0
251.0,129.0,85.0,245.0
251.0,132.0,85.0,244.0
250.0,129.0,84.0,245.0
251.0,131.0,85.0,244.0
250.0,133.0,85.0,244.0
250.0,129.0,85.0,244.0
250.0,130.0,85.0,244.0
250.0,131.0,85.0,244.0
251.0,133.0,85.0,244.0
251.0,130.0,84.0,245.0
249.0,131.0,84.0,246.0
252.0,128.0,84.0,246.0
252.0,131.0,83.0,247.0
252.0,129.0,83.0,247.0
251.0,131.0,84.0,246.0
251.0,129.0,84.0,246.0
250.0,132.0,86.0,244.0
251.0,129.0,85.0,244.0
251.0,131.0,85.0,245.0
251.0,130.0,85.0,245.0
250.0,132.0,86.0,244.0
250.0,132.0,86.0,244.0
247.0,129.0,86.0,244.0
252.0,132.0,85.0,244.0
250.0,133.0,85.0,244.0
252.0,131.0,85.0,245.0
251.0,133.0,85.0,244.0
250.0,130.0,85.0,244.0
250.0,133.0,86.0,244.0
250.0,129.0,85.0,245.0
250.0,132.0,86.0,244.0
249.0,132.0,85.0,244.0
250.0,130.0,85.0,244.0
250.0,132.0,86.0,244.0
250.0,128.0,85.0,245.0
251.0,129.0,85.0,245.0
250.0,132.0,86.0,244.0
250.0,129.0,85.0,246.0
250.0,133.0,86.0,244.0
249.0,130.0,84.0,246.0
252.0,133.0,84.0,246.0
250.0,129.0,85.0,245.0
250.0,131.0,86.0,244.0
251.0,130.0,85.0,245.0
250.0,130.0,85.0,245.0
248.0,132.0,86.0,244.0
251.0,131.0,85.0,245.0
248.0,133.0,85.0,245.0
249.0,132.0,85.0,244.0
251.0,129.0,85.0,246.0
250.0,130.0,85.0,245.0
247.0,132.0,85.0,245.0
253.0,130.0,85.0,245.0
250.0,134.0,86.0,243.0
251.0,130.0,85.0,244.0
250.0,133.0,86.0,244.0
250.0,129.0,86.0,244.0
250.0,130.0,85.0,245.0
247.0,133.0,85.0,245.0
252.0,129.0,85.0,245.0
250.0,132.0,85.0,245.0
250.0,128.0,85.0,246.0
251.0,131.0,85.0,246.0
251.0,129.0,85.0,246.0
251.0,131.0,85.0,246.0
251.0,128.0,85.0,246.0
251.0,131.0,85.0,246.0
250.0,131.0,85.0,246.0
247.0,130.0,85.0,246.0
252.0,131.0,85.0,245.0
250.0,132.0,86.0,245.0
249.0,129.0,85.0,246.0
250.0,132.0,85.0,246.0
251.0,129.0,85.0,246.0
251.0,130.0,85.0,246.0
250.0,130.0,84.0,247.0
251.0,129.0,84.0,247.0
250.0,129.0,84.0,247.0
249.0,131.0,85.0,247.0
250.0,129.0,84.0,247.0
249.0,131.0,85.0,246.0
249.0,130.0,85.0,247.0
251.0,130.0,85.0,246.0
250.0,129.0,85.0,246.0
252.0,129.0,85.0,246.0
251.0,132.0,86.0,245.0
250.0,128.0,85.0,246.0
250.0,129.0,85.0,246.0
249.0,130.0,85.0,246.0
252.0,129.0,85.0,246.0
251.0,131.0,86.0,245.0
251.0,131.0,86.0,245.0
248.0,130.0,86.0,246.0
248.0,129.0,86.0,246.0
248.0,130.0,86.0,246.0
251.0,128.0,86.0,245.0
250.0,131.0,86.0,245.0
247.0,127.0,85.0,246.0
252.0,130.0,85.0,245.0
251.0,132.0,85.0,245.0
248.0,128.0,85.0,247.0
252.0,129.0,84.0,246.0
250.0,130.0,84.0,247.0
251.0,129.0,85.0,246.0
249.0,131.0,85.0,246.0
248.0,130.0,85.0,246.0
250.0,132.0,85.0,246.0
251.0,131.0,84.0,246.0
250.0,131.0,84.0,246.0
251.0,130.0,84.0,246.0
252.0,131.0,83.0,246.0
251.0,131.0,84.0,245.0
251.0,134.0,84.0,244.0
251.0,130.0,84.0,244.0
249.0,132.0,84.0,244.0
249.0,132.0,84.0,245.0
252.0,132.0,83.0,246.0
251.0,132.0,83.0,245.0
251.0,130.0,83.0,246.0
251.0,132.0,83.0,246.0
251.0,131.0,83.0,245.0
251.0,133.0,83.0,245.0
252.0,132.0,83.0,245.0
252.0,133.0,83.0,245.0
251.0,132.0,83.0,244.0
251.0,132.0,83.0,244.0
251.0,134.0,83.0,244.0
250.0,131.0,83.0,245.0
253.0,132.0,82.0,246.0
251.0,132.0,83.0,245.0
252.0,132.0,83.0,245.0
251.0,133.0,83.0,245.0
251.0,129.0,83.0,245.0
251.0,133.0,83.0,245.0
252.0,132.0,83.0,245.0
252.0,132.0,83.0,246.0
252.0,133.0,83.0,245.0
251.0,133.0,83.0,245.0
251.0,132.0,83.0,246.0
252.0,132.0,83.0,246.0
252.0,131.0,83.0,246.0
251.0,132.0,83.0,246.0
252.0,132.0,83.0,246.0
252.0,131.0,83.0,247.0
252.0,133.0,83.0,247.0
251.0,129.0,84.0,246.0
251.0,133.0,84.0,246.0
251.0,132.0,84.0,246.0
251.0,131.0,83.0,247.0
248.0,131.0,84.0,248.0
250.0,131.0,84.0,248.0
249.0,131.0,84.0,249.0
251.0,131.0,84.0,247.0
248.0,131.0,84.0,248.0
251.0,130.0,84.0,248.0
250.0,130.0,84.0,249.0
250.0,132.0,84.0,248.0
251.0,131.0,84.0,248.0
250.0,133.0,84.0,248.0
249.0,129.0,85.0,247.0
250.0,132.0,84.0,248.0
250.0,131.0,84.0,248.0
249.0,131.0,85.0,247.0
248.0,131.0,85.0,248.0
250.0,129.0,84.0,249.0
250.0,130.0,84.0,249.0
250.0,131.0,84.0,248.0
250.0,133.0,85.0,247.0
251.0,132.0,84.0,247.0
250.0,134.0,84.0,246.0
250.0,132.0,86.0,244.0
250.0,137.0,85.0,243.0
249.0,134.0,86.0,242.0
245.0,136.0,86.0,241.0
250.0,132.0,85.0,242.0
250.0,137.0,85.0,242.0
250.0,134.0,85.0,242.0
248.0,134.0,85.0,241.0
249.0,135.0,85.0,241.0
249.0,135.0,85.0,241.0
251.0,135.0,84.0,242.0
251.0,135.0,84.0,242.0
250.0,134.0,84.0,242.0
250.0,134.0,84.0,241.0
251.0,135.0,84.0,241.0
250.0,137.0,84.0,240.0
250.0,137.0,84.0,239.0
251.0,136.0,84.0,239.0
251.0,136.0,83.0,239.0
250.0,136.0,84.0,238.0
251.0,135.0,84.0,237.0
251.0,137.0,84.0,237.0
251.0,135.0,84.0,237.0
248.0,136.0,83.0,237.0
250.0,135.0,84.0,236.0
249.0,135.0,83.0,237.0
249.0,134.0,83.0,236.0
248.0,133.0,82.0,238.0
249.0,130.0,83.0,238.0
248.0,131.0,83.0,237.0
248.0,131.0,83.0,238.0
248.0,130.0,83.0,238.0
248.0,126.0,82.0,239.0
248.0,124.0,82.0,240.0
248.0,123.0,83.0,239.0
246.0,119.0,83.0,241.0
244.0,114.0,83.0,240.0
243.0,110.0,83.0,242.0
242.0,104.0,81.0,244.0
239.0,100.0,81.0,245.0
238.0,95.0,82.0,244.0
237.0,90.0,81.0,245.0
233.0,84.0,81.0,245.0
232.0,81.0,82.0,244.0
229.0,77.0,81.0,245.0
225.0,75.0,82.0,242.0
223.0,75.0,83.0,239.0
221.0,74.0,83.0,238.0
220.0,73.0,84.0,237.0
217.0,70.0,85.0,234.0
215.0,67.0,85.0,232.0
211.0,59.0,86.0,230.0
208.0,53.0,86.0,229.0
190.0,41.0,85.0,230.0
189.0,43.0,86.0,229.0
189.0,38.0,85.0,231.0
187.0,34.0,84.0,231.0
186.0,28.0,83.0,233.0
184.0,25.0,82.0,234.0
181.0,21.0,80.0,236.0
176.0,20.0,81.0,238.0
176.0,18.0,80.0,239.0
168.0,19.0,81.0,239.0
166.0,15.0,82.0,240.0
162.0,14.0,84.0,239.0
159.0,9.0,85.0,239.0
155.0,9.0,87.0,237.0
151.0,8.0,89.0,236.0
149.0,7.0,91.0,234.0
147.0,4.0,90.0,234.0
132.0,2.0,85.0,240.0
133.0,2.0,84.0,242.0
115.0,5.0,84.0,245.0
114.0,13.0,84.0,247.0
114.0,13.0,83.0,247.0
112.0,15.0,85.0,245.0
110.0,20.0,85.0,245.0
103.0,23.0,89.0,240.0
97.0,30.0,89.0,242.0
93.0,28.0,90.0,240.0
85.0,35.0,90.0,241.0
79.0,34.0,93.0,237.0
73.0,33.0,94.0,235.0
68.0,31.0,91.0,239.0
63.0,30.0,89.0,242.0
55.0,31.0,87.0,245.0
50.0,28.0,87.0,247.0
45.0,32.0,88.0,246.0
30.0,32.0,88.0,247.0
17.0,34.0,89.0,247.0
18.0,36.0,90.0,247.0
16.0,37.0,90.0,248.0
10.0,39.0,91.0,249.0
8.0,39.0,92.0,249.0
3.0,41.0,92.0,250.0
2.0,40.0,91.0,254.0
1.0,41.0,91.0,257.0
1.0,39.0,91.0,259.0
1.0,31.0,85.0,269.0
1.0,30.0,81.0,276.0
1.0,27.0,80.0,283.0
1.0,25.0,78.0,289.0
2.0,22.0,77.0,295.0
1.0,32.0,78.0,296.0
1.0,24.0,77.0,300.0
1.0,33.0,77.0,301.0
1.0,28.0,77.0,304.0
1.0,41.0,77.0,305.0
1.0,52.0,77.0,307.0
1.0,44.0,77.0,311.0
1.0,32.0,76.0,316.0
1.0,44.0,78.0,319.0
1.0,32.0,78.0,324.0
1.0,33.0,80.0,328.0
1.0,36.0,81.0,332.0
1.0,38.0,82.0,338.0
1.0,43.0,87.0,335.0
1.0,48.0,90.0,335.0
1.0,53.0,94.0,334.0
3.0,53.0,95.0,335.0
4.0,53.0,97.0,339.0
5.0,54.0,99.0,339.0
9.0,60.0,103.0,338.0
13.0,59.0,107.0,336.0
17.0,64.0,108.0,340.0
19.0,66.0,112.0,337.0
22.0,71.0,115.0,335.0
24.0,74.0,118.0,332.0
32.0,76.0,118.0,331.0
39.0,76.0,119.0,330.0
45.0,74.0,122.0,327.0
54.0,81.0,123.0,326.0
63.0,83.0,122.0,326.0
72.0,87.0,123.0,324.0
83.0,86.0,121.0,325.0
95.0,79.0,119.0,326.0
100.0,72.0,118.0,328.0
111.0,74.0,116.0,330.0
121.0,75.0,115.0,330.0
131.0,71.0,114.0,331.0
139.0,73.0,114.0,332.0
146.0,75.0,116.0,330.0
150.0,71.0,117.0,328.0
159.0,75.0,118.0,325.0
164.0,75.0,118.0,325.0
168.0,72.0,118.0,325.0
190.0,77.0,118.0,322.0
194.0,77.0,118.0,320.0
201.0,78.0,118.0,316.0
208.0,81.0,118.0,314.0
213.0,77.0,117.0,314.0
218.0,72.0,114.0,316.0
222.0,68.0,111.0,319.0
222.0,72.0,110.0,317.0
221.0,71.0,108.0,317.0
222.0,73.0,108.0,314.0
224.0,72.0,108.0,313.0
224.0,75.0,108.0,310.0
225.0,76.0,108.0,309.0
224.0,79.0,109.0,304.0
224.0,79.0,108.0,302.0
223.0,82.0,108.0,301.0
223.0,88.0,109.0,296.0
226.0,88.0,108.0,294.0
224.0,92.0,106.0,293.0
223.0,93.0,107.0,288.0
223.0,94.0,107.0,284.0
225.0,96.0,106.0,282.0
226.0,99.0,104.0,281.0
226.0,100.0,104.0,277.0
227.0,101.0,105.0,273.0
228.0,105.0,103.0,272.0
229.0,103.0,102.0,270.0
234.0,108.0,101.0,269.0
237.0,110.0,99.0,270.0
237.0,113.0,99.0,268.0
238.0,112.0,97.0,268.0
240.0,112.0,96.0,268.0
242.0,109.0,94.0,269.0
243.0,111.0,94.0,268.0
244.0,109.0,93.0,268.0
245.0,111.0,93.0,267.0
243.0,114.0,94.0,265.0
244.0,114.0,93.0,265.0
243.0,116.0,93.0,264.0
244.0,115.0,93.0,264.0
243.0,116.0,93.0,263.0
245.0,114.0,92.0,263.0
244.0,115.0,90.0,264.0
245.0,112.0,90.0,264.0
245.0,113.0,89.0,265.0
244.0,113.0,90.0,263.0
243.0,114.0,90.0,262.0
245.0,113.0,89.0,262.0
244.0,116.0,89.0,261.0
244.0,115.0,89.0,260.0
244.0,115.0,88.0,261.0
245.0,112.0,88.0,260.0
247.0,117.0,89.0,258.0
244.0,119.0,88.0,258.0
244.0,117.0,88.0,257.0
245.0,116.0,88.0,256.0
246.0,117.0,88.0,255.0
246.0,122.0,88.0,254.0
247.0,123.0,89.0,253.0
247.0,123.0,88.0,253.0
248.0,120.0,87.0,253.0
246.0,119.0,87.0,253.0
245.0,120.0,87.0,251.0
248.0,118.0,86.0,252.0
245.0,118.0,87.0,250.0
246.0,121.0,87.0,249.0
243.0,121.0,86.0,249.0
241.0,116.0,86.0,248.0
234.0,121.0,91.0,242.0
217.0,125.0,97.0,237.0
221.0,123.0,97.0,241.0
229.0,123.0,96.0,244.0
242.0,121.0,96.0,245.0
259.0,119.0,96.0,246.0
264.0,114.0,94.0,249.0
265.0,117.0,95.0,250.0
250.0,116.0,90.0,256.0
248.0,113.0,90.0,253.0
247.0,115.0,90.0,253.0
247.0,121.0,89.0,254.0
246.0,119.0,89.0,254.0
246.0,117.0,89.0,254.0
247.0,120.0,87.0,255.0
247.0,119.0,87.0,255.0
246.0,118.0,86.0,257.0
246.0,116.0,87.0,256.0
246.0,116.0,87.0,255.0
247.0,117.0,87.0,255.0
246.0,118.0,87.0,253.0
246.0,119.0,87.0,252.0
247.0,117.0,87.0,251.0
246.0,123.0,87.0,251.0
247.0,120.0,85.0,252.0
246.0,119.0,85.0,251.0
247.0,119.0,86.0,249.0
247.0,120.0,85.0,249.0
246.0,122.0,85.0,248.0
247.0,122.0,85.0,247.0
246.0,121.0,84.0,247.0
247.0,120.0,84.0,247.0
247.0,122.0,84.0,246.0
246.0,122.0,84.0,245.0
246.0,121.0,84.0,244.0
247.0,124.0,83.0,244.0
247.0,123.0,84.0,243.0
245.0,124.0,84.0,242.0
247.0,123.0,83.0,242.0
247.0,125.0,83.0,241.0
248.0,124.0,83.0,241.0
248.0,125.0,83.0,241.0
247.0,125.0,83.0,240.0
247.0,124.0,83.0,240.0
247.0,125.0,83.0,239.0
248.0,126.0,82.0,239.0
247.0,124.0,82.0,239.0
249.0,126.0,82.0,239.0
248.0,126.0,82.0,239.0
248.0,126.0,82.0,239.0
248.0,125.0,82.0,239.0
246.0,125.0,82.0,239.0
248.0,126.0,82.0,239.0
249.0,128.0,82.0,238.0
249.0,126.0,82.0,237.0
249.0,125.0,81.0,238.0
249.0,126.0,81.0,239.0
249.0,126.0,81.0,239.0
249.0,126.0,82.0,237.0
248.0,126.0,82.0,237.0
248.0,129.0,82.0,237.0
249.0,130.0,82.0,236.0
250.0,130.0,81.0,236.0
250.0,127.0,80.0,238.0
249.0,129.0,81.0,235.0
248.0,130.0,81.0,235.0
250.0,129.0,80.0,236.0
248.0,128.0,81.0,234.0
249.0,131.0,80.0,234.0
249.0,128.0,80.0,234.0
249.0,130.0,80.0,234.0
249.0,131.0,80.0,234.0
249.0,130.0,80.0,234.0
248.0,131.0,80.0,233.0
251.0,129.0,79.0,235.0
249.0,129.0,80.0,234.0
248.0,131.0,80.0,233.0
251.0,128.0,80.0,234.0
248.0,129.0,80.0,234.0
250.0,129.0,79.0,233.0
248.0,129.0,79.0,234.0
249.0,128.0,80.0,232.0
249.0,127.0,80.0,232.0
249.0,130.0,80.0,232.0
248.0,131.0,80.0,231.0
249.0,129.0,80.0,230.0
249.0,130.0,80.0,230.0
249.0,131.0,80.0,229.0
249.0,130.0,79.0,230.0
250.0,129.0,79.0,230.0
251.0,130.0,79.0,230.0
249.0,129.0,79.0,230.0
250.0,130.0,79.0,229.0
249.0,131.0,79.0,230.0
249.0,129.0,79.0,230.0
249.0,131.0,79.0,230.0
250.0,130.0,79.0,229.0
250.0,131.0,79.0,229.0
250.0,131.0,79.0,229.0
249.0,132.0,79.0,229.0
250.0,133.0,79.0,228.0
248.0,128.0,77.0,230.0
250.0,132.0,77.0,230.0
252.0,142.0,78.0,229.0
252.0,149.0,79.0,228.0
257.0,141.0,77.0,232.0
254.0,135.0,77.0,234.0
251.0,127.0,77.0,234.0
250.0,127.0,78.0,233.0
249.0,127.0,79.0,232.0
249.0,129.0,80.0,231.0
249.0,129.0,81.0,230.0
249.0,130.0,81.0,229.0
247.0,129.0,80.0,229.0
249.0,130.0,80.0,229.0
250.0,131.0,80.0,228.0
249.0,134.0,80.0,228.0
249.0,130.0,79.0,228.0
250.0,129.0,79.0,228.0
248.0,129.0,79.0,227.0
251.0,130.0,79.0,227.0
251.0,130.0,79.0,227.0
249.0,130.0,79.0,227.0
250.0,130.0,79.0,226.0
251.0,130.0,79.0,226.0
250.0,131.0,78.0,227.0
249.0,130.0,79.0,227.0
250.0,131.0,78.0,227.0
248.0,128.0,79.0,227.0
251.0,128.0,78.0,227.0
250.0,131.0,78.0,228.0
249.0,133.0,79.0,227.0
250.0,133.0,80.0,226.0
250.0,135.0,80.0,225.0
249.0,135.0,80.0,225.0
249.0,133.0,79.0,226.0
249.0,131.0,78.0,227.0
250.0,133.0,78.0,228.0
249.0,130.0,78.0,229.0
251.0,132.0,78.0,229.0
248.0,131.0,80.0,228.0
251.0,133.0,79.0,228.0
249.0,132.0,80.0,227.0
248.0,131.0,80.0,227.0
250.0,132.0,80.0,227.0
247.0,131.0,80.0,228.0
249.0,131.0,80.0,227.0
250.0,132.0,80.0,227.0
249.0,133.0,80.0,226.0
250.0,133.0,80.0,227.0
248.0,131.0,80.0,227.0
250.0,132.0,80.0,226.0
248.0,133.0,80.0,226.0
251.0,134.0,80.0,225.0
249.0,132.0,80.0,225.0
250.0,131.0,80.0,226.0
248.0,134.0,80.0,226.0
250.0,132.0,80.0,226.0
249.0,132.0,80.0,226.0
249.0,133.0,80.0,226.0
251.0,133.0,79.0,227.0
249.0,131.0,79.0,227.0
249.0,132.0,80.0,227.0
250.0,133.0,80.0,227.0
248.0,131.0,80.0,226.0
249.0,132.0,80.0,226.0
250.0,132.0,79.0,226.0
249.0,133.0,79.0,226.0
249.0,132.0,80.0,226.0
250.0,132.0,79.0,226.0
248.0,134.0,79.0,227.0
250.0,133.0,79.0,227.0
250.0,132.0,79.0,227.0
249.0,132.0,79.0,227.0
251.0,132.0,79.0,227.0
248.0,131.0,80.0,227.0
249.0,132.0,80.0,226.0
250.0,132.0,80.0,225.0
249.0,132.0,80.0,226.0
249.0,131.0,80.0,225.0
249.0,134.0,80.0,225.0
250.0,132.0,81.0,225.0
248.0,133.0,80.0,225.0
250.0,132.0,81.0,224.0
249.0,134.0,80.0,225.0
250.0,133.0,81.0,224.0
248.0,133.0,79.0,225.0
250.0,133.0,80.0,225.0
248.0,133.0,80.0,225.0
251.0,133.0,80.0,224.0
249.0,134.0,79.0,225.0
249.0,131.0,79.0,226.0
251.0,132.0,79.0,227.0
248.0,132.0,79.0,226.0
250.0,132.0,79.0,226.0
249.0,131.0,79.0,226.0
249.0,132.0,79.0,226.0
249.0,132.0,79.0,226.0
250.0,132.0,80.0,226.0
249.0,134.0,79.0,226.0
250.0,133.0,80.0,226.0
250.0,133.0,79.0,226.0
250.0,132.0,79.0,227.0
250.0,133.0,79.0,227.0
250.0,130.0,79.0,227.0
250.0,131.0,79.0,228.0
250.0,131.0,79.0,228.0
250.0,131.0,79.0,228.0
249.0,133.0,79.0,228.0
250.0,131.0,79.0,228.0
250.0,131.0,79.0,228.0
248.0,134.0,79.0,227.0
251.0,133.0,80.0,227.0
249.0,131.0,79.0,228.0
251.0,133.0,79.0,227.0
249.0,131.0,80.0,227.0
251.0,131.0,79.0,228.0
249.0,133.0,80.0,227.0
249.0,133.0,81.0,226.0
250.0,133.0,81.0,226.0
249.0,133.0,80.0,227.0
249.0,134.0,79.0,229.0
250.0,139.0,76.0,233.0
253.0,140.0,74.0,236.0
259.0,152.0,72.0,239.0
262.0,171.0,71.0,242.0
250.0,173.0,72.0,242.0
247.0,172.0,73.0,243.0
241.0,172.0,75.0,241.0
237.0,165.0,77.0,241.0
219.0,174.0,77.0,242.0
203.0,171.0,78.0,242.0
202.0,167.0,79.0,243.0
245.0,127.0,80.0,245.0
248.0,124.0,83.0,240.0
245.0,128.0,84.0,238.0
246.0,126.0,84.0,238.0
247.0,126.0,83.0,238.0
247.0,127.0,83.0,239.0
246.0,126.0,82.0,239.0
248.0,125.0,83.0,238.0
246.0,123.0,82.0,239.0
248.0,127.0,82.0,238.0
248.0,125.0,82.0,238.0
248.0,126.0,81.0,238.0
248.0,125.0,81.0,239.0
249.0,126.0,80.0,239.0
248.0,127.0,80.0,238.0
247.0,126.0,80.0,238.0
250.0,124.0,80.0,239.0
248.0,125.0,80.0,239.0
248.0,124.0,80.0,239.0
247.0,126.0,80.0,240.0
248.0,124.0,80.0,240.0
248.0,124.0,81.0,238.0
248.0,126.0,81.0,237.0
248.0,127.0,81.0,237.0
247.0,126.0,81.0,238.0
248.0,128.0,82.0,236.0
248.0,128.0,81.0,237.0
247.0,127.0,81.0,237.0
246.0,128.0,81.0,237.0
246.0,128.0,82.0,235.0
245.0,128.0,83.0,235.0
249.0,127.0,82.0,235.0
245.0,128.0,83.0,234.0
248.0,128.0,83.0,233.0
244.0,128.0,83.0,232.0
240.0,128.0,85.0,229.0
236.0,129.0,85.0,229.0
238.0,124.0,85.0,231.0
243.0,132.0,82.0,237.0
253.0,165.0,79.0,243.0
262.0,157.0,77.0,245.0
268.0,144.0,77.0,250.0
269.0,138.0,79.0,248.0
248.0,136.0,80.0,248.0
248.0,125.0,80.0,249.0
249.0,121.0,80.0,250.0
247.0,122.0,82.0,248.0
246.0,122.0,84.0,246.0
245.0,120.0,85.0,245.0
246.0,122.0,85.0,246.0
245.0,120.0,85.0,247.0
248.0,122.0,84.0,247.0
246.0,121.0,84.0,247.0
245.0,121.0,85.0,246.0
245.0,123.0,85.0,245.0
246.0,120.0,84.0,246.0
246.0,122.0,85.0,246.0
245.0,122.0,85.0,244.0
246.0,123.0,85.0,245.0
246.0,121.0,84.0,246.0
246.0,122.0,83.0,247.0
245.0,121.0,84.0,246.0
246.0,121.0,83.0,247.0
246.0,121.0,83.0,247.0
246.0,121.0,83.0,247.0
246.0,120.0,83.0,247.0
249.0,120.0,82.0,248.0
247.0,121.0,84.0,246.0
246.0,122.0,85.0,244.0
245.0,122.0,85.0,244.0
248.0,122.0,85.0,243.0
247.0,122.0,85.0,243.0
247.0,123.0,85.0,242.0
246.0,123.0,85.0,241.0
247.0,123.0,85.0,241.0
246.0,122.0,85.0,241.0
247.0,126.0,85.0,241.0
247.0,124.0,84.0,241.0
246.0,122.0,84.0,241.0
248.0,126.0,83.0,241.0
248.0,124.0,83.0,241.0
246.0,123.0,83.0,240.0
247.0,123.0,83.0,241.0
247.0,123.0,83.0,241.0
246.0,124.0,84.0,241.0
246.0,123.0,84.0,240.0
246.0,123.0,84.0,240.0
247.0,124.0,83.0,240.0
246.0,124.0,84.0,239.0
246.0,125.0,84.0,239.0
245.0,125.0,85.0,238.0
247.0,125.0,84.0,238.0
246.0,124.0,84.0,238.0
246.0,126.0,84.0,239.0
245.0,126.0,83.0,239.0
246.0,125.0,82.0,240.0
246.0,125.0,82.0,241.0
248.0,122.0,81.0,242.0
247.0,124.0,81.0,243.0
246.0,123.0,81.0,243.0
249.0,120.0,81.0,243.0
248.0,125.0,82.0,243.0
246.0,125.0,83.0,241.0
247.0,124.0,83.0,241.0
246.0,124.0,83.0,240.0
247.0,126.0,83.0,240.0
247.0,126.0,83.0,239.0
245.0,126.0,84.0,238.0
247.0,126.0,84.0,237.0
247.0,125.0,83.0,238.0
247.0,125.0,82.0,238.0
247.0,124.0,82.0,238.0
248.0,125.0,83.0,238.0
247.0,126.0,83.0,238.0
247.0,126.0,82.0,238.0
247.0,128.0,82.0,237.0
247.0,128.0,82.0,236.0
247.0,129.0,83.0,235.0
248.0,128.0,82.0,236.0
248.0,129.0,82.0,235.0
248.0,128.0,81.0,236.0
247.0,127.0,81.0,236.0
247.0,128.0,81.0,235.0
247.0,128.0,82.0,234.0
249.0,128.0,82.0,234.0
248.0,129.0,82.0,233.0
251.0,131.0,82.0,233.0
250.0,130.0,82.0,232.0
255.0,133.0,81.0,233.0
268.0,136.0,81.0,234.0
272.0,144.0,81.0,233.0
286.0,140.0,81.0,235.0
302.0,144.0,83.0,235.0
311.0,150.0,82.0,236.0
332.0,152.0,84.0,234.0
348.0,143.0,86.0,235.0
357.0,151.0,85.0,235.0
373.0,143.0,86.0,236.0
393.0,147.0,89.0,235.0
415.0,154.0,91.0,236.0
432.0,151.0,89.0,241.0
442.0,150.0,84.0,247.0
451.0,155.0,84.0,246.0
458.0,158.0,83.0,246.0
463.0,152.0,83.0,248.0
465.0,156.0,83.0,250.0
467.0,152.0,85.0,250.0
467.0,149.0,85.0,253.0
469.0,148.0,85.0,255.0
469.0,145.0,86.0,258.0
467.0,148.0,89.0,257.0
466.0,147.0,90.0,257.0
465.0,145.0,91.0,257.0
464.0,148.0,92.0,260.0
463.0,146.0,94.0,260.0
463.0,146.0,94.0,261.0
462.0,145.0,96.0,264.0
463.0,141.0,95.0,267.0
463.0,149.0,96.0,269.0
462.0,144.0,97.0,268.0
462.0,141.0,98.0,267.0
462.0,140.0,98.0,270.0
462.0,138.0,99.0,271.0
463.0,140.0,99.0,272.0
464.0,137.0,98.0,275.0
462.0,135.0,98.0,277.0
463.0,133.0,98.0,280.0
463.0,137.0,98.0,282.0
464.0,144.0,98.0,282.0
465.0,133.0,99.0,285.0
469.0,133.0,100.0,289.0
475.0,131.0,99.0,291.0
475.0,133.0,102.0,289.0
473.0,138.0,105.0,287.0
472.0,136.0,104.0,290.0
473.0,140.0,105.0,290.0
471.0,139.0,106.0,290.0
471.0,140.0,106.0,289.0
471.0,142.0,107.0,288.0
472.0,142.0,109.0,288.0
458.0,139.0,111.0,285.0
465.0,141.0,112.0,284.0
467.0,143.0,114.0,282.0
468.0,143.0,115.0,282.0
466.0,146.0,117.0,281.0
467.0,141.0,116.0,282.0
468.0,142.0,117.0,283.0
468.0,143.0,116.0,284.0
466.0,141.0,116.0,285.0
467.0,140.0,115.0,286.0
468.0,140.0,115.0,286.0
468.0,140.0,116.0,285.0
469.0,140.0,115.0,285.0
472.0,140.0,115.0,285.0
473.0,138.0,117.0,286.0
457.0,139.0,117.0,287.0
460.0,142.0,116.0,288.0
463.0,143.0,116.0,288.0
465.0,140.0,116.0,289.0
467.0,140.0,118.0,289.0
467.0,140.0,119.0,290.0
467.0,142.0,121.0,289.0
467.0,141.0,121.0,290.0
468.0,141.0,122.0,291.0
469.0,139.0,122.0,293.0
468.0,139.0,123.0,293.0
468.0,135.0,124.0,294.0
451.0,133.0,124.0,296.0
456.0,136.0,125.0,297.0
458.0,139.0,125.0,297.0
462.0,137.0,125.0,299.0
464.0,136.0,127.0,298.0
466.0,133.0,128.0,298.0
467.0,133.0,127.0,301.0
468.0,131.0,126.0,303.0
469.0,128.0,127.0,304.0
450.0,128.0,127.0,306.0
456.0,131.0,127.0,306.0
459.0,131.0,128.0,305.0
462.0,132.0,128.0,307.0
464.0,131.0,129.0,306.0
465.0,131.0,130.0,306.0
465.0,133.0,130.0,307.0
465.0,132.0,132.0,304.0
466.0,132.0,132.0,306.0
468.0,130.0,131.0,307.0
467.0,128.0,131.0,308.0
468.0,128.0,131.0,309.0
469.0,129.0,131.0,310.0
468.0,124.0,131.0,310.0
468.0,126.0,134.0,307.0
468.0,125.0,134.0,308.0
449.0,125.0,135.0,309.0
455.0,129.0,134.0,309.0
458.0,129.0,134.0,310.0
462.0,131.0,133.0,311.0
464.0,129.0,135.0,309.0
466.0,127.0,132.0,312.0
467.0,124.0,132.0,312.0
467.0,122.0,133.0,311.0
469.0,124.0,131.0,314.0
467.0,122.0,131.0,314.0
467.0,122.0,134.0,311.0
470.0,122.0,131.0,314.0
469.0,125.0,135.0,311.0
469.0,125.0,136.0,309.0
469.0,127.0,137.0,308.0
447.0,125.0,138.0,308.0
451.0,131.0,139.0,307.0
455.0,129.0,140.0,305.0
455.0,132.0,141.0,304.0
456.0,132.0,140.0,304.0
453.0,133.0,141.0,302.0
454.0,132.0,140.0,303.0
453.0,133.0,141.0,301.0
453.0,134.0,141.0,300.0
455.0,134.0,140.0,301.0
457.0,133.0,139.0,302.0
457.0,134.0,141.0,299.0
457.0,133.0,140.0,299.0
459.0,132.0,138.0,300.0
460.0,130.0,136.0,303.0
461.0,126.0,134.0,307.0
464.0,129.0,133.0,311.0
465.0,126.0,132.0,312.0
466.0,126.0,130.0,316.0
467.0,124.0,131.0,315.0
445.0,119.0,134.0,314.0
451.0,128.0,136.0,312.0
454.0,131.0,139.0,308.0
455.0,123.0,135.0,312.0
453.0,118.0,133.0,317.0
450.0,111.0,128.0,326.0
450.0,104.0,124.0,333.0
450.0,107.0,120.0,340.0
446.0,104.0,122.0,338.0
444.0,104.0,122.0,339.0
439.0,107.0,125.0,337.0
443.0,110.0,124.0,338.0
444.0,103.0,122.0,340.0
447.0,112.0,123.0,340.0
447.0,102.0,121.0,343.0
445.0,105.0,121.0,343.0
446.0,104.0,121.0,343.0
446.0,103.0,119.0,345.0
445.0,103.0,118.0,347.0
442.0,108.0,120.0,344.0
443.0,101.0,121.0,344.0
444.0,113.0,124.0,340.0
440.0,105.0,127.0,337.0
443.0,109.0,127.0,336.0
439.0,109.0,128.0,336.0
442.0,108.0,127.0,338.0
442.0,105.0,124.0,341.0
438.0,104.0,124.0,342.0
437.0,105.0,125.0,341.0
442.0,106.0,127.0,340.0
446.0,104.0,124.0,343.0
447.0,103.0,122.0,345.0
446.0,101.0,120.0,348.0
445.0,100.0,119.0,349.0
444.0,98.0,119.0,349.0
443.0,101.0,119.0,349.0
438.0,105.0,123.0,345.0
442.0,103.0,123.0,345.0
439.0,108.0,125.0,341.0
440.0,105.0,126.0,341.0
438.0,109.0,127.0,339.0
441.0,100.0,125.0,342.0
438.0,104.0,126.0,342.0
443.0,107.0,125.0,342.0
440.0,104.0,124.0,345.0
442.0,99.0,123.0,347.0
439.0,102.0,124.0,346.0
435.0,102.0,126.0,344.0
435.0,102.0,128.0,342.0
435.0,105.0,130.0,340.0
436.0,102.0,130.0,341.0
434.0,103.0,131.0,340.0
433.0,101.0,132.0,340.0
432.0,102.0,131.0,343.0
432.0,100.0,132.0,342.0
433.0,104.0,131.0,345.0
434.0,101.0,132.0,344.0
430.0,103.0,133.0,343.0
429.0,104.0,135.0,341.0
428.0,101.0,136.0,341.0
428.0,102.0,135.0,342.0
430.0,108.0,138.0,339.0
429.0,104.0,137.0,340.0
430.0,102.0,136.0,342.0
431.0,99.0,134.0,345.0
430.0,93.0,133.0,349.0
428.0,99.0,135.0,347.0
424.0,98.0,135.0,347.0
426.0,91.0,132.0,351.0
422.0,102.0,135.0,347.0
418.0,100.0,140.0,341.0
417.0,102.0,141.0,340.0
415.0,101.0,141.0,341.0
415.0,98.0,141.0,340.0
416.0,103.0,142.0,339.0
414.0,104.0,142.0,338.0
415.0,105.0,143.0,336.0
413.0,108.0,144.0,335.0
413.0,109.0,145.0,332.0
413.0,111.0,146.0,329.0
413.0,111.0,147.0,327.0
415.0,114.0,146.0,328.0
440.0,105.0,137.0,341.0
408.0,105.0,136.0,343.0
407.0,104.0,136.0,345.0
406.0,103.0,133.0,351.0
405.0,102.0,128.0,363.0
399.0,111.0,128.0,366.0
387.0,104.0,126.0,373.0
374.0,100.0,125.0,380.0
359.0,94.0,128.0,384.0
347.0,88.0,127.0,388.0
315.0,86.0,136.0,380.0
290.0,79.0,142.0,375.0
259.0,73.0,144.0,372.0
230.0,59.0,143.0,371.0
234.0,46.0,141.0,372.0
232.0,52.0,142.0,369.0
232.0,50.0,141.0,368.0
229.0,51.0,139.0,369.0
229.0,46.0,137.0,371.0
230.0,43.0,135.0,374.0
227.0,26.0,132.0,377.0
224.0,38.0,132.0,377.0
224.0,15.0,130.0,377.0
220.0,21.0,130.0,377.0
220.0,1.0,129.0,378.0
217.0,7.0,128.0,378.0
216.0,18.0,128.0,378.0
211.0,28.0,129.0,376.0
211.0,12.0,128.0,376.0
208.0,32.0,128.0,375.0
82.0,80.0,131.0,371.0
82.0,86.0,133.0,368.0
82.0,94.0,135.0,364.0
80.0,81.0,135.0,364.0
80.0,92.0,135.0,364.0
77.0,99.0,137.0,360.0
74.0,79.0,136.0,360.0
78.0,86.0,133.0,363.0
78.0,90.0,133.0,363.0
76.0,98.0,135.0,359.0
79.0,93.0,132.0,362.0
80.0,97.0,130.0,364.0
81.0,89.0,128.0,366.0
82.0,93.0,125.0,369.0
82.0,89.0,125.0,368.0
83.0,94.0,124.0,369.0
84.0,86.0,124.0,368.0
83.0,91.0,126.0,364.0
82.0,93.0,126.0,363.0
82.0,92.0,125.0,363.0
83.0,97.0,126.0,360.0
83.0,77.0,126.0,360.0
82.0,90.0,125.0,361.0
84.0,94.0,124.0,360.0
80.0,96.0,123.0,360.0
77.0,94.0,121.0,361.0
74.0,96.0,121.0,361.0
73.0,83.0,118.0,364.0
74.0,91.0,116.0,363.0
74.0,97.0,116.0,362.0
73.0,96.0,116.0,361.0
75.0,97.0,116.0,360.0
74.0,96.0,115.0,361.0
75.0,98.0,115.0,360.0
73.0,84.0,111.0,364.0
76.0,91.0,112.0,364.0
76.0,99.0,112.0,361.0
76.0,87.0,109.0,366.0
77.0,98.0,110.0,363.0
77.0,85.0,108.0,367.0
78.0,97.0,110.0,363.0
74.0,86.0,109.0,364.0
76.0,98.0,110.0,361.0
75.0,89.0,110.0,361.0
78.0,98.0,110.0,360.0
75.0,87.0,109.0,361.0
77.0,96.0,110.0,359.0
76.0,101.0,111.0,357.0
77.0,89.0,108.0,361.0
77.0,98.0,109.0,359.0
75.0,86.0,109.0,358.0
79.0,96.0,110.0,357.0
76.0,99.0,111.0,354.0
76.0,101.0,112.0,353.0
76.0,102.0,113.0,351.0
75.0,87.0,109.0,356.0
78.0,95.0,110.0,356.0
75.0,104.0,113.0,351.0
76.0,94.0,109.0,356.0
77.0,104.0,110.0,354.0
78.0,97.0,108.0,355.0
77.0,102.0,110.0,353.0
77.0,91.0,108.0,355.0
78.0,103.0,109.0,353.0
77.0,90.0,107.0,356.0
78.0,102.0,109.0,353.0
77.0,88.0,106.0,357.0
79.0,98.0,108.0,354.0
77.0,99.0,110.0,352.0
74.0,88.0,108.0,354.0
78.0,101.0,109.0,353.0
79.0,91.0,109.0,352.0
83.0,103.0,111.0,350.0
83.0,90.0,112.0,349.0
87.0,95.0,112.0,349.0
89.0,103.0,113.0,346.0
89.0,101.0,113.0,347.0
89.0,98.0,114.0,345.0
89.0,98.0,115.0,343.0
93.0,100.0,115.0,342.0
95.0,94.0,116.0,342.0
96.0,90.0,118.0,340.0
96.0,89.0,121.0,336.0
92.0,107.0,123.0,332.0
91.0,102.0,122.0,334.0
91.0,101.0,120.0,336.0
91.0,102.0,119.0,337.0
91.0,103.0,118.0,337.0
90.0,103.0,117.0,339.0
89.0,103.0,117.0,340.0
87.0,103.0,118.0,339.0
85.0,102.0,117.0,341.0
86.0,100.0,115.0,344.0
87.0,99.0,113.0,347.0
88.0,98.0,113.0,348.0
89.0,98.0,113.0,349.0
89.0,93.0,112.0,351.0
89.0,93.0,112.0,350.0
91.0,97.0,113.0,348.0
87.0,96.0,115.0,347.0
85.0,99.0,117.0,344.0
82.0,99.0,119.0,342.0
57.0,101.0,117.0,344.0
57.0,87.0,117.0,344.0
56.0,90.0,117.0,343.0
55.0,70.0,117.0,343.0
53.0,45.0,115.0,345.0
52.0,44.0,114.0,347.0
51.0,46.0,114.0,347.0
46.0,33.0,114.0,347.0
45.0,28.0,115.0,345.0
39.0,1.0,121.0,341.0
37.0,1.0,127.0,336.0
34.0,1.0,129.0,334.0
31.0,1.0,131.0,335.0
29.0,1.0,133.0,335.0
30.0,1.0,134.0,335.0
32.0,1.0,135.0,334.0
60.0,31.0,131.0,338.0
95.0,34.0,130.0,339.0
127.0,35.0,127.0,344.0
163.0,58.0,129.0,342.0
173.0,53.0,132.0,338.0
141.0,55.0,131.0,338.0
149.0,35.0,126.0,342.0
180.0,43.0,128.0,336.0
207.0,43.0,131.0,331.0
206.0,48.0,132.0,327.0
206.0,46.0,132.0,326.0
207.0,48.0,132.0,323.0
205.0,52.0,132.0,320.0
206.0,51.0,132.0,319.0
209.0,51.0,131.0,318.0
208.0,55.0,130.0,316.0
206.0,58.0,130.0,315.0
205.0,59.0,130.0,313.0
207.0,59.0,131.0,311.0
205.0,66.0,130.0,309.0
204.0,63.0,130.0,307.0
206.0,61.0,130.0,306.0
206.0,65.0,129.0,304.0
206.0,62.0,128.0,304.0
207.0,66.0,128.0,302.0
207.0,64.0,127.0,301.0
206.0,69.0,127.0,300.0
208.0,67.0,126.0,298.0
209.0,65.0,125.0,297.0
210.0,70.0,124.0,296.0
212.0,69.0,123.0,296.0
214.0,69.0,122.0,294.0
213.0,72.0,120.0,295.0
215.0,69.0,119.0,294.0
216.0,69.0,118.0,293.0
214.0,71.0,116.0,293.0
215.0,69.0,116.0,292.0
215.0,71.0,116.0,291.0
215.0,75.0,116.0,288.0
217.0,76.0,115.0,287.0
217.0,77.0,115.0,284.0
217.0,82.0,115.0,282.0
216.0,80.0,115.0,279.0
217.0,81.0,113.0,279.0
219.0,83.0,113.0,278.0
220.0,79.0,111.0,278.0
221.0,83.0,110.0,278.0
220.0,81.0,109.0,277.0
220.0,85.0,109.0,275.0
221.0,83.0,109.0,274.0
221.0,87.0,109.0,272.0
222.0,84.0,108.0,272.0
221.0,88.0,108.0,270.0
158.0,96.0,106.0,271.0
156.0,109.0,107.0,267.0
229.0,124.0,106.0,269.0
204.0,134.0,107.0,268.0
207.0,103.0,104.0,274.0
227.0,93.0,104.0,273.0
140.0,128.0,100.0,280.0
125.0,120.0,100.0,283.0
126.0,115.0,102.0,281.0
104.0,118.0,103.0,281.0
82.0,99.0,104.0,282.0
81.0,106.0,105.0,281.0
80.0,92.0,106.0,279.0
80.0,98.0,107.0,279.0
82.0,96.0,109.0,277.0
85.0,97.0,110.0,275.0
84.0,99.0,112.0,270.0
83.0,100.0,113.0,267.0
82.0,102.0,114.0,263.0
82.0,110.0,114.0,262.0
83.0,99.0,111.0,265.0
86.0,107.0,112.0,263.0
86.0,107.0,112.0,262.0
86.0,111.0,113.0,260.0
84.0,109.0,115.0,257.0
84.0,114.0,115.0,256.0
84.0,113.0,116.0,253.0
83.0,114.0,116.0,252.0
82.0,115.0,116.0,252.0
83.0,117.0,116.0,251.0
83.0,119.0,114.0,253.0
83.0,121.0,111.0,255.0
83.0,117.0,110.0,256.0
82.0,113.0,108.0,258.0
77.0,113.0,109.0,256.0
77.0,110.0,109.0,255.0
80.0,106.0,106.0,258.0
79.0,108.0,106.0,257.0
79.0,108.0,105.0,257.0
79.0,107.0,104.0,258.0
79.0,108.0,103.0,258.0
80.0,109.0,102.0,257.0
81.0,109.0,103.0,256.0
81.0,111.0,102.0,255.0
81.0,110.0,103.0,254.0
82.0,109.0,101.0,257.0
82.0,110.0,102.0,255.0
83.0,110.0,100.0,256.0
82.0,111.0,102.0,253.0
81.0,112.0,103.0,252.0
82.0,112.0,101.0,252.0
82.0,113.0,102.0,251.0
82.0,113.0,101.0,251.0
82.0,116.0,101.0,251.0
81.0,117.0,101.0,249.0
81.0,117.0,101.0,248.0
81.0,116.0,101.0,248.0
81.0,114.0,100.0,249.0
82.0,114.0,99.0,249.0
83.0,116.0,99.0,249.0
82.0,116.0,99.0,247.0
82.0,115.0,99.0,247.0
83.0,115.0,98.0,248.0
83.0,116.0,99.0,246.0
83.0,116.0,99.0,245.0
83.0,116.0,99.0,244.0
83.0,117.0,99.0,243.0
82.0,116.0,99.0,242.0
84.0,118.0,97.0,244.0
82.0,119.0,99.0,240.0
83.0,117.0,98.0,242.0
85.0,118.0,96.0,244.0
83.0,120.0,99.0,240.0
83.0,120.0,98.0,240.0
83.0,117.0,96.0,243.0
85.0,112.0,93.0,247.0
85.0,112.0,92.0,250.0
87.0,110.0,90.0,253.0
86.0,111.0,91.0,253.0
86.0,110.0,92.0,253.0
85.0,110.0,92.0,253.0
85.0,114.0,94.0,251.0
85.0,113.0,95.0,251.0
83.0,111.0,96.0,250.0
83.0,114.0,97.0,247.0
84.0,112.0,96.0,248.0
84.0,114.0,97.0,248.0
85.0,114.0,97.0,247.0
86.0,113.0,96.0,248.0
86.0,114.0,96.0,249.0
85.0,113.0,97.0,248.0
86.0,113.0,98.0,248.0
86.0,114.0,97.0,248.0
85.0,116.0,98.0,247.0
84.0,117.0,99.0,246.0
84.0,117.0,98.0,248.0
83.0,117.0,99.0,247.0
83.0,117.0,99.0,246.0
82.0,117.0,100.0,244.0
83.0,116.0,100.0,242.0
85.0,116.0,98.0,246.0
85.0,116.0,98.0,245.0
85.0,118.0,98.0,245.0
85.0,118.0,98.0,246.0
84.0,117.0,99.0,244.0
83.0,119.0,99.0,243.0
83.0,118.0,99.0,243.0
83.0,119.0,99.0,243.0
84.0,117.0,97.0,245.0
83.0,119.0,99.0,241.0
83.0,119.0,99.0,241.0
83.0,120.0,99.0,240.0
83.0,119.0,98.0,241.0
83.0,121.0,99.0,240.0
83.0,120.0,98.0,241.0
83.0,118.0,97.0,243.0
84.0,117.0,97.0,243.0
85.0,117.0,95.0,245.0
84.0,121.0,97.0,242.0
83.0,121.0,98.0,240.0
82.0,120.0,98.0,241.0
83.0,120.0,97.0,242.0
83.0,120.0,97.0,242.0
83.0,119.0,97.0,242.0
84.0,118.0,97.0,242.0
84.0,121.0,97.0,242.0
83.0,121.0,97.0,241.0
84.0,120.0,97.0,242.0
83.0,119.0,97.0,242.0
83.0,119.0,97.0,243.0
84.0,117.0,96.0,244.0
85.0,117.0,96.0,245.0
84.0,118.0,97.0,243.0
84.0,118.0,97.0,243.0
84.0,118.0,97.0,243.0
83.0,121.0,98.0,241.0
84.0,120.0,97.0,242.0
83.0,121.0,98.0,241.0
83.0,120.0,98.0,242.0
83.0,118.0,97.0,242.0
84.0,116.0,97.0,243.0
86.0,116.0,95.0,245.0
85.0,119.0,96.0,243.0
85.0,119.0,96.0,243.0
85.0,119.0,97.0,242.0
85.0,120.0,97.0,242.0
86.0,118.0,96.0,243.0
86.0,119.0,96.0,242.0
86.0,118.0,96.0,244.0
85.0,120.0,97.0,243.0
85.0,118.0,97.0,243.0
85.0,118.0,96.0,244.0
84.0,117.0,97.0,243.0
83.0,119.0,97.0,242.0
84.0,119.0,98.0,241.0
84.0,120.0,98.0,240.0
85.0,119.0,97.0,242.0
84.0,120.0,97.0,241.0
85.0,119.0,96.0,242.0
85.0,120.0,96.0,242.0
84.0,120.0,97.0,241.0
85.0,120.0,96.0,242.0
85.0,120.0,96.0,242.0
85.0,120.0,96.0,241.0
85.0,120.0,97.0,241.0
85.0,121.0,97.0,241.0
84.0,121.0,97.0,240.0
84.0,122.0,97.0,240.0
84.0,123.0,97.0,240.0
82.0,124.0,99.0,237.0
83.0,122.0,98.0,239.0
84.0,122.0,97.0,239.0
85.0,121.0,96.0,241.0
84.0,122.0,97.0,240.0
84.0,121.0,97.0,239.0
84.0,121.0,97.0,239.0
83.0,120.0,97.0,240.0
84.0,117.0,96.0,241.0
86.0,118.0,95.0,244.0
85.0,120.0,95.0,242.0
85.0,119.0,96.0,241.0
85.0,120.0,96.0,241.0
85.0,120.0,96.0,242.0
85.0,120.0,96.0,241.0
85.0,120.0,97.0,241.0
85.0,118.0,96.0,242.0
85.0,120.0,96.0,242.0
85.0,120.0,97.0,241.0
85.0,120.0,97.0,241.0
85.0,119.0,96.0,242.0
86.0,119.0,95.0,242.0
86.0,119.0,96.0,242.0
86.0,121.0,95.0,242.0
85.0,121.0,97.0,240.0
85.0,121.0,96.0,241.0
85.0,120.0,95.0,242.0
84.0,122.0,97.0,240.0
85.0,121.0,96.0,241.0
85.0,120.0,96.0,242.0
85.0,121.0,97.0,241.0
85.0,120.0,96.0,242.0
85.0,119.0,96.0,241.0
85.0,120.0,96.0,242.0
85.0,119.0,96.0,243.0
85.0,119.0,96.0,242.0
86.0,119.0,96.0,243.0
86.0,117.0,95.0,244.0
85.0,116.0,95.0,244.0
87.0,114.0,92.0,248.0
86.0,115.0,92.0,248.0
85.0,113.0,93.0,247.0
87.0,112.0,92.0,250.0
87.0,109.0,91.0,251.0
86.0,110.0,92.0,251.0
86.0,112.0,92.0,251.0
85.0,116.0,94.0,248.0
84.0,117.0,98.0,244.0
82.0,119.0,99.0,241.0
83.0,114.0,99.0,242.0
84.0,117.0,97.0,244.0
84.0,116.0,97.0,243.0
84.0,115.0,97.0,243.0
84.0,116.0,96.0,243.0
84.0,115.0,97.0,242.0
85.0,117.0,96.0,242.0
83.0,119.0,97.0,240.0
83.0,115.0,96.0,241.0
84.0,118.0,96.0,242.0
83.0,118.0,96.0,240.0
84.0,115.0,95.0,241.0
85.0,118.0,94.0,242.0
84.0,119.0,96.0,239.0
84.0,115.0,95.0,240.0
85.0,118.0,94.0,241.0
84.0,119.0,96.0,238.0
85.0,116.0,94.0,240.0
86.0,118.0,93.0,243.0
84.0,120.0,94.0,240.0
84.0,118.0,94.0,241.0
84.0,115.0,94.0,242.0
85.0,117.0,93.0,243.0
84.0,115.0,94.0,243.0
85.0,119.0,94.0,243.0
84.0,119.0,95.0,241.0
84.0,116.0,94.0,243.0
85.0,116.0,94.0,242.0
85.0,117.0,94.0,242.0
84.0,118.0,95.0,242.0
84.0,115.0,94.0,243.0
85.0,118.0,93.0,244.0
84.0,117.0,95.0,242.0
85.0,115.0,94.0,243.0
85.0,121.0,94.0,243.0
83.0,123.0,97.0,239.0
84.0,123.0,97.0,239.0
83.0,124.0,96.0,239.0
83.0,125.0,98.0,238.0
83.0,127.0,98.0,237.0
85.0,125.0,98.0,237.0
85.0,126.0,98.0,236.0
84.0,126.0,99.0,236.0
85.0,127.0,98.0,235.0
85.0,127.0,99.0,234.0
84.0,127.0,99.0,234.0
83.0,129.0,98.0,234.0
84.0,129.0,98.0,234.0
85.0,128.0,98.0,234.0
86.0,128.0,97.0,234.0
84.0,128.0,99.0,233.0
85.0,128.0,98.0,233.0
84.0,128.0,98.0,233.0
84.0,129.0,98.0,233.0
84.0,129.0,98.0,232.0
85.0,127.0,97.0,232.0
84.0,125.0,95.0,235.0
84.0,124.0,94.0,237.0
84.0,125.0,95.0,236.0
84.0,129.0,96.0,235.0
86.0,130.0,96.0,235.0
169.0,120.0,95.0,237.0
166.0,109.0,94.0,241.0
163.0,102.0,92.0,244.0
159.0,100.0,92.0,245.0
152.0,102.0,92.0,248.0
144.0,96.0,93.0,249.0
145.0,94.0,92.0,251.0
142.0,93.0,91.0,255.0
139.0,95.0,92.0,256.0
133.0,95.0,95.0,254.0
131.0,95.0,96.0,255.0
135.0,95.0,95.0,255.0
130.0,101.0,97.0,252.0
132.0,100.0,97.0,252.0
134.0,99.0,96.0,251.0
135.0,96.0,96.0,251.0
134.0,97.0,96.0,251.0
130.0,104.0,98.0,248.0
133.0,101.0,96.0,250.0
134.0,100.0,94.0,251.0
131.0,107.0,99.0,245.0
133.0,103.0,98.0,246.0
134.0,107.0,98.0,244.0
133.0,105.0,97.0,245.0
134.0,108.0,97.0,243.0
132.0,108.0,97.0,240.0
132.0,111.0,97.0,238.0
135.0,108.0,96.0,239.0
132.0,109.0,97.0,238.0
131.0,109.0,97.0,239.0
130.0,108.0,98.0,237.0
130.0,110.0,98.0,238.0
134.0,106.0,95.0,240.0
139.0,104.0,95.0,238.0
139.0,106.0,96.0,238.0
140.0,105.0,95.0,239.0
142.0,102.0,93.0,243.0
146.0,100.0,91.0,245.0
149.0,105.0,90.0,246.0
147.0,105.0,91.0,243.0
147.0,107.0,90.0,243.0
145.0,107.0,88.0,246.0
141.0,113.0,91.0,242.0
140.0,106.0,92.0,242.0
161.0,100.0,92.0,243.0
144.0,105.0,90.0,244.0
147.0,102.0,89.0,242.0
147.0,105.0,88.0,241.0
148.0,107.0,87.0,240.0
149.0,107.0,86.0,239.0
150.0,107.0,85.0,240.0
150.0,109.0,85.0,237.0
150.0,106.0,84.0,238.0
149.0,110.0,84.0,236.0
150.0,108.0,84.0,234.0
150.0,111.0,83.0,234.0
150.0,109.0,82.0,234.0
150.0,111.0,82.0,233.0
150.0,114.0,82.0,231.0
151.0,110.0,82.0,231.0
151.0,112.0,81.0,232.0
152.0,112.0,81.0,231.0
151.0,112.0,80.0,232.0
151.0,110.0,80.0,231.0
152.0,114.0,80.0,230.0
153.0,110.0,79.0,232.0
152.0,112.0,80.0,231.0
151.0,110.0,80.0,231.0
149.0,114.0,80.0,230.0
148.0,110.0,80.0,230.0
145.0,111.0,80.0,231.0
149.0,108.0,79.0,231.0
148.0,117.0,80.0,231.0
151.0,111.0,80.0,232.0
150.0,114.0,81.0,230.0
140.0,109.0,81.0,231.0
147.0,110.0,80.0,230.0
146.0,112.0,81.0,229.0
146.0,115.0,81.0,228.0
146.0,115.0,82.0,226.0
146.0,116.0,82.0,226.0
144.0,114.0,81.0,226.0
144.0,117.0,81.0,225.0
143.0,114.0,81.0,224.0
145.0,117.0,82.0,223.0
145.0,116.0,81.0,223.0
146.0,119.0,81.0,222.0
148.0,117.0,81.0,221.0
147.0,118.0,81.0,220.0
146.0,116.0,81.0,220.0
146.0,117.0,80.0,221.0
149.0,119.0,79.0,221.0
149.0,117.0,80.0,220.0
149.0,122.0,79.0,222.0
148.0,119.0,78.0,222.0
148.0,119.0,78.0,222.0
147.0,118.0,78.0,222.0
148.0,118.0,78.0,222.0
149.0,117.0,78.0,222.0
149.0,120.0,78.0,222.0
147.0,118.0,79.0,221.0
148.0,118.0,78.0,223.0
146.0,119.0,77.0,223.0
146.0,120.0,78.0,223.0
144.0,120.0,78.0,224.0
143.0,120.0,78.0,223.0
143.0,121.0,78.0,224.0
144.0,120.0,78.0,224.0
143.0,121.0,79.0,223.0
144.0,119.0,78.0,224.0
145.0,120.0,79.0,224.0
144.0,119.0,78.0,225.0
145.0,119.0,78.0,225.0
145.0,121.0,78.0,226.0
144.0,124.0,79.0,224.0
144.0,122.0,79.0,225.0
145.0,121.0,78.0,224.0
144.0,124.0,79.0,224.0
144.0,122.0,78.0,224.0
147.0,122.0,78.0,223.0
145.0,123.0,78.0,223.0
144.0,122.0,78.0,223.0
144.0,121.0,78.0,222.0
144.0,122.0,78.0,222.0
145.0,124.0,78.0,221.0
145.0,123.0,77.0,222.0
145.0,123.0,77.0,222.0
144.0,123.0,77.0,222.0
147.0,123.0,78.0,221.0
144.0,122.0,78.0,221.0
144.0,124.0,78.0,220.0
146.0,124.0,78.0,220.0
145.0,124.0,78.0,219.0
143.0,125.0,79.0,218.0
145.0,125.0,78.0,219.0
146.0,123.0,78.0,219.0
144.0,125.0,78.0,218.0
144.0,126.0,78.0,218.0
145.0,125.0,78.0,217.0
145.0,123.0,77.0,218.0
145.0,124.0,76.0,220.0
145.0,125.0,76.0,219.0
145.0,124.0,76.0,220.0
145.0,124.0,77.0,218.0
146.0,124.0,76.0,219.0
144.0,124.0,76.0,219.0
145.0,125.0,77.0,218.0
146.0,123.0,76.0,219.0
144.0,127.0,76.0,219.0
147.0,125.0,76.0,218.0
145.0,126.0,76.0,219.0
147.0,126.0,77.0,217.0
145.0,126.0,77.0,217.0
147.0,125.0,77.0,217.0
145.0,127.0,76.0,217.0
146.0,127.0,76.0,216.0
144.0,127.0,76.0,217.0
147.0,125.0,76.0,217.0
145.0,126.0,76.0,217.0
145.0,127.0,76.0,217.0
147.0,128.0,76.0,215.0
146.0,129.0,77.0,215.0
146.0,128.0,76.0,215.0
145.0,128.0,76.0,215.0
146.0,128.0,76.0,215.0
145.0,129.0,76.0,215.0
147.0,127.0,76.0,214.0
147.0,128.0,76.0,214.0
145.0,128.0,76.0,214.0
146.0,129.0,76.0,214.0
147.0,129.0,76.0,213.0
146.0,130.0,76.0,212.0
146.0,129.0,76.0,213.0
147.0,128.0,76.0,213.0
146.0,130.0,76.0,212.0
145.0,132.0,75.0,212.0
146.0,130.0,76.0,212.0
146.0,128.0,75.0,213.0
