197.0,87.0,38.0,18.0
196.0,88.0,37.0,18.0
196.0,89.0,37.0,17.0
196.0,89.0,37.0,17.0
196.0,89.0,37.0,17.0
197.0,88.0,37.0,17.0
199.0,89.0,37.0,17.0
197.0,88.0,37.0,17.0
198.0,89.0,37.0,17.0
199.0,89.0,37.0,17.0
198.0,89.0,37.0,17.0
197.0,89.0,37.0,17.0
198.0,89.0,37.0,17.0
197.0,89.0,37.0,17.0
197.0,89.0,37.0,17.0
197.0,89.0,37.0,17.0
195.0,89.0,38.0,17.0
195.0,88.0,37.0,17.0
195.0,89.0,37.0,17.0
194.0,89.0,37.0,17.0
192.0,88.0,37.0,17.0
193.0,88.0,37.0,17.0
193.0,88.0,37.0,17.0
194.0,89.0,37.0,17.0
193.0,89.0,37.0,17.0
193.0,89.0,36.0,17.0
192.0,89.0,36.0,17.0
192.0,89.0,36.0,17.0
192.0,88.0,36.0,17.0
191.0,89.0,36.0,17.0
192.0,88.0,36.0,17.0
192.0,90.0,36.0,17.0
193.0,88.0,36.0,18.0
193.0,88.0,36.0,17.0
194.0,88.0,36.0,17.0
194.0,88.0,36.0,17.0
193.0,88.0,36.0,17.0
192.0,89.0,36.0,17.0
194.0,89.0,36.0,17.0
193.0,89.0,36.0,17.0
193.0,89.0,36.0,17.0
193.0,89.0,36.0,17.0
191.0,88.0,36.0,17.0
190.0,88.0,36.0,17.0
190.0,88.0,36.0,17.0
191.0,87.0,36.0,17.0
191.0,88.0,36.0,17.0
191.0,88.0,36.0,17.0
191.0,88.0,36.0,17.0
190.0,88.0,36.0,17.0
188.0,89.0,36.0,17.0
188.0,89.0,36.0,17.0
187.0,89.0,36.0,17.0
187.0,90.0,36.0,17.0
187.0,90.0,36.0,17.0
187.0,91.0,36.0,17.0
186.0,90.0,36.0,17.0
185.0,90.0,36.0,17.0
187.0,91.0,36.0,17.0
186.0,91.0,36.0,17.0
186.0,91.0,36.0,17.0
185.0,91.0,36.0,17.0
185.0,91.0,36.0,17.0
185.0,90.0,36.0,17.0
184.0,92.0,36.0,17.0
182.0,90.0,37.0,17.0
184.0,91.0,36.0,17.0
183.0,91.0,37.0,17.0
183.0,92.0,36.0,17.0
185.0,92.0,36.0,17.0
184.0,92.0,37.0,17.0
182.0,92.0,37.0,17.0
184.0,92.0,37.0,17.0
184.0,92.0,37.0,17.0
183.0,92.0,37.0,17.0
182.0,90.0,37.0,17.0
182.0,91.0,37.0,17.0
184.0,91.0,37.0,17.0
184.0,92.0,37.0,17.0
185.0,93.0,36.0,17.0
184.0,93.0,37.0,17.0
184.0,94.0,37.0,17.0
185.0,93.0,37.0,16.0
185.0,95.0,36.0,17.0
183.0,96.0,37.0,16.0
183.0,96.0,37.0,16.0
184.0,96.0,37.0,16.0
184.0,96.0,36.0,16.0
184.0,97.0,36.0,16.0
185.0,97.0,36.0,16.0
184.0,96.0,36.0,17.0
184.0,96.0,36.0,17.0
185.0,96.0,36.0,17.0
187.0,95.0,36.0,17.0
187.0,95.0,35.0,17.0
187.0,95.0,36.0,17.0
186.0,95.0,36.0,17.0
187.0,96.0,35.0,17.0
187.0,97.0,36.0,17.0
187.0,97.0,36.0,17.0
187.0,97.0,36.0,17.0
189.0,97.0,36.0,17.0
188.0,97.0,36.0,17.0
187.0,96.0,36.0,17.0
186.0,94.0,36.0,17.0
188.0,93.0,35.0,17.0
188.0,95.0,36.0,16.0
187.0,94.0,36.0,16.0
186.0,92.0,36.0,16.0
187.0,93.0,36.0,16.0
188.0,93.0,36.0,16.0
188.0,93.0,36.0,16.0
188.0,93.0,36.0,17.0
187.0,93.0,36.0,17.0
188.0,93.0,36.0,16.0
187.0,92.0,36.0,17.0
187.0,92.0,36.0,17.0
187.0,92.0,36.0,17.0
187.0,91.0,36.0,17.0
187.0,91.0,35.0,17.0
187.0,91.0,35.0,17.0
186.0,91.0,35.0,17.0
186.0,91.0,35.0,17.0
186.0,91.0,35.0,17.0
187.0,91.0,35.0,17.0
187.0,92.0,35.0,17.0
186.0,93.0,35.0,17.0
185.0,93.0,35.0,17.0
186.0,93.0,35.0,17.0
186.0,94.0,36.0,17.0
186.0,94.0,36.0,17.0
185.0,95.0,35.0,17.0
184.0,94.0,36.0,17.0
184.0,94.0,36.0,16.0
184.0,94.0,36.0,16.0
184.0,92.0,36.0,17.0
184.0,93.0,36.0,17.0
184.0,93.0,36.0,16.0
184.0,92.0,36.0,17.0
184.0,93.0,36.0,16.0
185.0,92.0,36.0,16.0
185.0,92.0,36.0,16.0
186.0,93.0,36.0,16.0
185.0,90.0,36.0,17.0
185.0,91.0,36.0,17.0
185.0,91.0,36.0,17.0
184.0,91.0,36.0,17.0
184.0,91.0,36.0,17.0
184.0,90.0,36.0,17.0
184.0,90.0,36.0,17.0
185.0,90.0,36.0,17.0
184.0,90.0,36.0,17.0
184.0,91.0,36.0,17.0
184.0,92.0,36.0,17.0
184.0,92.0,36.0,17.0
184.0,91.0,36.0,17.0
184.0,90.0,36.0,17.0
183.0,90.0,36.0,17.0
184.0,90.0,36.0,17.0
183.0,89.0,36.0,17.0
182.0,90.0,36.0,17.0
182.0,89.0,37.0,17.0
183.0,90.0,37.0,17.0
183.0,90.0,37.0,17.0
182.0,89.0,36.0,17.0
182.0,88.0,36.0,18.0
183.0,88.0,37.0,17.0
182.0,89.0,37.0,18.0
184.0,89.0,36.0,18.0
185.0,90.0,37.0,18.0
185.0,89.0,37.0,18.0
187.0,89.0,37.0,18.0
187.0,90.0,37.0,18.0
188.0,90.0,37.0,18.0
187.0,89.0,37.0,18.0
187.0,88.0,37.0,18.0
187.0,88.0,37.0,17.0
187.0,88.0,37.0,17.0
187.0,88.0,37.0,17.0
187.0,89.0,38.0,17.0
186.0,88.0,38.0,17.0
187.0,88.0,37.0,17.0
187.0,88.0,38.0,17.0
188.0,89.0,37.0,17.0
187.0,88.0,38.0,17.0
188.0,88.0,38.0,17.0
189.0,88.0,37.0,17.0
189.0,88.0,37.0,17.0
189.0,88.0,37.0,17.0
190.0,88.0,37.0,18.0
190.0,88.0,37.0,18.0
190.0,88.0,37.0,18.0
189.0,88.0,37.0,18.0
188.0,88.0,37.0,17.0
189.0,88.0,37.0,17.0
190.0,87.0,37.0,18.0
190.0,87.0,37.0,18.0
191.0,87.0,37.0,18.0
191.0,87.0,37.0,17.0
191.0,87.0,37.0,17.0
191.0,87.0,37.0,17.0
190.0,87.0,37.0,17.0
190.0,87.0,37.0,18.0
189.0,87.0,37.0,18.0
189.0,87.0,37.0,17.0
189.0,87.0,37.0,18.0
189.0,88.0,38.0,17.0
189.0,87.0,38.0,17.0
188.0,87.0,38.0,17.0
188.0,87.0,38.0,17.0
189.0,87.0,38.0,18.0
189.0,87.0,37.0,18.0
188.0,87.0,38.0,18.0
187.0,87.0,38.0,18.0
187.0,86.0,37.0,18.0
187.0,86.0,37.0,18.0
186.0,87.0,37.0,18.0
186.0,86.0,37.0,18.0
187.0,85.0,37.0,18.0
187.0,85.0,37.0,18.0
186.0,85.0,38.0,18.0
187.0,85.0,38.0,18.0
187.0,85.0,37.0,18.0
188.0,84.0,37.0,18.0
188.0,84.0,37.0,18.0
189.0,84.0,37.0,18.0
187.0,84.0,37.0,18.0
188.0,83.0,37.0,18.0
188.0,83.0,38.0,18.0
187.0,85.0,38.0,18.0
188.0,85.0,38.0,18.0
188.0,85.0,38.0,17.0
188.0,86.0,38.0,18.0
189.0,86.0,38.0,18.0
189.0,86.0,38.0,18.0
190.0,84.0,38.0,18.0
191.0,84.0,38.0,18.0
191.0,85.0,38.0,18.0
193.0,85.0,38.0,18.0
192.0,84.0,38.0,18.0
194.0,83.0,38.0,18.0
194.0,84.0,38.0,18.0
194.0,83.0,38.0,18.0
195.0,83.0,39.0,18.0
194.0,83.0,39.0,18.0
195.0,83.0,38.0,18.0
194.0,84.0,39.0,18.0
194.0,84.0,39.0,18.0
194.0,85.0,39.0,18.0
193.0,85.0,39.0,18.0
193.0,86.0,39.0,18.0
192.0,85.0,38.0,19.0
193.0,85.0,38.0,19.0
191.0,86.0,39.0,19.0
191.0,85.0,39.0,19.0
191.0,85.0,39.0,19.0
191.0,85.0,39.0,19.0
192.0,86.0,39.0,19.0
193.0,86.0,39.0,19.0
195.0,86.0,39.0,19.0
196.0,86.0,39.0,19.0
197.0,86.0,39.0,19.0
197.0,85.0,39.0,19.0
199.0,84.0,39.0,19.0
201.0,84.0,39.0,19.0
202.0,83.0,39.0,19.0
204.0,82.0,39.0,19.0
203.0,81.0,39.0,19.0
204.0,81.0,39.0,19.0
206.0,80.0,40.0,19.0
209.0,80.0,40.0,19.0
210.0,80.0,40.0,18.0
210.0,79.0,40.0,18.0
210.0,79.0,40.0,19.0
210.0,79.0,40.0,19.0
210.0,79.0,40.0,19.0
210.0,79.0,40.0,19.0
211.0,78.0,40.0,19.0
211.0,80.0,40.0,19.0
211.0,81.0,40.0,19.0
210.0,81.0,40.0,19.0
211.0,82.0,40.0,19.0
212.0,82.0,41.0,19.0
212.0,81.0,41.0,19.0
211.0,82.0,41.0,19.0
211.0,81.0,41.0,19.0
210.0,80.0,41.0,19.0
210.0,80.0,41.0,19.0
208.0,79.0,42.0,19.0
209.0,79.0,42.0,19.0
208.0,78.0,42.0,20.0
208.0,79.0,41.0,20.0
208.0,79.0,41.0,20.0
208.0,78.0,41.0,20.0
208.0,79.0,42.0,20.0
206.0,80.0,42.0,19.0
205.0,80.0,42.0,20.0
204.0,79.0,42.0,20.0
203.0,80.0,42.0,20.0
203.0,80.0,41.0,20.0
203.0,81.0,41.0,20.0
204.0,80.0,41.0,20.0
203.0,79.0,41.0,20.0
204.0,77.0,41.0,20.0
205.0,78.0,42.0,20.0
204.0,78.0,41.0,20.0
201.0,78.0,41.0,20.0
203.0,79.0,42.0,19.0
204.0,78.0,41.0,19.0
203.0,78.0,41.0,20.0
204.0,78.0,41.0,20.0
205.0,78.0,41.0,20.0
205.0,78.0,41.0,20.0
204.0,78.0,42.0,20.0
205.0,78.0,42.0,20.0
205.0,78.0,42.0,20.0
205.0,77.0,42.0,20.0
204.0,77.0,42.0,20.0
204.0,76.0,43.0,20.0
204.0,76.0,43.0,20.0
203.0,76.0,43.0,20.0
205.0,75.0,43.0,20.0
206.0,75.0,42.0,20.0
207.0,76.0,43.0,20.0
207.0,76.0,43.0,21.0
207.0,77.0,43.0,21.0
207.0,78.0,43.0,20.0
207.0,80.0,43.0,21.0
206.0,79.0,44.0,20.0
204.0,79.0,44.0,21.0
204.0,78.0,43.0,21.0
203.0,78.0,44.0,21.0
203.0,80.0,44.0,21.0
202.0,78.0,44.0,21.0
203.0,75.0,44.0,21.0
205.0,76.0,44.0,21.0
205.0,76.0,43.0,21.0
205.0,77.0,43.0,21.0
206.0,77.0,43.0,21.0
206.0,78.0,44.0,21.0
206.0,76.0,44.0,21.0
206.0,77.0,44.0,21.0
205.0,79.0,44.0,20.0
203.0,80.0,44.0,20.0
204.0,80.0,45.0,21.0
203.0,81.0,45.0,21.0
202.0,81.0,45.0,21.0
202.0,80.0,44.0,21.0
202.0,81.0,45.0,21.0
202.0,80.0,45.0,21.0
200.0,79.0,45.0,21.0
199.0,79.0,45.0,21.0
199.0,78.0,45.0,21.0
199.0,78.0,45.0,21.0
199.0,79.0,45.0,21.0
198.0,78.0,45.0,22.0
198.0,78.0,45.0,21.0
197.0,79.0,46.0,21.0
196.0,79.0,46.0,21.0
196.0,78.0,46.0,21.0
195.0,79.0,47.0,21.0
194.0,79.0,47.0,21.0
193.0,79.0,47.0,22.0
192.0,79.0,47.0,22.0
192.0,79.0,47.0,22.0
191.0,79.0,47.0,22.0
192.0,77.0,47.0,22.0
193.0,78.0,47.0,22.0
193.0,82.0,47.0,22.0
193.0,79.0,47.0,22.0
192.0,81.0,47.0,22.0
192.0,82.0,47.0,22.0
192.0,83.0,47.0,22.0
191.0,84.0,48.0,21.0
191.0,84.0,48.0,22.0
190.0,84.0,48.0,22.0
190.0,84.0,48.0,22.0
190.0,85.0,48.0,21.0
190.0,85.0,48.0,22.0
189.0,86.0,48.0,22.0
190.0,86.0,48.0,22.0
189.0,86.0,48.0,22.0
188.0,87.0,49.0,22.0
188.0,87.0,49.0,22.0
187.0,88.0,49.0,22.0
186.0,89.0,49.0,22.0
185.0,89.0,49.0,22.0
185.0,89.0,49.0,22.0
185.0,88.0,49.0,23.0
184.0,88.0,49.0,23.0
187.0,89.0,49.0,23.0
186.0,89.0,49.0,23.0
186.0,88.0,50.0,23.0
186.0,89.0,50.0,23.0
186.0,89.0,50.0,23.0
186.0,89.0,50.0,24.0
187.0,89.0,50.0,24.0
188.0,90.0,50.0,24.0
189.0,91.0,51.0,23.0
189.0,91.0,51.0,24.0
189.0,90.0,51.0,23.0
189.0,89.0,51.0,23.0
191.0,89.0,51.0,23.0
192.0,89.0,51.0,24.0
194.0,89.0,51.0,24.0
192.0,88.0,51.0,24.0
193.0,86.0,51.0,25.0
193.0,86.0,51.0,24.0
193.0,85.0,52.0,25.0
193.0,86.0,52.0,24.0
193.0,85.0,52.0,25.0
192.0,86.0,52.0,24.0
190.0,86.0,52.0,24.0
188.0,86.0,53.0,25.0
189.0,86.0,53.0,24.0
191.0,86.0,53.0,25.0
192.0,86.0,54.0,25.0
192.0,86.0,54.0,25.0
193.0,86.0,54.0,25.0
191.0,85.0,54.0,25.0
193.0,80.0,54.0,25.0
192.0,81.0,54.0,25.0
196.0,82.0,54.0,25.0
195.0,83.0,54.0,25.0
195.0,85.0,54.0,25.0
192.0,85.0,55.0,25.0
192.0,85.0,55.0,25.0
192.0,85.0,55.0,25.0
192.0,86.0,56.0,25.0
191.0,87.0,56.0,25.0
192.0,88.0,56.0,25.0
192.0,84.0,56.0,25.0
190.0,85.0,57.0,25.0
189.0,86.0,56.0,26.0
190.0,87.0,56.0,26.0
187.0,87.0,57.0,26.0
186.0,87.0,57.0,26.0
186.0,87.0,57.0,27.0
185.0,86.0,57.0,27.0
184.0,85.0,57.0,27.0
183.0,86.0,58.0,27.0
182.0,86.0,58.0,27.0
183.0,85.0,58.0,27.0
182.0,85.0,59.0,27.0
181.0,84.0,58.0,28.0
180.0,84.0,58.0,28.0
179.0,83.0,59.0,28.0
183.0,83.0,59.0,28.0
182.0,82.0,59.0,28.0
182.0,82.0,59.0,28.0
182.0,83.0,60.0,28.0
181.0,83.0,60.0,28.0
183.0,82.0,61.0,28.0
184.0,83.0,61.0,28.0
185.0,84.0,61.0,28.0
184.0,84.0,62.0,28.0
185.0,84.0,62.0,28.0
189.0,80.0,62.0,28.0
186.0,83.0,62.0,28.0
185.0,84.0,62.0,28.0
185.0,84.0,62.0,29.0
187.0,84.0,62.0,29.0
186.0,84.0,63.0,29.0
187.0,84.0,63.0,29.0
187.0,80.0,63.0,29.0
187.0,81.0,63.0,29.0
184.0,81.0,63.0,29.0
184.0,82.0,63.0,29.0
181.0,82.0,63.0,30.0
182.0,81.0,63.0,31.0
183.0,81.0,63.0,31.0
181.0,80.0,62.0,32.0
182.0,79.0,63.0,32.0
182.0,79.0,62.0,32.0
180.0,79.0,63.0,32.0
181.0,79.0,63.0,32.0
180.0,80.0,64.0,31.0
180.0,80.0,64.0,31.0
180.0,80.0,64.0,31.0
180.0,79.0,64.0,31.0
180.0,79.0,63.0,32.0
178.0,79.0,64.0,32.0
177.0,78.0,64.0,32.0
175.0,78.0,65.0,32.0
174.0,78.0,65.0,32.0
175.0,78.0,66.0,32.0
173.0,78.0,66.0,32.0
173.0,78.0,66.0,32.0
173.0,78.0,67.0,32.0
175.0,78.0,67.0,32.0
176.0,77.0,68.0,32.0
175.0,76.0,68.0,32.0
173.0,76.0,68.0,32.0
173.0,76.0,68.0,32.0
175.0,75.0,68.0,33.0
177.0,74.0,68.0,33.0
178.0,75.0,68.0,34.0
178.0,74.0,69.0,34.0
182.0,71.0,68.0,34.0
181.0,73.0,68.0,34.0
179.0,73.0,68.0,34.0
178.0,73.0,68.0,33.0
178.0,74.0,69.0,33.0
175.0,74.0,69.0,33.0
173.0,73.0,69.0,33.0
173.0,73.0,69.0,33.0
171.0,74.0,69.0,34.0
170.0,75.0,69.0,34.0
169.0,75.0,69.0,34.0
168.0,73.0,69.0,34.0
168.0,73.0,70.0,34.0
167.0,74.0,70.0,33.0
166.0,73.0,70.0,33.0
168.0,72.0,71.0,33.0
169.0,71.0,71.0,34.0
169.0,73.0,70.0,34.0
170.0,74.0,70.0,34.0
169.0,73.0,71.0,34.0
167.0,73.0,71.0,34.0
168.0,73.0,71.0,34.0
168.0,73.0,71.0,34.0
168.0,73.0,71.0,34.0
169.0,73.0,71.0,34.0
169.0,73.0,71.0,34.0
169.0,72.0,72.0,34.0
170.0,70.0,72.0,34.0
169.0,73.0,72.0,34.0
170.0,71.0,72.0,34.0
175.0,67.0,72.0,34.0
172.0,70.0,71.0,34.0
171.0,70.0,72.0,34.0
172.0,69.0,72.0,34.0
172.0,64.0,72.0,35.0
175.0,66.0,72.0,35.0
173.0,68.0,72.0,35.0
171.0,67.0,72.0,35.0
173.0,67.0,72.0,35.0
173.0,67.0,72.0,35.0
172.0,67.0,72.0,35.0
171.0,67.0,73.0,35.0
173.0,66.0,73.0,35.0
171.0,65.0,73.0,35.0
174.0,64.0,73.0,35.0
173.0,63.0,74.0,35.0
173.0,63.0,74.0,35.0
174.0,63.0,74.0,35.0
174.0,63.0,74.0,35.0
173.0,65.0,74.0,35.0
174.0,65.0,74.0,35.0
174.0,64.0,75.0,35.0
176.0,63.0,74.0,35.0
177.0,63.0,74.0,35.0
179.0,63.0,74.0,35.0
179.0,63.0,74.0,35.0
180.0,63.0,74.0,35.0
181.0,62.0,73.0,35.0
181.0,63.0,74.0,35.0
179.0,65.0,74.0,34.0
181.0,66.0,74.0,34.0
183.0,65.0,74.0,34.0
181.0,66.0,74.0,35.0
181.0,67.0,74.0,35.0
180.0,68.0,74.0,35.0
181.0,69.0,74.0,35.0
182.0,69.0,74.0,35.0
181.0,68.0,74.0,35.0
181.0,68.0,73.0,35.0
180.0,68.0,74.0,35.0
180.0,68.0,74.0,35.0
179.0,66.0,74.0,35.0
178.0,67.0,74.0,35.0
177.0,67.0,74.0,35.0
176.0,69.0,75.0,35.0
175.0,69.0,74.0,35.0
176.0,69.0,74.0,35.0
178.0,69.0,74.0,36.0
178.0,66.0,74.0,35.0
177.0,69.0,74.0,35.0
177.0,71.0,74.0,35.0
176.0,71.0,74.0,35.0
176.0,71.0,74.0,35.0
174.0,70.0,73.0,36.0
174.0,69.0,73.0,36.0
174.0,68.0,73.0,36.0
173.0,69.0,73.0,35.0
172.0,71.0,73.0,36.0
169.0,72.0,74.0,35.0
165.0,71.0,74.0,35.0
167.0,71.0,74.0,35.0
163.0,72.0,75.0,35.0
162.0,72.0,75.0,35.0
162.0,70.0,74.0,35.0
161.0,71.0,74.0,35.0
163.0,71.0,75.0,35.0
165.0,71.0,75.0,35.0
162.0,71.0,75.0,35.0
163.0,70.0,74.0,35.0
164.0,69.0,74.0,35.0
164.0,69.0,74.0,35.0
164.0,68.0,74.0,35.0
165.0,68.0,74.0,35.0
166.0,70.0,74.0,35.0
166.0,69.0,74.0,35.0
165.0,70.0,74.0,35.0
165.0,70.0,74.0,35.0
164.0,69.0,74.0,35.0
163.0,70.0,74.0,34.0
167.0,70.0,74.0,34.0
168.0,70.0,74.0,35.0
168.0,71.0,75.0,34.0
168.0,72.0,75.0,34.0
169.0,71.0,74.0,34.0
169.0,70.0,74.0,34.0
168.0,69.0,74.0,34.0
169.0,69.0,74.0,34.0
167.0,68.0,74.0,34.0
167.0,68.0,74.0,34.0
165.0,66.0,74.0,33.0
165.0,71.0,74.0,33.0
164.0,71.0,73.0,34.0
164.0,71.0,73.0,33.0
164.0,72.0,73.0,33.0
166.0,72.0,73.0,34.0
165.0,72.0,72.0,34.0
166.0,72.0,71.0,34.0
166.0,73.0,71.0,34.0
165.0,74.0,71.0,33.0
164.0,75.0,70.0,34.0
164.0,75.0,70.0,33.0
162.0,75.0,69.0,33.0
163.0,74.0,69.0,33.0
162.0,76.0,70.0,32.0
160.0,76.0,70.0,32.0
161.0,78.0,70.0,32.0
162.0,78.0,69.0,32.0
161.0,79.0,68.0,32.0
161.0,80.0,68.0,32.0
159.0,81.0,68.0,32.0
158.0,81.0,68.0,32.0
157.0,81.0,68.0,32.0
158.0,82.0,67.0,32.0
159.0,83.0,67.0,31.0
157.0,84.0,67.0,31.0
159.0,85.0,67.0,31.0
159.0,86.0,67.0,31.0
160.0,87.0,67.0,30.0
157.0,88.0,66.0,31.0
158.0,90.0,66.0,30.0
156.0,90.0,66.0,30.0
156.0,93.0,66.0,30.0
157.0,93.0,66.0,30.0
157.0,94.0,66.0,30.0
155.0,96.0,66.0,30.0
154.0,97.0,65.0,29.0
154.0,97.0,65.0,30.0
153.0,98.0,64.0,30.0
154.0,99.0,64.0,30.0
153.0,100.0,64.0,29.0
152.0,100.0,64.0,29.0
152.0,101.0,64.0,29.0
152.0,102.0,64.0,29.0
152.0,103.0,64.0,28.0
153.0,103.0,63.0,28.0
154.0,103.0,63.0,28.0
154.0,105.0,62.0,28.0
155.0,105.0,62.0,28.0
156.0,106.0,61.0,28.0
154.0,107.0,62.0,28.0
154.0,108.0,61.0,28.0
154.0,109.0,61.0,27.0
153.0,110.0,61.0,27.0
154.0,111.0,60.0,27.0
154.0,113.0,60.0,27.0
153.0,113.0,60.0,27.0
152.0,114.0,60.0,27.0
152.0,115.0,59.0,27.0
153.0,115.0,59.0,27.0
153.0,115.0,59.0,27.0
152.0,116.0,59.0,26.0
152.0,117.0,59.0,27.0
153.0,117.0,58.0,26.0
152.0,118.0,58.0,26.0
152.0,119.0,58.0,26.0
153.0,119.0,58.0,26.0
153.0,120.0,58.0,25.0
152.0,121.0,58.0,25.0
153.0,121.0,57.0,26.0
153.0,122.0,57.0,26.0
153.0,122.0,56.0,25.0
152.0,123.0,56.0,25.0
152.0,124.0,56.0,25.0
153.0,123.0,56.0,25.0
155.0,124.0,56.0,25.0
155.0,124.0,55.0,25.0
157.0,124.0,55.0,25.0
158.0,124.0,55.0,25.0
157.0,124.0,55.0,25.0
157.0,124.0,55.0,24.0
157.0,124.0,55.0,24.0
159.0,125.0,55.0,23.0
160.0,125.0,55.0,23.0
160.0,126.0,55.0,23.0
159.0,127.0,54.0,23.0
160.0,128.0,54.0,23.0
160.0,129.0,53.0,23.0
162.0,130.0,53.0,23.0
162.0,132.0,52.0,23.0
162.0,132.0,51.0,24.0
161.0,133.0,52.0,23.0
161.0,134.0,52.0,23.0
161.0,134.0,52.0,23.0
160.0,134.0,51.0,23.0
160.0,134.0,51.0,23.0
160.0,134.0,51.0,23.0
160.0,134.0,50.0,22.0
160.0,134.0,50.0,22.0
160.0,133.0,50.0,22.0
160.0,134.0,49.0,22.0
161.0,134.0,48.0,22.0
161.0,134.0,48.0,23.0
161.0,134.0,47.0,22.0
161.0,135.0,47.0,22.0
161.0,135.0,46.0,22.0
161.0,135.0,46.0,22.0
162.0,135.0,46.0,22.0
163.0,136.0,46.0,22.0
165.0,135.0,46.0,21.0
164.0,135.0,46.0,21.0
164.0,135.0,45.0,21.0
165.0,135.0,45.0,21.0
165.0,135.0,45.0,21.0
165.0,135.0,45.0,21.0
166.0,135.0,44.0,21.0
166.0,135.0,44.0,21.0
168.0,136.0,43.0,21.0
169.0,135.0,43.0,21.0
169.0,136.0,43.0,21.0
170.0,136.0,42.0,21.0
170.0,136.0,42.0,21.0
170.0,136.0,41.0,21.0
171.0,137.0,41.0,21.0
171.0,138.0,41.0,20.0
172.0,137.0,41.0,20.0
173.0,137.0,40.0,20.0
176.0,137.0,39.0,20.0
177.0,136.0,39.0,20.0
176.0,137.0,39.0,20.0
178.0,137.0,39.0,20.0
179.0,136.0,38.0,20.0
180.0,137.0,39.0,19.0
181.0,137.0,38.0,20.0
181.0,137.0,38.0,19.0
181.0,138.0,38.0,19.0
181.0,137.0,38.0,19.0
181.0,138.0,38.0,18.0
182.0,138.0,37.0,18.0
184.0,138.0,37.0,18.0
184.0,138.0,36.0,18.0
184.0,137.0,36.0,18.0
184.0,137.0,35.0,18.0
185.0,136.0,34.0,19.0
187.0,134.0,34.0,19.0
187.0,136.0,34.0,18.0
189.0,134.0,34.0,18.0
189.0,135.0,33.0,18.0
189.0,136.0,33.0,18.0
190.0,136.0,33.0,17.0
190.0,136.0,34.0,17.0
191.0,135.0,33.0,17.0
192.0,135.0,33.0,17.0
194.0,135.0,32.0,17.0
195.0,135.0,32.0,17.0
197.0,134.0,32.0,16.0
198.0,135.0,32.0,16.0
197.0,135.0,32.0,16.0
197.0,135.0,32.0,16.0
199.0,136.0,31.0,16.0
199.0,136.0,31.0,16.0
199.0,136.0,31.0,16.0
199.0,136.0,30.0,16.0
201.0,136.0,30.0,16.0
201.0,137.0,30.0,16.0
202.0,138.0,30.0,15.0
202.0,138.0,30.0,16.0
202.0,139.0,29.0,15.0
203.0,140.0,29.0,15.0
203.0,140.0,29.0,15.0
205.0,140.0,29.0,15.0
204.0,142.0,29.0,15.0
203.0,141.0,29.0,15.0
203.0,142.0,29.0,15.0
204.0,142.0,28.0,15.0
205.0,144.0,28.0,15.0
205.0,145.0,28.0,14.0
205.0,145.0,28.0,14.0
206.0,145.0,29.0,14.0
207.0,145.0,28.0,14.0
209.0,146.0,28.0,13.0
210.0,145.0,28.0,13.0
210.0,146.0,28.0,13.0
211.0,146.0,28.0,13.0
212.0,146.0,28.0,13.0
213.0,146.0,28.0,13.0
216.0,146.0,27.0,13.0
215.0,146.0,27.0,13.0
216.0,148.0,27.0,13.0
216.0,147.0,27.0,13.0
217.0,148.0,27.0,13.0
217.0,148.0,26.0,13.0
217.0,149.0,26.0,14.0
218.0,150.0,26.0,13.0
218.0,150.0,26.0,13.0
218.0,151.0,25.0,13.0
220.0,151.0,25.0,13.0
219.0,152.0,25.0,13.0
220.0,152.0,24.0,13.0
221.0,152.0,24.0,13.0
221.0,152.0,24.0,13.0
221.0,152.0,25.0,13.0
221.0,152.0,25.0,13.0
221.0,152.0,24.0,13.0
222.0,152.0,24.0,13.0
223.0,152.0,25.0,13.0
222.0,151.0,25.0,13.0
223.0,151.0,25.0,13.0
223.0,149.0,25.0,13.0
224.0,150.0,25.0,13.0
224.0,149.0,24.0,13.0
224.0,148.0,24.0,13.0
226.0,148.0,24.0,13.0
226.0,148.0,24.0,13.0
227.0,148.0,24.0,13.0
227.0,149.0,24.0,12.0
227.0,148.0,24.0,12.0
229.0,148.0,24.0,12.0
228.0,148.0,24.0,12.0
228.0,147.0,24.0,12.0
229.0,146.0,24.0,12.0
230.0,146.0,24.0,12.0
230.0,146.0,24.0,12.0
231.0,147.0,24.0,12.0
231.0,148.0,24.0,12.0
232.0,147.0,24.0,12.0
233.0,146.0,24.0,12.0
236.0,145.0,23.0,12.0
236.0,145.0,23.0,12.0
236.0,144.0,24.0,12.0
237.0,145.0,24.0,12.0
239.0,145.0,24.0,12.0
238.0,144.0,24.0,12.0
239.0,144.0,24.0,12.0
239.0,144.0,24.0,12.0
239.0,143.0,24.0,12.0
242.0,143.0,24.0,12.0
242.0,143.0,24.0,12.0
243.0,141.0,24.0,12.0
244.0,142.0,24.0,12.0
245.0,141.0,23.0,12.0
246.0,142.0,23.0,12.0
246.0,141.0,23.0,12.0
247.0,141.0,24.0,12.0
248.0,139.0,23.0,12.0
249.0,140.0,23.0,12.0
250.0,139.0,23.0,12.0
249.0,139.0,23.0,12.0
249.0,139.0,24.0,12.0
249.0,138.0,23.0,12.0
250.0,138.0,23.0,12.0
250.0,137.0,23.0,12.0
251.0,137.0,23.0,12.0
251.0,137.0,23.0,12.0
252.0,137.0,23.0,12.0
253.0,137.0,23.0,12.0
253.0,137.0,23.0,12.0
254.0,137.0,23.0,12.0
253.0,136.0,23.0,12.0
253.0,136.0,23.0,12.0
254.0,136.0,23.0,12.0
253.0,136.0,23.0,12.0
253.0,136.0,23.0,12.0
253.0,136.0,23.0,12.0
253.0,136.0,23.0,12.0
253.0,136.0,23.0,12.0
253.0,136.0,23.0,12.0
253.0,136.0,23.0,12.0
253.0,136.0,23.0,12.0
253.0,135.0,23.0,12.0
253.0,135.0,23.0,12.0
253.0,136.0,23.0,12.0
253.0,136.0,23.0,12.0
253.0,136.0,23.0,12.0
252.0,135.0,23.0,12.0
252.0,136.0,23.0,12.0
252.0,136.0,23.0,12.0
252.0,137.0,23.0,12.0
252.0,137.0,23.0,12.0
251.0,137.0,23.0,11.0
251.0,137.0,23.0,11.0
251.0,137.0,23.0,11.0
251.0,137.0,23.0,11.0
250.0,137.0,23.0,11.0
250.0,137.0,23.0,11.0
250.0,137.0,23.0,11.0
249.0,137.0,23.0,12.0
249.0,137.0,24.0,11.0
249.0,137.0,23.0,12.0
249.0,136.0,24.0,12.0
248.0,136.0,24.0,12.0
248.0,135.0,24.0,12.0
247.0,135.0,24.0,12.0
247.0,135.0,23.0,12.0
246.0,134.0,23.0,12.0
246.0,134.0,23.0,12.0
244.0,133.0,23.0,12.0
245.0,133.0,23.0,12.0
245.0,133.0,23.0,12.0
245.0,133.0,23.0,12.0
245.0,133.0,23.0,12.0
245.0,133.0,23.0,12.0
245.0,133.0,23.0,12.0
245.0,133.0,23.0,12.0
244.0,133.0,23.0,12.0
244.0,133.0,23.0,12.0
244.0,133.0,24.0,11.0
244.0,134.0,23.0,11.0
244.0,134.0,23.0,12.0
244.0,134.0,23.0,11.0
243.0,134.0,23.0,12.0
243.0,134.0,23.0,12.0
242.0,135.0,23.0,11.0
242.0,135.0,23.0,11.0
241.0,135.0,23.0,11.0
240.0,136.0,23.0,11.0
239.0,136.0,23.0,11.0
238.0,137.0,23.0,11.0
238.0,136.0,23.0,11.0
238.0,137.0,23.0,11.0
237.0,137.0,23.0,12.0
237.0,137.0,23.0,12.0
238.0,137.0,23.0,12.0
238.0,137.0,23.0,12.0
237.0,137.0,23.0,11.0
236.0,137.0,23.0,12.0
236.0,136.0,23.0,12.0
235.0,136.0,23.0,12.0
234.0,136.0,23.0,12.0
234.0,136.0,23.0,12.0
233.0,137.0,23.0,12.0
233.0,136.0,23.0,12.0
233.0,136.0,23.0,12.0
232.0,136.0,23.0,12.0
232.0,135.0,23.0,12.0
232.0,135.0,23.0,12.0
232.0,135.0,23.0,12.0
233.0,135.0,23.0,12.0
233.0,135.0,23.0,12.0
234.0,135.0,23.0,12.0
233.0,135.0,23.0,12.0
233.0,135.0,24.0,11.0
233.0,136.0,24.0,11.0
233.0,135.0,24.0,11.0
233.0,135.0,23.0,12.0
233.0,135.0,24.0,12.0
234.0,135.0,23.0,12.0
234.0,135.0,23.0,12.0
234.0,135.0,23.0,12.0
234.0,135.0,23.0,12.0
234.0,135.0,23.0,12.0
234.0,135.0,23.0,12.0
235.0,136.0,24.0,11.0
236.0,136.0,23.0,12.0
236.0,137.0,23.0,12.0
237.0,137.0,23.0,12.0
236.0,138.0,23.0,12.0
236.0,138.0,23.0,12.0
237.0,139.0,23.0,12.0
236.0,139.0,23.0,12.0
236.0,139.0,23.0,12.0
237.0,140.0,23.0,12.0
237.0,141.0,22.0,12.0
237.0,142.0,23.0,12.0
237.0,143.0,22.0,12.0
237.0,143.0,23.0,11.0
237.0,144.0,23.0,11.0
237.0,144.0,22.0,11.0
237.0,145.0,22.0,11.0
237.0,145.0,22.0,12.0
236.0,145.0,22.0,12.0
236.0,146.0,22.0,12.0
235.0,146.0,22.0,12.0
235.0,145.0,22.0,12.0
235.0,146.0,22.0,11.0
236.0,146.0,22.0,11.0
235.0,146.0,23.0,11.0
236.0,145.0,22.0,11.0
238.0,145.0,22.0,12.0
237.0,145.0,22.0,11.0
237.0,145.0,22.0,11.0
236.0,145.0,22.0,11.0
236.0,146.0,22.0,11.0
236.0,145.0,22.0,11.0
237.0,145.0,22.0,11.0
238.0,146.0,22.0,11.0
239.0,146.0,22.0,11.0
239.0,146.0,22.0,11.0
240.0,147.0,22.0,11.0
240.0,147.0,22.0,11.0
240.0,147.0,22.0,11.0
240.0,147.0,22.0,11.0
240.0,147.0,22.0,11.0
241.0,147.0,22.0,11.0
241.0,147.0,22.0,11.0
242.0,148.0,22.0,11.0
242.0,148.0,22.0,11.0
242.0,149.0,22.0,11.0
242.0,149.0,22.0,11.0
242.0,149.0,22.0,11.0
241.0,149.0,22.0,11.0
241.0,149.0,22.0,11.0
241.0,150.0,22.0,11.0
242.0,151.0,22.0,11.0
241.0,150.0,22.0,11.0
242.0,150.0,22.0,11.0
242.0,150.0,21.0,11.0
242.0,151.0,22.0,11.0
242.0,151.0,22.0,11.0
242.0,151.0,22.0,11.0
243.0,151.0,21.0,11.0
243.0,151.0,21.0,11.0
243.0,151.0,21.0,11.0
243.0,151.0,22.0,11.0
242.0,151.0,22.0,11.0
242.0,151.0,22.0,11.0
242.0,151.0,21.0,11.0
243.0,150.0,21.0,11.0
243.0,151.0,21.0,11.0
242.0,151.0,21.0,11.0
241.0,151.0,21.0,11.0
241.0,151.0,21.0,11.0
241.0,150.0,21.0,11.0
241.0,150.0,21.0,11.0
241.0,150.0,21.0,11.0
241.0,150.0,21.0,11.0
242.0,150.0,21.0,11.0
242.0,151.0,21.0,11.0
242.0,152.0,21.0,11.0
242.0,152.0,21.0,11.0
242.0,153.0,21.0,11.0
242.0,153.0,21.0,11.0
242.0,153.0,21.0,11.0
241.0,153.0,21.0,11.0
242.0,154.0,21.0,11.0
242.0,154.0,21.0,11.0
242.0,154.0,21.0,11.0
242.0,154.0,21.0,11.0
242.0,154.0,21.0,11.0
242.0,154.0,21.0,11.0
242.0,154.0,20.0,11.0
242.0,154.0,21.0,11.0
243.0,155.0,20.0,11.0
243.0,155.0,21.0,11.0
243.0,155.0,21.0,11.0
243.0,155.0,21.0,10.0
243.0,155.0,21.0,10.0
242.0,155.0,21.0,11.0
242.0,154.0,21.0,10.0
243.0,154.0,21.0,10.0
243.0,154.0,21.0,11.0
244.0,154.0,21.0,11.0
244.0,154.0,21.0,10.0
244.0,154.0,21.0,10.0
244.0,154.0,21.0,10.0
244.0,154.0,21.0,10.0
245.0,155.0,21.0,10.0
245.0,155.0,21.0,10.0
245.0,155.0,21.0,10.0
246.0,155.0,21.0,10.0
246.0,155.0,21.0,10.0
246.0,155.0,21.0,10.0
247.0,155.0,21.0,10.0
247.0,155.0,21.0,10.0
247.0,155.0,21.0,10.0
248.0,155.0,21.0,10.0
248.0,155.0,21.0,11.0
249.0,155.0,21.0,11.0
248.0,155.0,21.0,11.0
249.0,155.0,20.0,11.0
249.0,156.0,20.0,11.0
249.0,156.0,20.0,11.0
250.0,155.0,20.0,11.0
251.0,155.0,20.0,11.0
251.0,156.0,20.0,11.0
251.0,156.0,20.0,11.0
251.0,156.0,20.0,11.0
251.0,156.0,20.0,11.0
252.0,156.0,20.0,11.0
252.0,157.0,20.0,11.0
253.0,157.0,20.0,10.0
254.0,157.0,20.0,10.0
254.0,158.0,20.0,10.0
255.0,157.0,20.0,11.0
254.0,157.0,20.0,10.0
255.0,157.0,20.0,10.0
255.0,159.0,19.0,10.0
256.0,159.0,19.0,10.0
257.0,159.0,19.0,10.0
257.0,159.0,19.0,10.0
257.0,159.0,19.0,10.0
257.0,159.0,19.0,10.0
257.0,159.0,19.0,11.0
257.0,159.0,19.0,11.0
258.0,160.0,19.0,10.0
259.0,160.0,20.0,10.0
259.0,161.0,20.0,10.0
259.0,161.0,19.0,10.0
260.0,162.0,19.0,10.0
259.0,162.0,19.0,10.0
260.0,163.0,19.0,10.0
262.0,163.0,20.0,10.0
263.0,163.0,20.0,10.0
263.0,163.0,19.0,10.0
263.0,163.0,19.0,11.0
263.0,164.0,19.0,10.0
262.0,164.0,19.0,10.0
263.0,164.0,19.0,10.0
265.0,164.0,19.0,10.0
265.0,164.0,19.0,10.0
266.0,165.0,19.0,10.0
265.0,165.0,19.0,10.0
266.0,165.0,19.0,10.0
267.0,165.0,19.0,10.0
266.0,165.0,19.0,10.0
267.0,165.0,19.0,10.0
268.0,165.0,19.0,10.0
269.0,166.0,19.0,10.0
270.0,165.0,19.0,10.0
271.0,165.0,19.0,10.0
271.0,165.0,19.0,10.0
272.0,166.0,19.0,10.0
273.0,167.0,19.0,10.0
273.0,167.0,19.0,10.0
273.0,167.0,19.0,10.0
273.0,167.0,19.0,10.0
273.0,167.0,19.0,10.0
273.0,167.0,19.0,10.0
274.0,167.0,19.0,10.0
274.0,168.0,19.0,10.0
274.0,168.0,19.0,10.0
275.0,168.0,19.0,10.0
275.0,169.0,19.0,10.0
276.0,169.0,19.0,10.0
277.0,169.0,19.0,10.0
279.0,169.0,19.0,10.0
278.0,169.0,19.0,10.0
278.0,170.0,18.0,10.0
278.0,170.0,18.0,10.0
278.0,170.0,19.0,10.0
279.0,170.0,19.0,10.0
280.0,169.0,18.0,10.0
281.0,169.0,18.0,10.0
282.0,169.0,18.0,10.0
282.0,169.0,18.0,10.0
283.0,169.0,18.0,10.0
283.0,170.0,18.0,10.0
283.0,170.0,18.0,10.0
284.0,171.0,18.0,10.0
285.0,170.0,18.0,10.0
285.0,170.0,18.0,10.0
286.0,171.0,18.0,10.0
287.0,171.0,18.0,10.0
287.0,171.0,18.0,10.0
287.0,169.0,18.0,10.0
288.0,170.0,18.0,10.0
289.0,169.0,17.0,10.0
290.0,170.0,17.0,10.0
292.0,170.0,17.0,10.0
292.0,169.0,17.0,10.0
292.0,169.0,17.0,10.0
293.0,169.0,17.0,10.0
294.0,169.0,17.0,10.0
294.0,169.0,17.0,10.0
295.0,169.0,18.0,10.0
295.0,170.0,18.0,10.0
296.0,170.0,18.0,10.0
296.0,169.0,18.0,10.0
297.0,170.0,18.0,10.0
297.0,170.0,18.0,10.0
297.0,170.0,18.0,10.0
298.0,170.0,18.0,10.0
299.0,170.0,18.0,10.0
300.0,170.0,18.0,10.0
301.0,170.0,18.0,10.0
301.0,170.0,18.0,10.0
302.0,170.0,18.0,10.0
303.0,170.0,18.0,10.0
304.0,170.0,17.0,10.0
305.0,171.0,18.0,10.0
305.0,172.0,18.0,10.0
304.0,172.0,18.0,10.0
305.0,172.0,18.0,10.0
304.0,172.0,18.0,10.0
304.0,172.0,18.0,10.0
304.0,171.0,18.0,10.0
304.0,171.0,18.0,10.0
305.0,171.0,18.0,10.0
304.0,171.0,18.0,10.0
304.0,171.0,18.0,10.0
305.0,170.0,19.0,10.0
305.0,170.0,19.0,10.0
306.0,169.0,18.0,10.0
306.0,169.0,18.0,10.0
306.0,169.0,18.0,10.0
306.0,169.0,18.0,10.0
305.0,168.0,18.0,10.0
305.0,168.0,18.0,10.0
305.0,167.0,18.0,10.0
304.0,167.0,18.0,10.0
305.0,167.0,18.0,10.0
305.0,166.0,18.0,10.0
304.0,165.0,18.0,10.0
304.0,165.0,18.0,10.0
304.0,165.0,18.0,10.0
304.0,164.0,18.0,10.0
304.0,164.0,18.0,10.0
304.0,163.0,18.0,10.0
304.0,163.0,18.0,10.0
303.0,162.0,18.0,10.0
303.0,162.0,18.0,10.0
302.0,162.0,18.0,10.0
302.0,161.0,18.0,10.0
302.0,161.0,19.0,10.0
300.0,160.0,18.0,10.0
299.0,160.0,18.0,10.0
299.0,158.0,18.0,10.0
298.0,158.0,19.0,10.0
297.0,158.0,19.0,10.0
296.0,158.0,19.0,10.0
295.0,157.0,19.0,10.0
294.0,157.0,19.0,10.0
294.0,156.0,19.0,10.0
293.0,156.0,19.0,10.0
292.0,156.0,19.0,10.0
290.0,156.0,19.0,10.0
288.0,156.0,19.0,10.0
287.0,155.0,19.0,10.0
287.0,155.0,19.0,10.0
286.0,155.0,19.0,10.0
285.0,154.0,19.0,10.0
284.0,154.0,19.0,10.0
283.0,154.0,19.0,10.0
282.0,154.0,19.0,10.0
281.0,154.0,19.0,10.0
280.0,153.0,19.0,10.0
280.0,153.0,19.0,10.0
278.0,152.0,19.0,10.0
276.0,152.0,19.0,10.0
274.0,152.0,19.0,10.0
273.0,152.0,19.0,10.0
270.0,151.0,19.0,10.0
270.0,152.0,19.0,10.0
269.0,151.0,19.0,10.0
267.0,151.0,19.0,10.0
266.0,150.0,19.0,10.0
265.0,150.0,19.0,10.0
262.0,150.0,19.0,10.0
261.0,150.0,19.0,10.0
260.0,148.0,19.0,10.0
257.0,148.0,19.0,10.0
255.0,148.0,19.0,10.0
253.0,147.0,19.0,10.0
251.0,147.0,19.0,10.0
250.0,146.0,19.0,10.0
249.0,146.0,19.0,10.0
247.0,146.0,19.0,10.0
246.0,146.0,19.0,10.0
244.0,146.0,19.0,10.0
241.0,145.0,20.0,10.0
243.0,144.0,19.0,10.0
240.0,144.0,19.0,10.0
240.0,144.0,19.0,10.0
238.0,144.0,19.0,10.0
238.0,142.0,19.0,10.0
235.0,142.0,19.0,10.0
235.0,142.0,19.0,10.0
234.0,142.0,20.0,10.0
233.0,142.0,19.0,10.0
232.0,142.0,19.0,10.0
232.0,142.0,19.0,10.0
231.0,142.0,19.0,10.0
230.0,143.0,19.0,10.0
229.0,143.0,19.0,10.0
229.0,143.0,19.0,10.0
227.0,143.0,19.0,10.0
228.0,143.0,19.0,10.0
227.0,143.0,19.0,10.0
225.0,145.0,19.0,10.0
224.0,145.0,19.0,10.0
224.0,146.0,19.0,10.0
223.0,145.0,19.0,10.0
223.0,145.0,19.0,10.0
222.0,145.0,19.0,10.0
222.0,145.0,19.0,10.0
221.0,144.0,19.0,10.0
221.0,144.0,19.0,10.0
220.0,144.0,19.0,10.0
220.0,144.0,19.0,10.0
219.0,144.0,19.0,10.0
218.0,143.0,19.0,10.0
219.0,142.0,19.0,10.0
217.0,142.0,19.0,10.0
217.0,142.0,19.0,10.0
216.0,140.0,19.0,10.0
216.0,140.0,19.0,10.0
215.0,139.0,19.0,10.0
215.0,138.0,19.0,10.0
215.0,138.0,19.0,10.0
214.0,138.0,19.0,10.0
214.0,136.0,19.0,10.0
215.0,136.0,19.0,10.0
214.0,135.0,19.0,10.0
214.0,135.0,19.0,10.0
213.0,135.0,19.0,10.0
212.0,135.0,19.0,10.0
212.0,134.0,19.0,10.0
212.0,134.0,19.0,10.0
211.0,134.0,19.0,10.0
211.0,133.0,19.0,10.0
211.0,134.0,19.0,10.0
211.0,134.0,19.0,10.0
210.0,134.0,19.0,10.0
209.0,134.0,19.0,10.0
208.0,134.0,19.0,10.0
207.0,133.0,19.0,10.0
207.0,133.0,18.0,10.0
208.0,132.0,18.0,10.0
207.0,132.0,18.0,10.0
207.0,131.0,18.0,10.0
207.0,131.0,18.0,10.0
207.0,132.0,18.0,10.0
208.0,131.0,18.0,10.0
208.0,131.0,18.0,10.0
208.0,131.0,18.0,10.0
208.0,131.0,18.0,10.0
208.0,131.0,18.0,10.0
208.0,131.0,18.0,10.0
208.0,132.0,18.0,10.0
207.0,132.0,18.0,10.0
206.0,131.0,18.0,10.0
206.0,132.0,18.0,10.0
206.0,131.0,18.0,10.0
207.0,129.0,18.0,10.0
207.0,130.0,18.0,10.0
206.0,130.0,18.0,10.0
206.0,130.0,18.0,10.0
205.0,130.0,18.0,10.0
205.0,129.0,18.0,10.0
206.0,129.0,18.0,10.0
207.0,127.0,18.0,10.0
208.0,127.0,18.0,10.0
208.0,127.0,18.0,10.0
208.0,127.0,18.0,10.0
209.0,127.0,18.0,10.0
209.0,127.0,18.0,10.0
209.0,127.0,18.0,10.0
208.0,127.0,18.0,10.0
209.0,127.0,18.0,10.0
210.0,125.0,18.0,10.0
210.0,126.0,18.0,10.0
210.0,126.0,18.0,10.0
210.0,124.0,18.0,10.0
211.0,124.0,18.0,10.0
212.0,124.0,18.0,10.0
212.0,124.0,17.0,10.0
211.0,123.0,18.0,10.0
212.0,123.0,18.0,10.0
212.0,123.0,18.0,10.0
212.0,122.0,18.0,10.0
213.0,122.0,18.0,10.0
213.0,122.0,18.0,10.0
215.0,120.0,18.0,10.0
214.0,120.0,17.0,10.0
214.0,120.0,18.0,10.0
215.0,118.0,17.0,10.0
215.0,118.0,18.0,10.0
216.0,116.0,18.0,10.0
217.0,115.0,18.0,10.0
218.0,114.0,18.0,10.0
218.0,113.0,18.0,10.0
220.0,111.0,18.0,10.0
222.0,112.0,18.0,10.0
222.0,111.0,18.0,10.0
223.0,111.0,17.0,10.0
223.0,110.0,17.0,10.0
225.0,110.0,17.0,10.0
226.0,110.0,17.0,10.0
225.0,110.0,17.0,10.0
225.0,112.0,18.0,10.0
225.0,112.0,18.0,10.0
225.0,111.0,18.0,10.0
226.0,111.0,18.0,10.0
226.0,111.0,18.0,10.0
226.0,111.0,18.0,10.0
227.0,109.0,18.0,10.0
227.0,109.0,18.0,10.0
225.0,109.0,18.0,10.0
224.0,109.0,18.0,10.0
223.0,109.0,18.0,10.0
224.0,108.0,18.0,10.0
224.0,107.0,18.0,10.0
223.0,107.0,18.0,10.0
223.0,107.0,18.0,10.0
222.0,107.0,18.0,10.0
222.0,107.0,18.0,10.0
221.0,107.0,17.0,10.0
222.0,107.0,18.0,10.0
221.0,108.0,18.0,10.0
221.0,108.0,18.0,10.0
221.0,108.0,18.0,10.0
221.0,109.0,18.0,10.0
220.0,109.0,18.0,10.0
220.0,109.0,18.0,10.0
220.0,109.0,18.0,10.0
219.0,110.0,18.0,10.0
217.0,112.0,18.0,10.0
216.0,112.0,18.0,10.0
217.0,114.0,18.0,10.0
215.0,114.0,18.0,10.0
216.0,114.0,18.0,10.0
215.0,117.0,18.0,10.0
215.0,117.0,18.0,10.0
214.0,117.0,18.0,10.0
213.0,117.0,18.0,10.0
214.0,117.0,18.0,10.0
213.0,117.0,18.0,10.0
213.0,117.0,18.0,10.0
213.0,116.0,18.0,10.0
213.0,117.0,18.0,10.0
214.0,116.0,18.0,10.0
214.0,116.0,18.0,10.0
214.0,117.0,18.0,10.0
214.0,116.0,18.0,10.0
214.0,116.0,18.0,10.0
214.0,118.0,18.0,10.0
213.0,117.0,18.0,10.0
213.0,117.0,18.0,10.0
213.0,117.0,19.0,10.0
213.0,114.0,18.0,10.0
213.0,115.0,19.0,10.0
213.0,115.0,19.0,10.0
214.0,115.0,19.0,10.0
213.0,114.0,19.0,10.0
213.0,116.0,19.0,10.0
211.0,115.0,19.0,10.0
211.0,115.0,19.0,10.0
210.0,115.0,19.0,10.0
210.0,115.0,19.0,10.0
210.0,115.0,19.0,10.0
210.0,117.0,19.0,10.0
209.0,117.0,19.0,10.0
209.0,116.0,19.0,10.0
210.0,115.0,19.0,10.0
210.0,115.0,19.0,10.0
210.0,113.0,19.0,11.0
210.0,112.0,19.0,10.0
210.0,113.0,19.0,10.0
211.0,112.0,19.0,10.0
211.0,111.0,19.0,10.0
211.0,111.0,19.0,10.0
211.0,113.0,19.0,10.0
211.0,112.0,19.0,11.0
211.0,112.0,19.0,10.0
211.0,112.0,20.0,10.0
210.0,112.0,20.0,10.0
210.0,111.0,19.0,11.0
210.0,111.0,20.0,10.0
210.0,109.0,19.0,11.0
210.0,111.0,20.0,10.0
210.0,110.0,19.0,11.0
211.0,109.0,19.0,11.0
210.0,109.0,19.0,11.0
210.0,109.0,19.0,11.0
210.0,109.0,20.0,11.0
210.0,109.0,20.0,11.0
210.0,109.0,20.0,11.0
209.0,109.0,20.0,11.0
209.0,109.0,20.0,11.0
209.0,110.0,20.0,11.0
208.0,112.0,19.0,11.0
208.0,113.0,19.0,11.0
208.0,113.0,19.0,11.0
207.0,113.0,19.0,11.0
207.0,115.0,19.0,11.0
207.0,114.0,19.0,11.0
207.0,114.0,19.0,11.0
207.0,114.0,20.0,11.0
205.0,116.0,20.0,11.0
205.0,116.0,20.0,11.0
205.0,115.0,20.0,11.0
204.0,115.0,20.0,11.0
205.0,116.0,20.0,11.0
205.0,118.0,20.0,11.0
205.0,117.0,20.0,11.0
205.0,117.0,20.0,11.0
203.0,117.0,20.0,11.0
203.0,117.0,20.0,11.0
203.0,117.0,21.0,11.0
203.0,117.0,21.0,11.0
203.0,116.0,21.0,11.0
203.0,118.0,21.0,11.0
203.0,118.0,21.0,11.0
204.0,117.0,21.0,11.0
204.0,117.0,21.0,11.0
204.0,115.0,21.0,11.0
204.0,114.0,21.0,11.0
205.0,114.0,21.0,11.0
205.0,116.0,22.0,11.0
205.0,116.0,22.0,11.0
205.0,115.0,21.0,11.0
204.0,114.0,21.0,11.0
205.0,114.0,21.0,11.0
207.0,114.0,21.0,11.0
205.0,111.0,22.0,11.0
207.0,113.0,21.0,12.0
213.0,115.0,21.0,12.0
199.0,117.0,22.0,12.0
203.0,114.0,21.0,12.0
206.0,116.0,22.0,12.0
207.0,118.0,22.0,12.0
208.0,118.0,22.0,12.0
210.0,117.0,22.0,12.0
211.0,117.0,22.0,12.0
212.0,116.0,22.0,12.0
214.0,115.0,22.0,12.0
215.0,115.0,22.0,12.0
216.0,115.0,22.0,12.0
217.0,117.0,22.0,12.0
218.0,117.0,22.0,12.0
220.0,119.0,22.0,12.0
220.0,120.0,22.0,12.0
221.0,120.0,22.0,12.0
222.0,122.0,22.0,12.0
222.0,121.0,22.0,12.0
222.0,123.0,22.0,12.0
222.0,123.0,22.0,12.0
220.0,122.0,22.0,12.0
219.0,122.0,22.0,12.0
219.0,122.0,23.0,12.0
218.0,121.0,23.0,12.0
217.0,123.0,23.0,12.0
217.0,122.0,23.0,12.0
216.0,122.0,23.0,12.0
217.0,121.0,23.0,12.0
218.0,120.0,23.0,12.0
218.0,120.0,23.0,12.0
218.0,121.0,23.0,12.0
219.0,118.0,23.0,12.0
220.0,118.0,23.0,12.0
221.0,120.0,23.0,12.0
221.0,122.0,23.0,12.0
223.0,121.0,23.0,12.0
222.0,121.0,23.0,12.0
220.0,123.0,23.0,12.0
221.0,122.0,23.0,12.0
222.0,124.0,23.0,12.0
222.0,124.0,24.0,12.0
221.0,126.0,24.0,12.0
223.0,126.0,23.0,12.0
222.0,128.0,23.0,12.0
222.0,128.0,24.0,12.0
223.0,130.0,24.0,12.0
220.0,125.0,24.0,12.0
219.0,125.0,24.0,12.0
221.0,125.0,24.0,12.0
221.0,124.0,24.0,12.0
222.0,129.0,24.0,12.0
220.0,129.0,24.0,12.0
218.0,131.0,24.0,12.0
221.0,131.0,24.0,12.0
217.0,132.0,24.0,12.0
218.0,132.0,25.0,12.0
222.0,131.0,25.0,12.0
221.0,130.0,25.0,12.0
220.0,130.0,25.0,12.0
220.0,129.0,25.0,12.0
219.0,129.0,25.0,12.0
221.0,128.0,25.0,12.0
221.0,127.0,25.0,12.0
221.0,124.0,25.0,12.0
221.0,124.0,25.0,12.0
222.0,126.0,25.0,12.0
222.0,128.0,25.0,12.0
221.0,127.0,25.0,12.0
217.0,127.0,25.0,12.0
220.0,126.0,25.0,12.0
222.0,126.0,25.0,12.0
224.0,126.0,25.0,12.0
226.0,126.0,25.0,12.0
226.0,128.0,25.0,13.0
224.0,128.0,25.0,12.0
225.0,125.0,25.0,13.0
227.0,127.0,25.0,13.0
229.0,129.0,25.0,13.0
228.0,129.0,25.0,13.0
227.0,131.0,25.0,13.0
222.0,130.0,25.0,13.0
221.0,131.0,26.0,12.0
222.0,131.0,25.0,13.0
223.0,130.0,25.0,12.0
221.0,129.0,25.0,13.0
222.0,128.0,25.0,13.0
222.0,127.0,25.0,13.0
223.0,129.0,25.0,13.0
222.0,129.0,25.0,13.0
225.0,128.0,25.0,13.0
225.0,127.0,25.0,12.0
227.0,126.0,25.0,12.0
226.0,128.0,25.0,12.0
230.0,125.0,25.0,13.0
230.0,127.0,25.0,12.0
232.0,126.0,25.0,12.0
233.0,125.0,25.0,12.0
233.0,127.0,25.0,12.0
226.0,126.0,25.0,12.0
222.0,125.0,25.0,13.0
223.0,123.0,25.0,13.0
224.0,122.0,24.0,13.0
222.0,122.0,24.0,13.0
221.0,124.0,24.0,13.0
220.0,122.0,24.0,13.0
220.0,119.0,24.0,13.0
222.0,119.0,23.0,14.0
224.0,119.0,23.0,15.0
224.0,121.0,22.0,15.0
228.0,119.0,22.0,15.0
225.0,119.0,22.0,15.0
228.0,119.0,22.0,16.0
229.0,118.0,22.0,16.0
228.0,118.0,23.0,16.0
229.0,117.0,23.0,16.0
228.0,117.0,23.0,16.0
227.0,119.0,23.0,16.0
226.0,119.0,23.0,16.0
226.0,119.0,23.0,16.0
227.0,121.0,23.0,16.0
235.0,121.0,24.0,16.0
233.0,124.0,24.0,16.0
236.0,123.0,23.0,16.0
237.0,123.0,23.0,16.0
240.0,122.0,24.0,16.0
242.0,122.0,24.0,16.0
242.0,123.0,24.0,16.0
238.0,123.0,24.0,16.0
238.0,122.0,24.0,16.0
241.0,121.0,24.0,16.0
229.0,121.0,25.0,16.0
228.0,121.0,25.0,16.0
227.0,120.0,25.0,16.0
227.0,119.0,24.0,17.0
229.0,119.0,24.0,17.0
228.0,121.0,25.0,17.0
227.0,120.0,26.0,16.0
229.0,120.0,26.0,16.0
228.0,120.0,26.0,16.0
228.0,122.0,26.0,17.0
226.0,124.0,26.0,17.0
223.0,126.0,26.0,17.0
220.0,126.0,27.0,17.0
216.0,126.0,27.0,17.0
213.0,126.0,27.0,17.0
209.0,126.0,28.0,17.0
208.0,125.0,28.0,17.0
207.0,125.0,27.0,18.0
206.0,124.0,28.0,18.0
206.0,124.0,28.0,18.0
205.0,124.0,28.0,18.0
207.0,124.0,29.0,18.0
207.0,124.0,29.0,17.0
204.0,123.0,30.0,17.0
205.0,125.0,29.0,17.0
206.0,121.0,29.0,18.0
214.0,115.0,29.0,18.0
213.0,112.0,29.0,18.0
211.0,110.0,30.0,17.0
208.0,113.0,30.0,17.0
213.0,122.0,30.0,17.0
211.0,124.0,30.0,17.0
209.0,124.0,31.0,16.0
206.0,127.0,31.0,16.0
208.0,126.0,32.0,16.0
206.0,128.0,32.0,16.0
207.0,127.0,32.0,16.0
208.0,123.0,32.0,16.0
207.0,120.0,32.0,16.0
209.0,116.0,32.0,16.0
206.0,113.0,31.0,17.0
206.0,109.0,31.0,17.0
206.0,105.0,32.0,17.0
204.0,102.0,31.0,17.0
203.0,101.0,31.0,17.0
204.0,97.0,31.0,17.0
202.0,93.0,31.0,17.0
200.0,93.0,32.0,17.0
200.0,92.0,32.0,17.0
201.0,92.0,32.0,17.0
204.0,91.0,32.0,17.0
204.0,94.0,32.0,17.0
205.0,96.0,32.0,17.0
207.0,98.0,32.0,17.0
210.0,100.0,32.0,17.0
212.0,102.0,33.0,16.0
213.0,102.0,33.0,17.0
216.0,104.0,33.0,16.0
214.0,107.0,33.0,17.0
218.0,103.0,33.0,17.0
215.0,102.0,33.0,17.0
214.0,98.0,33.0,17.0
214.0,97.0,33.0,17.0
216.0,96.0,33.0,17.0
216.0,92.0,33.0,17.0
220.0,91.0,33.0,17.0
222.0,90.0,33.0,17.0
222.0,90.0,33.0,17.0
224.0,89.0,33.0,18.0
224.0,83.0,33.0,18.0
223.0,84.0,32.0,18.0
222.0,85.0,32.0,18.0
222.0,91.0,32.0,18.0
218.0,91.0,32.0,18.0
215.0,94.0,32.0,18.0
212.0,97.0,32.0,18.0
210.0,100.0,32.0,18.0
212.0,103.0,33.0,18.0
211.0,109.0,33.0,18.0
214.0,100.0,33.0,18.0
213.0,97.0,32.0,18.0
215.0,95.0,32.0,18.0
218.0,92.0,32.0,18.0
220.0,95.0,30.0,20.0
220.0,93.0,30.0,21.0
220.0,93.0,29.0,21.0
216.0,92.0,29.0,22.0
214.0,91.0,29.0,22.0
213.0,91.0,30.0,22.0
212.0,90.0,30.0,22.0
212.0,92.0,30.0,22.0
212.0,91.0,30.0,22.0
212.0,91.0,30.0,23.0
211.0,91.0,31.0,23.0
212.0,93.0,30.0,23.0
212.0,93.0,30.0,23.0
213.0,96.0,31.0,23.0
214.0,95.0,31.0,24.0
217.0,96.0,31.0,24.0
217.0,96.0,31.0,24.0
218.0,96.0,31.0,24.0
217.0,96.0,33.0,23.0
218.0,96.0,33.0,24.0
218.0,95.0,34.0,23.0
219.0,98.0,33.0,24.0
219.0,98.0,33.0,24.0
219.0,99.0,33.0,24.0
219.0,100.0,34.0,24.0
219.0,100.0,34.0,25.0
217.0,101.0,34.0,25.0
216.0,102.0,34.0,25.0
214.0,102.0,34.0,25.0
216.0,103.0,34.0,25.0
215.0,101.0,35.0,25.0
215.0,101.0,35.0,25.0
216.0,100.0,36.0,25.0
219.0,99.0,37.0,25.0
222.0,98.0,37.0,25.0
226.0,97.0,37.0,25.0
228.0,96.0,38.0,25.0
233.0,95.0,38.0,25.0
235.0,94.0,39.0,25.0
240.0,95.0,39.0,26.0
242.0,95.0,39.0,26.0
242.0,94.0,39.0,26.0
243.0,95.0,40.0,25.0
244.0,95.0,41.0,26.0
243.0,94.0,41.0,26.0
243.0,98.0,41.0,26.0
242.0,99.0,42.0,26.0
243.0,100.0,42.0,26.0
243.0,100.0,43.0,25.0
243.0,100.0,43.0,25.0
244.0,101.0,43.0,25.0
245.0,101.0,43.0,25.0
247.0,101.0,42.0,25.0
247.0,102.0,43.0,25.0
247.0,101.0,43.0,25.0
247.0,101.0,43.0,24.0
246.0,100.0,42.0,25.0
245.0,100.0,42.0,25.0
245.0,99.0,42.0,25.0
244.0,100.0,42.0,25.0
242.0,101.0,42.0,24.0
241.0,101.0,42.0,24.0
242.0,102.0,41.0,24.0
241.0,102.0,42.0,24.0
241.0,102.0,42.0,24.0
241.0,100.0,41.0,24.0
241.0,100.0,41.0,24.0
242.0,99.0,41.0,24.0
244.0,97.0,41.0,24.0
246.0,96.0,40.0,25.0
246.0,95.0,40.0,24.0
250.0,94.0,40.0,24.0
250.0,94.0,40.0,24.0
251.0,93.0,40.0,24.0
253.0,93.0,39.0,24.0
252.0,92.0,39.0,24.0
251.0,92.0,39.0,24.0
251.0,92.0,39.0,24.0
251.0,91.0,39.0,24.0
253.0,90.0,38.0,24.0
253.0,89.0,38.0,24.0
254.0,90.0,38.0,23.0
254.0,89.0,38.0,23.0
253.0,90.0,38.0,23.0
254.0,90.0,38.0,23.0
256.0,87.0,38.0,23.0
258.0,87.0,38.0,23.0
259.0,85.0,37.0,23.0
260.0,86.0,37.0,22.0
262.0,87.0,37.0,22.0
260.0,87.0,37.0,22.0
260.0,87.0,37.0,22.0
257.0,87.0,37.0,22.0
257.0,87.0,36.0,22.0
259.0,87.0,36.0,21.0
257.0,87.0,36.0,21.0
255.0,88.0,36.0,21.0
254.0,89.0,36.0,21.0
254.0,89.0,35.0,21.0
254.0,89.0,35.0,21.0
255.0,89.0,35.0,21.0
255.0,89.0,34.0,21.0
255.0,89.0,34.0,21.0
257.0,89.0,34.0,21.0
258.0,90.0,34.0,20.0
261.0,91.0,34.0,20.0
263.0,90.0,33.0,20.0
266.0,91.0,33.0,20.0
269.0,91.0,32.0,20.0
272.0,92.0,32.0,20.0
274.0,92.0,32.0,20.0
276.0,91.0,32.0,20.0
279.0,90.0,32.0,20.0
280.0,90.0,32.0,19.0
284.0,88.0,31.0,19.0
284.0,87.0,31.0,19.0
286.0,85.0,31.0,19.0
287.0,85.0,31.0,19.0
288.0,84.0,31.0,19.0
288.0,84.0,31.0,18.0
288.0,85.0,31.0,18.0
288.0,84.0,30.0,18.0
289.0,83.0,30.0,18.0
289.0,84.0,30.0,18.0
290.0,83.0,30.0,18.0
291.0,84.0,30.0,17.0
292.0,84.0,30.0,17.0
294.0,85.0,29.0,17.0
294.0,85.0,29.0,17.0
295.0,86.0,29.0,17.0
294.0,86.0,29.0,17.0
291.0,87.0,29.0,17.0
288.0,87.0,28.0,17.0
286.0,87.0,28.0,17.0
283.0,88.0,28.0,17.0
281.0,88.0,27.0,17.0
281.0,88.0,27.0,17.0
279.0,88.0,27.0,17.0
279.0,89.0,26.0,17.0
279.0,90.0,26.0,17.0
278.0,91.0,27.0,16.0
280.0,92.0,26.0,17.0
279.0,94.0,26.0,16.0
281.0,94.0,26.0,16.0
282.0,95.0,26.0,16.0
282.0,96.0,26.0,16.0
283.0,98.0,26.0,16.0
283.0,100.0,26.0,15.0
283.0,103.0,25.0,15.0
284.0,101.0,24.0,17.0
285.0,103.0,23.0,18.0
284.0,102.0,22.0,18.0
285.0,103.0,22.0,18.0
285.0,103.0,21.0,19.0
286.0,103.0,20.0,19.0
287.0,102.0,21.0,19.0
286.0,101.0,20.0,19.0
286.0,100.0,20.0,19.0
285.0,99.0,20.0,19.0
286.0,98.0,20.0,19.0
286.0,95.0,20.0,18.0
286.0,94.0,20.0,18.0
285.0,94.0,20.0,18.0
285.0,92.0,20.0,18.0
285.0,91.0,20.0,18.0
285.0,88.0,20.0,18.0
284.0,87.0,20.0,18.0
285.0,87.0,20.0,18.0
285.0,84.0,20.0,18.0
286.0,84.0,20.0,17.0
284.0,83.0,20.0,18.0
285.0,83.0,19.0,18.0
286.0,82.0,19.0,17.0
286.0,82.0,19.0,17.0
286.0,82.0,19.0,17.0
286.0,82.0,19.0,17.0
287.0,82.0,19.0,17.0
285.0,82.0,19.0,17.0
284.0,82.0,19.0,17.0
284.0,81.0,19.0,17.0
284.0,81.0,19.0,17.0
