276.0,161.0,73.0,74.0
277.0,164.0,72.0,73.0
282.0,163.0,74.0,72.0
284.0,162.0,75.0,71.0
287.0,161.0,75.0,71.0
290.0,161.0,75.0,71.0
293.0,161.0,75.0,71.0
297.0,161.0,76.0,71.0
300.0,161.0,76.0,71.0
302.0,162.0,76.0,71.0
306.0,163.0,77.0,70.0
306.0,163.0,77.0,71.0
308.0,158.0,76.0,71.0
310.0,153.0,77.0,70.0
311.0,145.0,76.0,72.0
312.0,144.0,75.0,72.0
311.0,143.0,76.0,71.0
313.0,144.0,76.0,70.0
315.0,145.0,76.0,71.0
312.0,147.0,76.0,70.0
315.0,149.0,76.0,69.0
312.0,152.0,76.0,69.0
311.0,153.0,76.0,68.0
312.0,154.0,77.0,68.0
311.0,154.0,77.0,68.0
310.0,155.0,76.0,68.0
309.0,157.0,75.0,68.0
308.0,158.0,76.0,68.0
309.0,160.0,75.0,68.0
309.0,161.0,75.0,68.0
308.0,162.0,75.0,67.0
308.0,164.0,74.0,68.0
307.0,164.0,74.0,67.0
307.0,164.0,75.0,67.0
307.0,164.0,75.0,67.0
305.0,164.0,75.0,66.0
305.0,164.0,75.0,66.0
304.0,164.0,74.0,67.0
304.0,164.0,74.0,67.0
302.0,167.0,74.0,66.0
300.0,169.0,74.0,66.0
300.0,171.0,75.0,65.0
302.0,171.0,74.0,65.0
301.0,172.0,75.0,65.0
302.0,174.0,75.0,65.0
303.0,175.0,75.0,65.0
302.0,175.0,75.0,65.0
302.0,175.0,75.0,65.0
303.0,175.0,75.0,65.0
303.0,175.0,75.0,65.0
303.0,174.0,75.0,65.0
302.0,176.0,75.0,65.0
302.0,177.0,76.0,65.0
301.0,177.0,75.0,65.0
302.0,176.0,75.0,66.0
302.0,177.0,75.0,65.0
302.0,177.0,75.0,65.0
301.0,179.0,75.0,65.0
301.0,179.0,75.0,66.0
300.0,181.0,75.0,65.0
300.0,182.0,75.0,66.0
301.0,184.0,75.0,65.0
303.0,184.0,74.0,66.0
303.0,184.0,74.0,66.0
304.0,180.0,73.0,67.0
306.0,177.0,73.0,67.0
307.0,176.0,73.0,67.0
308.0,175.0,73.0,67.0
307.0,177.0,73.0,67.0
307.0,179.0,73.0,67.0
307.0,184.0,72.0,68.0
309.0,189.0,70.0,69.0
309.0,194.0,70.0,69.0
309.0,199.0,71.0,68.0
307.0,202.0,72.0,68.0
307.0,200.0,72.0,68.0
305.0,200.0,72.0,67.0
303.0,199.0,72.0,67.0
301.0,201.0,73.0,67.0
300.0,205.0,73.0,67.0
299.0,205.0,73.0,67.0
299.0,210.0,73.0,67.0
297.0,212.0,73.0,66.0
295.0,214.0,74.0,66.0
295.0,216.0,74.0,66.0
294.0,217.0,75.0,66.0
294.0,216.0,75.0,66.0
293.0,215.0,74.0,67.0
294.0,213.0,73.0,68.0
292.0,210.0,72.0,69.0
293.0,209.0,73.0,68.0
291.0,207.0,74.0,68.0
292.0,206.0,74.0,68.0
291.0,205.0,74.0,68.0
290.0,203.0,73.0,69.0
291.0,201.0,74.0,69.0
291.0,200.0,74.0,69.0
292.0,199.0,75.0,69.0
291.0,198.0,77.0,68.0
291.0,198.0,77.0,68.0
292.0,198.0,77.0,69.0
293.0,199.0,77.0,69.0
293.0,199.0,77.0,69.0
294.0,200.0,78.0,69.0
295.0,200.0,78.0,69.0
295.0,198.0,78.0,70.0
295.0,197.0,78.0,70.0
296.0,197.0,78.0,70.0
296.0,196.0,78.0,70.0
296.0,195.0,79.0,70.0
296.0,195.0,79.0,70.0
296.0,195.0,79.0,70.0
295.0,195.0,79.0,71.0
295.0,194.0,79.0,71.0
296.0,193.0,79.0,72.0
296.0,192.0,79.0,72.0
295.0,193.0,79.0,72.0
295.0,192.0,79.0,72.0
296.0,192.0,79.0,72.0
296.0,192.0,79.0,72.0
296.0,193.0,79.0,72.0
297.0,193.0,79.0,72.0
297.0,193.0,79.0,72.0
296.0,193.0,79.0,72.0
296.0,192.0,79.0,72.0
295.0,192.0,80.0,72.0
295.0,193.0,80.0,72.0
295.0,193.0,80.0,72.0
295.0,192.0,80.0,72.0
295.0,192.0,80.0,72.0
296.0,192.0,80.0,72.0
296.0,192.0,80.0,72.0
295.0,191.0,80.0,72.0
296.0,190.0,80.0,73.0
296.0,190.0,80.0,72.0
295.0,189.0,80.0,73.0
295.0,188.0,80.0,72.0
295.0,187.0,80.0,72.0
295.0,186.0,81.0,72.0
294.0,186.0,81.0,72.0
295.0,185.0,81.0,73.0
294.0,184.0,81.0,73.0
294.0,183.0,81.0,72.0
292.0,183.0,82.0,72.0
293.0,182.0,81.0,73.0
292.0,181.0,81.0,73.0
292.0,180.0,82.0,73.0
293.0,179.0,82.0,73.0
294.0,177.0,81.0,73.0
293.0,177.0,82.0,73.0
293.0,177.0,82.0,73.0
293.0,178.0,83.0,73.0
293.0,176.0,82.0,73.0
292.0,177.0,83.0,73.0
293.0,177.0,83.0,73.0
293.0,177.0,83.0,73.0
292.0,178.0,84.0,73.0
293.0,178.0,84.0,74.0
294.0,180.0,84.0,74.0
292.0,180.0,84.0,74.0
294.0,181.0,84.0,74.0
294.0,182.0,84.0,75.0
294.0,181.0,84.0,75.0
294.0,182.0,84.0,75.0
294.0,181.0,84.0,75.0
293.0,181.0,84.0,75.0
294.0,180.0,84.0,75.0
293.0,180.0,84.0,75.0
293.0,179.0,84.0,75.0
292.0,178.0,84.0,75.0
292.0,177.0,84.0,75.0
291.0,177.0,85.0,75.0
290.0,177.0,84.0,75.0
289.0,177.0,85.0,75.0
289.0,177.0,84.0,75.0
289.0,177.0,84.0,75.0
289.0,179.0,84.0,75.0
289.0,180.0,84.0,75.0
288.0,181.0,84.0,75.0
288.0,182.0,84.0,74.0
288.0,183.0,84.0,74.0
289.0,185.0,84.0,74.0
288.0,186.0,85.0,74.0
288.0,188.0,85.0,73.0
289.0,188.0,84.0,74.0
288.0,189.0,85.0,73.0
289.0,189.0,84.0,74.0
289.0,190.0,85.0,73.0
288.0,188.0,84.0,73.0
288.0,189.0,84.0,73.0
289.0,188.0,84.0,73.0
289.0,187.0,83.0,74.0
290.0,186.0,83.0,74.0
290.0,184.0,83.0,74.0
292.0,182.0,83.0,74.0
293.0,182.0,83.0,74.0
294.0,181.0,82.0,74.0
294.0,182.0,82.0,74.0
295.0,184.0,83.0,73.0
297.0,185.0,82.0,74.0
297.0,186.0,82.0,73.0
299.0,187.0,82.0,73.0
299.0,188.0,83.0,73.0
301.0,189.0,83.0,73.0
301.0,190.0,82.0,74.0
303.0,190.0,82.0,74.0
301.0,190.0,82.0,74.0
302.0,190.0,82.0,74.0
301.0,190.0,82.0,74.0
300.0,190.0,82.0,74.0
299.0,191.0,82.0,74.0
298.0,189.0,82.0,73.0
296.0,190.0,82.0,74.0
296.0,189.0,83.0,74.0
295.0,188.0,83.0,74.0
293.0,188.0,83.0,74.0
293.0,185.0,83.0,74.0
294.0,184.0,83.0,75.0
292.0,183.0,84.0,75.0
292.0,180.0,84.0,74.0
291.0,178.0,85.0,75.0
290.0,176.0,85.0,75.0
289.0,173.0,85.0,76.0
288.0,171.0,85.0,76.0
289.0,170.0,85.0,77.0
289.0,169.0,85.0,78.0
289.0,168.0,86.0,78.0
289.0,168.0,86.0,79.0
289.0,168.0,86.0,79.0
289.0,169.0,87.0,79.0
289.0,169.0,88.0,79.0
290.0,167.0,87.0,79.0
289.0,166.0,88.0,79.0
290.0,165.0,88.0,80.0
289.0,163.0,89.0,80.0
290.0,160.0,89.0,80.0
290.0,155.0,89.0,82.0
289.0,153.0,89.0,82.0
290.0,151.0,90.0,82.0
289.0,149.0,90.0,83.0
288.0,148.0,90.0,83.0
287.0,146.0,90.0,84.0
287.0,144.0,90.0,84.0
285.0,143.0,90.0,84.0
285.0,142.0,90.0,84.0
284.0,142.0,90.0,85.0
284.0,141.0,90.0,85.0
285.0,140.0,90.0,85.0
285.0,140.0,90.0,85.0
285.0,140.0,90.0,85.0
284.0,139.0,91.0,85.0
285.0,138.0,90.0,86.0
285.0,136.0,90.0,87.0
286.0,136.0,91.0,86.0
286.0,135.0,90.0,87.0
285.0,135.0,91.0,87.0
285.0,135.0,91.0,87.0
285.0,135.0,92.0,87.0
285.0,136.0,92.0,87.0
284.0,137.0,93.0,87.0
283.0,138.0,93.0,88.0
283.0,138.0,93.0,88.0
284.0,140.0,93.0,88.0
283.0,143.0,94.0,88.0
284.0,145.0,94.0,88.0
284.0,147.0,95.0,88.0
283.0,150.0,95.0,88.0
283.0,152.0,96.0,88.0
284.0,154.0,96.0,89.0
284.0,157.0,96.0,90.0
285.0,160.0,95.0,90.0
286.0,160.0,96.0,91.0
285.0,160.0,96.0,91.0
284.0,160.0,96.0,91.0
284.0,160.0,96.0,92.0
285.0,167.0,96.0,92.0
284.0,165.0,96.0,92.0
282.0,164.0,96.0,92.0
280.0,163.0,96.0,91.0
280.0,164.0,96.0,92.0
280.0,164.0,95.0,93.0
279.0,164.0,96.0,93.0
280.0,165.0,95.0,94.0
278.0,166.0,97.0,92.0
278.0,168.0,97.0,92.0
279.0,169.0,96.0,92.0
279.0,170.0,97.0,92.0
279.0,172.0,98.0,90.0
279.0,174.0,99.0,90.0
282.0,176.0,97.0,91.0
274.0,177.0,98.0,90.0
278.0,179.0,98.0,89.0
279.0,179.0,99.0,88.0
279.0,170.0,99.0,88.0
278.0,173.0,99.0,87.0
278.0,174.0,99.0,87.0
280.0,174.0,99.0,88.0
279.0,174.0,99.0,87.0
279.0,172.0,98.0,88.0
279.0,179.0,98.0,88.0
279.0,174.0,99.0,88.0
278.0,178.0,98.0,89.0
279.0,173.0,98.0,89.0
277.0,178.0,98.0,89.0
277.0,173.0,96.0,91.0
277.0,170.0,95.0,92.0
277.0,168.0,94.0,92.0
277.0,165.0,94.0,92.0
276.0,162.0,93.0,93.0
274.0,160.0,94.0,93.0
272.0,158.0,94.0,93.0
271.0,155.0,93.0,94.0
269.0,151.0,92.0,95.0
267.0,148.0,93.0,94.0
271.0,147.0,93.0,94.0
267.0,145.0,94.0,94.0
265.0,140.0,93.0,96.0
263.0,136.0,93.0,97.0
263.0,134.0,93.0,96.0
263.0,132.0,93.0,97.0
263.0,130.0,94.0,97.0
263.0,127.0,94.0,97.0
264.0,126.0,94.0,97.0
264.0,126.0,94.0,97.0
264.0,125.0,94.0,97.0
266.0,124.0,94.0,97.0
267.0,123.0,96.0,96.0
269.0,122.0,96.0,96.0
265.0,120.0,95.0,96.0
269.0,121.0,95.0,96.0
266.0,120.0,94.0,96.0
270.0,122.0,95.0,95.0
270.0,127.0,95.0,95.0
270.0,125.0,96.0,94.0
270.0,126.0,97.0,93.0
271.0,127.0,96.0,93.0
271.0,129.0,96.0,93.0
271.0,131.0,96.0,92.0
273.0,132.0,95.0,93.0
272.0,134.0,95.0,93.0
272.0,136.0,95.0,92.0
274.0,138.0,95.0,93.0
273.0,139.0,95.0,92.0
273.0,139.0,96.0,92.0
274.0,138.0,95.0,93.0
275.0,137.0,95.0,94.0
275.0,139.0,95.0,94.0
274.0,141.0,95.0,94.0
272.0,138.0,95.0,93.0
272.0,140.0,94.0,94.0
272.0,141.0,93.0,94.0
274.0,146.0,94.0,95.0
276.0,144.0,93.0,95.0
275.0,143.0,93.0,96.0
274.0,142.0,93.0,96.0
274.0,142.0,92.0,96.0
275.0,142.0,92.0,97.0
275.0,142.0,92.0,96.0
275.0,142.0,92.0,96.0
275.0,143.0,93.0,94.0
276.0,142.0,93.0,95.0
276.0,142.0,94.0,94.0
276.0,143.0,93.0,94.0
276.0,143.0,93.0,94.0
276.0,144.0,93.0,94.0
276.0,145.0,93.0,94.0
276.0,145.0,93.0,93.0
276.0,147.0,93.0,93.0
276.0,148.0,93.0,93.0
275.0,150.0,93.0,93.0
276.0,151.0,92.0,93.0
277.0,152.0,91.0,93.0
278.0,154.0,91.0,93.0
278.0,156.0,92.0,92.0
278.0,159.0,92.0,92.0
277.0,162.0,91.0,92.0
277.0,164.0,91.0,92.0
279.0,166.0,91.0,92.0
279.0,169.0,91.0,91.0
279.0,172.0,91.0,91.0
278.0,175.0,91.0,91.0
277.0,177.0,91.0,90.0
278.0,179.0,91.0,90.0
278.0,180.0,91.0,89.0
277.0,182.0,90.0,90.0
277.0,183.0,91.0,89.0
277.0,184.0,92.0,88.0
278.0,184.0,91.0,89.0
278.0,184.0,90.0,90.0
278.0,183.0,90.0,89.0
279.0,183.0,90.0,89.0
278.0,182.0,89.0,89.0
278.0,183.0,89.0,89.0
277.0,183.0,89.0,89.0
277.0,183.0,89.0,89.0
279.0,184.0,89.0,89.0
280.0,184.0,88.0,89.0
280.0,185.0,88.0,89.0
281.0,185.0,88.0,88.0
281.0,187.0,88.0,88.0
281.0,187.0,88.0,87.0
282.0,188.0,88.0,87.0
282.0,186.0,87.0,87.0
281.0,185.0,86.0,88.0
274.0,181.0,87.0,88.0
273.0,183.0,87.0,88.0
271.0,184.0,88.0,87.0
271.0,184.0,88.0,87.0
270.0,184.0,89.0,86.0
269.0,183.0,90.0,86.0
267.0,184.0,90.0,86.0
266.0,183.0,91.0,86.0
264.0,182.0,92.0,85.0
264.0,181.0,92.0,86.0
263.0,180.0,93.0,85.0
263.0,177.0,93.0,85.0
264.0,174.0,93.0,85.0
265.0,171.0,92.0,86.0
266.0,168.0,92.0,85.0
267.0,165.0,91.0,86.0
262.0,160.0,90.0,87.0
265.0,156.0,89.0,88.0
267.0,153.0,87.0,88.0
262.0,148.0,87.0,88.0
265.0,145.0,87.0,89.0
265.0,142.0,87.0,88.0
264.0,139.0,87.0,88.0
264.0,136.0,88.0,87.0
263.0,135.0,89.0,86.0
262.0,132.0,90.0,86.0
262.0,129.0,89.0,86.0
261.0,126.0,90.0,86.0
260.0,124.0,90.0,86.0
259.0,123.0,91.0,85.0
259.0,123.0,91.0,85.0
259.0,126.0,91.0,84.0
259.0,127.0,91.0,84.0
259.0,129.0,91.0,84.0
260.0,131.0,91.0,84.0
261.0,133.0,90.0,85.0
262.0,137.0,90.0,84.0
264.0,141.0,90.0,84.0
266.0,146.0,90.0,84.0
266.0,146.0,90.0,84.0
267.0,148.0,89.0,85.0
268.0,151.0,89.0,85.0
268.0,153.0,89.0,85.0
269.0,154.0,89.0,85.0
270.0,157.0,89.0,85.0
272.0,160.0,89.0,85.0
273.0,163.0,88.0,85.0
274.0,167.0,88.0,85.0
274.0,171.0,88.0,85.0
276.0,174.0,88.0,84.0
279.0,179.0,88.0,84.0
280.0,182.0,88.0,85.0
281.0,185.0,87.0,84.0
282.0,188.0,87.0,84.0
282.0,190.0,87.0,83.0
282.0,191.0,88.0,83.0
283.0,192.0,88.0,82.0
283.0,194.0,88.0,81.0
282.0,194.0,88.0,80.0
282.0,194.0,88.0,80.0
282.0,193.0,87.0,80.0
284.0,193.0,87.0,80.0
284.0,193.0,87.0,80.0
285.0,194.0,87.0,80.0
286.0,194.0,87.0,79.0
288.0,194.0,87.0,80.0
289.0,195.0,87.0,79.0
290.0,196.0,88.0,79.0
289.0,195.0,87.0,79.0
291.0,196.0,88.0,79.0
291.0,195.0,87.0,80.0
291.0,194.0,88.0,80.0
290.0,193.0,87.0,81.0
290.0,192.0,87.0,81.0
291.0,193.0,87.0,82.0
292.0,193.0,87.0,82.0
292.0,193.0,88.0,82.0
293.0,193.0,87.0,82.0
292.0,193.0,87.0,83.0
292.0,194.0,86.0,83.0
293.0,194.0,86.0,83.0
294.0,195.0,86.0,83.0
294.0,194.0,85.0,84.0
294.0,194.0,85.0,84.0
294.0,193.0,85.0,85.0
295.0,193.0,85.0,85.0
295.0,191.0,84.0,86.0
295.0,189.0,84.0,86.0
294.0,188.0,85.0,86.0
295.0,187.0,85.0,86.0
295.0,187.0,85.0,87.0
295.0,187.0,85.0,87.0
295.0,187.0,85.0,88.0
293.0,187.0,85.0,87.0
292.0,186.0,86.0,87.0
290.0,185.0,86.0,87.0
295.0,183.0,86.0,87.0
293.0,182.0,86.0,88.0
291.0,180.0,86.0,89.0
290.0,178.0,86.0,89.0
290.0,177.0,87.0,89.0
289.0,177.0,88.0,88.0
289.0,176.0,88.0,89.0
290.0,176.0,89.0,89.0
290.0,177.0,90.0,88.0
290.0,177.0,91.0,88.0
290.0,179.0,91.0,88.0
291.0,178.0,92.0,87.0
292.0,179.0,91.0,88.0
292.0,179.0,92.0,88.0
293.0,180.0,92.0,88.0
293.0,181.0,92.0,88.0
292.0,182.0,92.0,88.0
292.0,182.0,92.0,87.0
289.0,181.0,93.0,87.0
289.0,181.0,93.0,87.0
289.0,181.0,93.0,87.0
288.0,181.0,92.0,87.0
287.0,181.0,93.0,86.0
284.0,178.0,93.0,86.0
284.0,179.0,93.0,86.0
282.0,176.0,93.0,86.0
281.0,175.0,93.0,86.0
280.0,174.0,94.0,86.0
281.0,173.0,94.0,85.0
280.0,170.0,94.0,85.0
280.0,168.0,94.0,85.0
279.0,167.0,94.0,85.0
279.0,164.0,94.0,85.0
278.0,162.0,94.0,85.0
279.0,160.0,94.0,85.0
278.0,160.0,95.0,85.0
279.0,160.0,94.0,85.0
279.0,159.0,95.0,85.0
280.0,158.0,95.0,85.0
280.0,157.0,94.0,85.0
280.0,156.0,94.0,85.0
281.0,156.0,94.0,85.0
282.0,156.0,94.0,85.0
283.0,156.0,93.0,85.0
284.0,155.0,93.0,85.0
284.0,155.0,93.0,85.0
284.0,154.0,94.0,85.0
283.0,152.0,94.0,84.0
284.0,152.0,94.0,85.0
284.0,150.0,94.0,85.0
283.0,151.0,95.0,85.0
283.0,152.0,95.0,84.0
283.0,152.0,94.0,85.0
283.0,155.0,95.0,85.0
285.0,157.0,95.0,85.0
284.0,159.0,95.0,85.0
283.0,158.0,94.0,85.0
283.0,160.0,95.0,85.0
284.0,160.0,94.0,85.0
283.0,160.0,94.0,85.0
282.0,160.0,94.0,85.0
281.0,160.0,95.0,84.0
282.0,160.0,95.0,85.0
281.0,161.0,95.0,85.0
282.0,160.0,95.0,84.0
282.0,160.0,95.0,84.0
282.0,161.0,95.0,84.0
282.0,160.0,95.0,84.0
283.0,160.0,95.0,85.0
284.0,159.0,95.0,85.0
284.0,159.0,95.0,85.0
284.0,160.0,95.0,85.0
284.0,159.0,95.0,85.0
285.0,159.0,96.0,85.0
285.0,158.0,95.0,85.0
286.0,157.0,95.0,86.0
288.0,157.0,96.0,86.0
289.0,157.0,96.0,87.0
290.0,155.0,95.0,87.0
292.0,154.0,95.0,88.0
294.0,154.0,95.0,89.0
297.0,152.0,95.0,89.0
299.0,153.0,95.0,90.0
299.0,152.0,95.0,90.0
299.0,151.0,95.0,90.0
302.0,151.0,94.0,91.0
303.0,151.0,95.0,91.0
304.0,150.0,95.0,90.0
304.0,150.0,95.0,91.0
305.0,150.0,95.0,91.0
305.0,149.0,96.0,91.0
305.0,148.0,97.0,91.0
306.0,147.0,96.0,92.0
306.0,145.0,96.0,93.0
306.0,145.0,96.0,93.0
304.0,145.0,97.0,92.0
304.0,146.0,98.0,93.0
303.0,146.0,99.0,92.0
303.0,147.0,99.0,92.0
302.0,147.0,99.0,93.0
303.0,146.0,99.0,93.0
299.0,145.0,99.0,93.0
301.0,146.0,99.0,94.0
297.0,146.0,99.0,93.0
298.0,146.0,98.0,94.0
296.0,146.0,98.0,94.0
296.0,146.0,97.0,95.0
295.0,146.0,97.0,95.0
293.0,146.0,97.0,94.0
293.0,146.0,97.0,94.0
291.0,145.0,96.0,94.0
290.0,146.0,96.0,94.0
289.0,145.0,94.0,94.0
286.0,144.0,94.0,94.0
285.0,145.0,94.0,93.0
284.0,144.0,94.0,93.0
283.0,145.0,94.0,93.0
281.0,146.0,94.0,93.0
279.0,148.0,95.0,93.0
276.0,149.0,95.0,92.0
275.0,149.0,95.0,93.0
273.0,150.0,94.0,93.0
272.0,151.0,95.0,92.0
270.0,153.0,95.0,92.0
268.0,155.0,96.0,91.0
267.0,155.0,96.0,91.0
265.0,157.0,97.0,91.0
265.0,158.0,96.0,91.0
263.0,160.0,96.0,91.0
262.0,161.0,96.0,92.0
261.0,162.0,95.0,92.0
261.0,162.0,94.0,92.0
260.0,164.0,95.0,92.0
260.0,164.0,95.0,91.0
261.0,162.0,95.0,91.0
258.0,165.0,96.0,89.0
260.0,164.0,96.0,88.0
259.0,165.0,96.0,88.0
260.0,164.0,96.0,87.0
260.0,165.0,96.0,87.0
260.0,166.0,96.0,87.0
260.0,166.0,96.0,86.0
262.0,168.0,95.0,86.0
261.0,168.0,95.0,86.0
262.0,169.0,95.0,86.0
263.0,168.0,96.0,85.0
264.0,168.0,95.0,85.0
265.0,169.0,95.0,85.0
266.0,168.0,95.0,85.0
269.0,166.0,95.0,85.0
271.0,165.0,95.0,85.0
275.0,165.0,95.0,86.0
279.0,166.0,95.0,86.0
283.0,166.0,95.0,87.0
286.0,168.0,96.0,86.0
290.0,168.0,96.0,87.0
292.0,171.0,96.0,87.0
296.0,171.0,96.0,88.0
300.0,173.0,95.0,89.0
303.0,174.0,94.0,90.0
304.0,173.0,93.0,92.0
306.0,173.0,93.0,92.0
308.0,172.0,93.0,93.0
310.0,172.0,93.0,94.0
310.0,172.0,93.0,94.0
312.0,170.0,92.0,95.0
312.0,169.0,93.0,96.0
312.0,167.0,93.0,96.0
311.0,165.0,94.0,96.0
311.0,163.0,94.0,96.0
309.0,162.0,96.0,95.0
309.0,160.0,95.0,96.0
308.0,158.0,95.0,97.0
309.0,157.0,95.0,97.0
308.0,155.0,95.0,97.0
308.0,156.0,96.0,97.0
308.0,156.0,97.0,96.0
309.0,157.0,97.0,97.0
307.0,157.0,97.0,97.0
305.0,157.0,97.0,98.0
304.0,153.0,96.0,98.0
300.0,153.0,96.0,99.0
298.0,150.0,97.0,98.0
296.0,146.0,99.0,97.0
293.0,144.0,100.0,96.0
290.0,143.0,101.0,95.0
289.0,138.0,103.0,95.0
289.0,134.0,103.0,96.0
290.0,132.0,103.0,96.0
290.0,130.0,103.0,97.0
291.0,129.0,103.0,97.0
291.0,128.0,104.0,97.0
290.0,128.0,105.0,97.0
291.0,128.0,105.0,97.0
291.0,126.0,105.0,98.0
292.0,126.0,105.0,97.0
292.0,125.0,106.0,98.0
291.0,124.0,106.0,99.0
291.0,124.0,106.0,99.0
291.0,123.0,106.0,99.0
291.0,123.0,107.0,99.0
290.0,124.0,107.0,99.0
290.0,124.0,107.0,100.0
290.0,124.0,107.0,100.0
288.0,124.0,107.0,100.0
287.0,124.0,108.0,100.0
286.0,125.0,107.0,100.0
285.0,125.0,108.0,100.0
286.0,126.0,107.0,100.0
288.0,128.0,105.0,102.0
289.0,129.0,106.0,101.0
292.0,130.0,105.0,102.0
292.0,132.0,105.0,102.0
295.0,133.0,104.0,102.0
295.0,137.0,104.0,103.0
294.0,138.0,104.0,102.0
293.0,139.0,105.0,102.0
293.0,139.0,104.0,102.0
291.0,138.0,104.0,102.0
290.0,137.0,105.0,101.0
291.0,137.0,103.0,102.0
291.0,138.0,103.0,102.0
290.0,139.0,103.0,102.0
291.0,139.0,103.0,101.0
290.0,141.0,103.0,100.0
291.0,141.0,103.0,100.0
292.0,143.0,104.0,99.0
292.0,144.0,104.0,98.0
293.0,146.0,104.0,98.0
294.0,146.0,103.0,98.0
294.0,146.0,102.0,99.0
294.0,147.0,101.0,99.0
293.0,147.0,101.0,99.0
294.0,147.0,100.0,99.0
293.0,149.0,99.0,99.0
291.0,149.0,100.0,98.0
291.0,150.0,99.0,98.0
290.0,150.0,99.0,98.0
290.0,149.0,98.0,99.0
288.0,149.0,99.0,98.0
288.0,148.0,100.0,97.0
286.0,148.0,100.0,97.0
286.0,146.0,100.0,96.0
283.0,145.0,101.0,95.0
282.0,145.0,102.0,94.0
281.0,142.0,102.0,94.0
282.0,144.0,101.0,94.0
279.0,139.0,101.0,95.0
278.0,138.0,99.0,96.0
279.0,137.0,98.0,97.0
279.0,137.0,97.0,97.0
279.0,136.0,96.0,97.0
279.0,135.0,96.0,97.0
279.0,134.0,95.0,98.0
277.0,133.0,95.0,98.0
278.0,132.0,96.0,97.0
277.0,131.0,95.0,98.0
277.0,130.0,95.0,98.0
277.0,130.0,95.0,98.0
277.0,129.0,95.0,98.0
276.0,129.0,96.0,97.0
276.0,129.0,95.0,98.0
277.0,128.0,94.0,98.0
277.0,127.0,93.0,99.0
277.0,128.0,93.0,99.0
276.0,130.0,94.0,99.0
276.0,132.0,94.0,98.0
275.0,134.0,94.0,99.0
276.0,135.0,94.0,98.0
276.0,136.0,95.0,98.0
276.0,137.0,97.0,97.0
275.0,139.0,97.0,96.0
274.0,139.0,97.0,96.0
273.0,139.0,97.0,96.0
272.0,141.0,97.0,95.0
270.0,142.0,97.0,95.0
269.0,144.0,97.0,95.0
269.0,145.0,97.0,96.0
267.0,146.0,97.0,95.0
266.0,146.0,97.0,95.0
266.0,146.0,97.0,96.0
265.0,148.0,98.0,95.0
264.0,150.0,98.0,94.0
262.0,152.0,100.0,93.0
262.0,154.0,100.0,93.0
258.0,157.0,102.0,91.0
263.0,158.0,102.0,92.0
260.0,161.0,101.0,92.0
261.0,161.0,100.0,93.0
262.0,162.0,101.0,93.0
263.0,162.0,100.0,94.0
263.0,163.0,101.0,93.0
265.0,164.0,101.0,93.0
266.0,163.0,101.0,93.0
267.0,163.0,101.0,94.0
267.0,162.0,102.0,93.0
267.0,160.0,102.0,93.0
267.0,158.0,102.0,94.0
268.0,157.0,103.0,93.0
268.0,155.0,102.0,93.0
269.0,154.0,102.0,93.0
270.0,152.0,103.0,93.0
268.0,151.0,103.0,93.0
269.0,152.0,103.0,93.0
270.0,150.0,104.0,93.0
269.0,150.0,104.0,93.0
270.0,148.0,103.0,94.0
269.0,145.0,104.0,94.0
269.0,143.0,104.0,94.0
267.0,140.0,106.0,93.0
269.0,138.0,105.0,94.0
269.0,135.0,105.0,95.0
269.0,133.0,104.0,96.0
269.0,133.0,104.0,97.0
269.0,132.0,104.0,98.0
269.0,131.0,104.0,98.0
268.0,130.0,103.0,99.0
268.0,130.0,102.0,100.0
269.0,129.0,103.0,101.0
269.0,128.0,103.0,101.0
269.0,128.0,103.0,102.0
269.0,127.0,102.0,102.0
272.0,127.0,101.0,103.0
273.0,121.0,101.0,103.0
274.0,123.0,101.0,104.0
273.0,123.0,101.0,104.0
273.0,123.0,100.0,105.0
274.0,122.0,100.0,107.0
272.0,122.0,101.0,106.0
272.0,122.0,102.0,105.0
271.0,122.0,102.0,105.0
271.0,121.0,102.0,105.0
271.0,120.0,101.0,106.0
271.0,123.0,103.0,104.0
272.0,125.0,102.0,105.0
272.0,125.0,102.0,105.0
273.0,126.0,102.0,105.0
275.0,126.0,102.0,105.0
274.0,125.0,102.0,106.0
275.0,125.0,103.0,105.0
275.0,125.0,102.0,105.0
275.0,124.0,102.0,106.0
275.0,125.0,102.0,105.0
276.0,125.0,102.0,105.0
275.0,125.0,103.0,105.0
276.0,125.0,103.0,105.0
276.0,125.0,104.0,104.0
275.0,124.0,104.0,103.0
275.0,123.0,105.0,103.0
275.0,122.0,106.0,102.0
276.0,120.0,106.0,102.0
274.0,117.0,106.0,102.0
273.0,115.0,105.0,102.0
272.0,113.0,106.0,102.0
273.0,111.0,107.0,101.0
272.0,108.0,108.0,101.0
270.0,107.0,108.0,100.0
274.0,106.0,108.0,100.0
272.0,105.0,108.0,100.0
273.0,105.0,108.0,100.0
273.0,106.0,109.0,99.0
275.0,106.0,109.0,99.0
272.0,111.0,110.0,98.0
276.0,108.0,109.0,98.0
274.0,109.0,110.0,97.0
276.0,108.0,109.0,97.0
270.0,111.0,111.0,96.0
274.0,110.0,110.0,96.0
269.0,112.0,110.0,96.0
274.0,111.0,108.0,98.0
269.0,113.0,108.0,97.0
274.0,113.0,108.0,97.0
270.0,115.0,108.0,97.0
272.0,115.0,107.0,97.0
273.0,117.0,106.0,97.0
274.0,119.0,106.0,97.0
275.0,122.0,105.0,97.0
273.0,123.0,105.0,97.0
278.0,128.0,104.0,97.0
274.0,130.0,104.0,96.0
280.0,134.0,103.0,96.0
278.0,136.0,102.0,97.0
278.0,137.0,101.0,96.0
278.0,139.0,100.0,96.0
277.0,139.0,99.0,96.0
279.0,141.0,98.0,97.0
278.0,144.0,98.0,95.0
277.0,145.0,97.0,95.0
277.0,145.0,97.0,94.0
276.0,145.0,96.0,94.0
275.0,147.0,95.0,94.0
275.0,148.0,95.0,94.0
273.0,149.0,94.0,95.0
272.0,148.0,93.0,95.0
272.0,148.0,94.0,95.0
272.0,148.0,94.0,95.0
272.0,149.0,94.0,95.0
272.0,148.0,93.0,96.0
271.0,148.0,93.0,95.0
271.0,147.0,93.0,95.0
272.0,146.0,92.0,96.0
273.0,146.0,93.0,95.0
274.0,146.0,93.0,94.0
274.0,148.0,93.0,93.0
273.0,149.0,93.0,92.0
275.0,150.0,92.0,92.0
274.0,152.0,93.0,91.0
273.0,154.0,93.0,91.0
274.0,156.0,92.0,91.0
274.0,159.0,92.0,90.0
273.0,162.0,91.0,90.0
273.0,165.0,92.0,89.0
273.0,167.0,92.0,88.0
274.0,168.0,91.0,87.0
274.0,170.0,92.0,86.0
273.0,172.0,91.0,86.0
272.0,174.0,91.0,85.0
274.0,175.0,90.0,86.0
273.0,177.0,89.0,85.0
273.0,179.0,90.0,84.0
273.0,181.0,90.0,84.0
273.0,181.0,89.0,83.0
274.0,181.0,89.0,83.0
275.0,181.0,89.0,83.0
275.0,181.0,89.0,83.0
276.0,182.0,89.0,82.0
277.0,182.0,89.0,81.0
279.0,182.0,89.0,81.0
281.0,183.0,88.0,81.0
280.0,183.0,88.0,82.0
282.0,183.0,88.0,81.0
284.0,184.0,89.0,81.0
283.0,185.0,89.0,80.0
283.0,185.0,89.0,80.0
285.0,185.0,88.0,81.0
286.0,186.0,88.0,81.0
287.0,187.0,88.0,81.0
290.0,187.0,87.0,81.0
291.0,190.0,86.0,81.0
290.0,191.0,86.0,82.0
291.0,191.0,85.0,82.0
291.0,193.0,86.0,81.0
292.0,193.0,86.0,81.0
293.0,193.0,86.0,81.0
294.0,192.0,86.0,81.0
296.0,192.0,86.0,81.0
297.0,192.0,85.0,82.0
299.0,190.0,84.0,83.0
300.0,188.0,84.0,84.0
300.0,186.0,84.0,83.0
301.0,185.0,84.0,84.0
300.0,182.0,83.0,85.0
300.0,179.0,82.0,86.0
300.0,176.0,82.0,86.0
299.0,172.0,82.0,87.0
298.0,169.0,82.0,87.0
298.0,168.0,83.0,86.0
297.0,164.0,82.0,87.0
297.0,163.0,82.0,87.0
297.0,161.0,83.0,86.0
297.0,160.0,83.0,86.0
297.0,158.0,83.0,86.0
296.0,157.0,83.0,86.0
296.0,156.0,84.0,85.0
295.0,155.0,84.0,85.0
295.0,154.0,84.0,85.0
295.0,153.0,84.0,85.0
295.0,152.0,83.0,85.0
295.0,151.0,83.0,86.0
295.0,151.0,83.0,86.0
294.0,150.0,83.0,86.0
294.0,150.0,83.0,86.0
293.0,148.0,82.0,86.0
292.0,147.0,82.0,86.0
292.0,147.0,82.0,86.0
291.0,146.0,83.0,86.0
291.0,147.0,82.0,86.0
291.0,147.0,83.0,86.0
292.0,147.0,83.0,86.0
291.0,147.0,83.0,86.0
290.0,148.0,83.0,86.0
289.0,148.0,84.0,85.0
289.0,148.0,84.0,85.0
288.0,149.0,84.0,85.0
286.0,149.0,85.0,85.0
285.0,148.0,85.0,85.0
285.0,147.0,85.0,85.0
283.0,147.0,86.0,85.0
282.0,147.0,86.0,84.0
280.0,147.0,87.0,84.0
280.0,147.0,88.0,83.0
277.0,154.0,88.0,83.0
276.0,151.0,89.0,83.0
272.0,150.0,89.0,83.0
273.0,150.0,90.0,82.0
269.0,151.0,90.0,82.0
270.0,151.0,91.0,81.0
269.0,152.0,92.0,80.0
268.0,152.0,93.0,80.0
269.0,151.0,92.0,81.0
269.0,149.0,92.0,81.0
269.0,148.0,92.0,81.0
269.0,139.0,92.0,81.0
270.0,139.0,91.0,82.0
271.0,139.0,91.0,82.0
273.0,137.0,90.0,83.0
274.0,133.0,90.0,84.0
273.0,133.0,90.0,83.0
275.0,127.0,90.0,84.0
274.0,128.0,89.0,84.0
275.0,126.0,89.0,85.0
275.0,125.0,89.0,85.0
276.0,124.0,88.0,86.0
276.0,122.0,87.0,87.0
277.0,120.0,87.0,88.0
277.0,119.0,86.0,88.0
277.0,118.0,86.0,89.0
278.0,117.0,86.0,90.0
278.0,117.0,85.0,91.0
272.0,116.0,85.0,92.0
274.0,114.0,84.0,93.0
275.0,114.0,85.0,93.0
275.0,114.0,85.0,93.0
275.0,114.0,85.0,94.0
276.0,113.0,85.0,95.0
276.0,111.0,85.0,96.0
276.0,110.0,85.0,96.0
276.0,109.0,85.0,97.0
276.0,110.0,86.0,96.0
276.0,109.0,87.0,96.0
276.0,109.0,87.0,96.0
275.0,110.0,87.0,97.0
275.0,110.0,88.0,97.0
276.0,110.0,88.0,97.0
277.0,111.0,88.0,98.0
277.0,112.0,89.0,97.0
278.0,113.0,89.0,98.0
272.0,111.0,89.0,98.0
274.0,111.0,90.0,97.0
275.0,113.0,91.0,97.0
275.0,115.0,92.0,96.0
275.0,116.0,93.0,96.0
274.0,117.0,94.0,95.0
273.0,118.0,95.0,95.0
272.0,118.0,95.0,94.0
273.0,119.0,95.0,95.0
271.0,119.0,95.0,95.0
270.0,119.0,95.0,96.0
270.0,120.0,95.0,96.0
269.0,121.0,94.0,97.0
269.0,122.0,94.0,97.0
268.0,124.0,96.0,96.0
267.0,125.0,97.0,95.0
266.0,128.0,98.0,95.0
265.0,129.0,97.0,95.0
265.0,131.0,98.0,94.0
264.0,132.0,98.0,95.0
264.0,133.0,98.0,95.0
263.0,135.0,99.0,94.0
262.0,125.0,99.0,94.0
261.0,128.0,100.0,95.0
259.0,130.0,100.0,95.0
259.0,131.0,101.0,95.0
259.0,131.0,101.0,96.0
259.0,131.0,101.0,97.0
259.0,130.0,101.0,98.0
258.0,130.0,101.0,98.0
258.0,130.0,101.0,99.0
257.0,130.0,101.0,100.0
258.0,129.0,101.0,101.0
258.0,129.0,101.0,102.0
257.0,128.0,101.0,103.0
258.0,126.0,101.0,104.0
259.0,125.0,100.0,105.0
260.0,124.0,100.0,105.0
263.0,125.0,100.0,106.0
264.0,127.0,100.0,106.0
265.0,122.0,99.0,106.0
267.0,125.0,100.0,105.0
270.0,127.0,99.0,106.0
273.0,127.0,100.0,106.0
284.0,121.0,102.0,103.0
283.0,126.0,104.0,101.0
281.0,129.0,107.0,98.0
282.0,131.0,108.0,98.0
282.0,133.0,108.0,98.0
285.0,134.0,107.0,99.0
286.0,135.0,106.0,100.0
287.0,136.0,105.0,101.0
290.0,138.0,103.0,103.0
291.0,141.0,103.0,103.0
292.0,144.0,103.0,103.0
293.0,146.0,101.0,104.0
295.0,146.0,100.0,103.0
293.0,147.0,101.0,101.0
294.0,148.0,101.0,101.0
294.0,148.0,101.0,100.0
295.0,148.0,101.0,99.0
293.0,149.0,102.0,98.0
294.0,150.0,102.0,97.0
294.0,152.0,103.0,96.0
295.0,152.0,102.0,96.0
296.0,154.0,100.0,97.0
297.0,155.0,99.0,97.0
298.0,157.0,98.0,97.0
299.0,158.0,98.0,97.0
298.0,158.0,97.0,97.0
298.0,160.0,96.0,97.0
299.0,161.0,96.0,97.0
300.0,162.0,96.0,97.0
301.0,163.0,96.0,96.0
301.0,164.0,96.0,95.0
303.0,164.0,95.0,95.0
302.0,166.0,95.0,95.0
303.0,166.0,95.0,95.0
304.0,166.0,95.0,95.0
304.0,167.0,95.0,94.0
304.0,167.0,94.0,94.0
304.0,168.0,95.0,94.0
304.0,168.0,95.0,94.0
304.0,169.0,94.0,94.0
303.0,170.0,94.0,94.0
302.0,171.0,95.0,93.0
302.0,169.0,94.0,94.0
301.0,168.0,94.0,93.0
302.0,168.0,94.0,94.0
303.0,166.0,93.0,95.0
303.0,167.0,93.0,95.0
304.0,166.0,92.0,96.0
305.0,166.0,92.0,97.0
305.0,164.0,92.0,97.0
305.0,163.0,92.0,96.0
304.0,162.0,93.0,96.0
304.0,158.0,92.0,97.0
304.0,156.0,92.0,97.0
303.0,154.0,92.0,98.0
304.0,152.0,91.0,98.0
303.0,150.0,92.0,98.0
302.0,147.0,92.0,97.0
303.0,144.0,92.0,97.0
303.0,141.0,91.0,98.0
304.0,139.0,91.0,99.0
306.0,136.0,90.0,99.0
304.0,135.0,90.0,99.0
305.0,131.0,89.0,100.0
305.0,129.0,89.0,100.0
306.0,128.0,89.0,101.0
304.0,129.0,89.0,100.0
303.0,128.0,90.0,100.0
304.0,125.0,89.0,100.0
302.0,125.0,90.0,99.0
301.0,124.0,89.0,100.0
301.0,122.0,89.0,100.0
300.0,120.0,89.0,100.0
300.0,116.0,89.0,100.0
300.0,112.0,88.0,101.0
301.0,110.0,88.0,100.0
299.0,106.0,88.0,100.0
300.0,103.0,88.0,100.0
300.0,102.0,88.0,100.0
299.0,101.0,88.0,99.0
301.0,101.0,88.0,99.0
301.0,101.0,88.0,98.0
302.0,101.0,88.0,98.0
303.0,100.0,88.0,98.0
304.0,101.0,88.0,97.0
304.0,100.0,87.0,97.0
305.0,99.0,87.0,97.0
305.0,99.0,87.0,96.0
306.0,98.0,87.0,96.0
306.0,99.0,87.0,95.0
308.0,97.0,86.0,95.0
310.0,95.0,85.0,95.0
312.0,93.0,84.0,96.0
315.0,93.0,83.0,97.0
316.0,93.0,83.0,96.0
316.0,92.0,83.0,95.0
318.0,93.0,82.0,94.0
319.0,93.0,82.0,94.0
320.0,94.0,81.0,94.0
321.0,93.0,80.0,93.0
312.0,92.0,81.0,93.0
313.0,92.0,81.0,92.0
315.0,91.0,80.0,92.0
317.0,91.0,80.0,93.0
319.0,90.0,79.0,93.0
321.0,91.0,78.0,93.0
321.0,94.0,79.0,92.0
322.0,95.0,79.0,91.0
323.0,95.0,79.0,91.0
324.0,96.0,78.0,91.0
313.0,91.0,78.0,90.0
315.0,92.0,77.0,91.0
314.0,88.0,77.0,91.0
315.0,88.0,77.0,91.0
317.0,89.0,77.0,91.0
316.0,83.0,76.0,92.0
317.0,85.0,76.0,92.0
316.0,88.0,77.0,91.0
318.0,89.0,77.0,91.0
318.0,89.0,77.0,91.0
318.0,88.0,76.0,91.0
318.0,89.0,76.0,91.0
319.0,88.0,76.0,91.0
319.0,88.0,76.0,91.0
319.0,88.0,76.0,91.0
318.0,88.0,76.0,90.0
318.0,87.0,77.0,89.0
318.0,86.0,78.0,88.0
320.0,84.0,78.0,88.0
321.0,82.0,77.0,88.0
321.0,80.0,77.0,88.0
322.0,80.0,78.0,87.0
324.0,80.0,78.0,86.0
325.0,80.0,78.0,86.0
326.0,78.0,77.0,87.0
326.0,78.0,77.0,86.0
328.0,77.0,77.0,87.0
328.0,76.0,76.0,87.0
316.0,72.0,77.0,86.0
317.0,73.0,77.0,87.0
317.0,74.0,77.0,87.0
313.0,70.0,78.0,86.0
312.0,73.0,78.0,86.0
311.0,75.0,78.0,86.0
312.0,76.0,78.0,87.0
313.0,78.0,78.0,87.0
324.0,80.0,78.0,87.0
324.0,81.0,77.0,87.0
326.0,80.0,77.0,87.0
327.0,81.0,78.0,86.0
328.0,80.0,77.0,87.0
329.0,81.0,78.0,86.0
330.0,81.0,78.0,85.0
331.0,81.0,78.0,85.0
331.0,81.0,79.0,84.0
330.0,81.0,79.0,82.0
330.0,81.0,79.0,83.0
329.0,80.0,79.0,82.0
329.0,80.0,79.0,82.0
329.0,80.0,80.0,81.0
328.0,79.0,80.0,81.0
327.0,80.0,81.0,81.0
326.0,80.0,81.0,81.0
325.0,80.0,81.0,81.0
323.0,80.0,82.0,81.0
322.0,80.0,82.0,81.0
320.0,79.0,83.0,80.0
318.0,78.0,84.0,80.0
316.0,77.0,84.0,80.0
314.0,77.0,84.0,81.0
313.0,78.0,84.0,81.0
312.0,79.0,84.0,82.0
311.0,80.0,84.0,83.0
309.0,80.0,84.0,84.0
308.0,81.0,84.0,84.0
307.0,81.0,83.0,85.0
307.0,83.0,83.0,86.0
305.0,83.0,83.0,86.0
305.0,84.0,82.0,86.0
305.0,84.0,81.0,87.0
304.0,84.0,81.0,87.0
304.0,86.0,80.0,87.0
304.0,87.0,80.0,88.0
304.0,87.0,80.0,87.0
304.0,88.0,80.0,87.0
304.0,89.0,80.0,87.0
305.0,90.0,80.0,87.0
305.0,91.0,79.0,87.0
305.0,91.0,79.0,87.0
305.0,92.0,80.0,87.0
304.0,92.0,79.0,87.0
304.0,93.0,79.0,88.0
304.0,93.0,78.0,88.0
305.0,94.0,79.0,87.0
306.0,96.0,79.0,87.0
306.0,97.0,79.0,87.0
306.0,97.0,79.0,87.0
306.0,98.0,79.0,88.0
305.0,98.0,79.0,87.0
304.0,98.0,79.0,88.0
303.0,98.0,79.0,88.0
301.0,99.0,79.0,88.0
300.0,99.0,78.0,89.0
298.0,101.0,78.0,89.0
296.0,104.0,79.0,88.0
294.0,108.0,79.0,88.0
294.0,109.0,78.0,90.0
294.0,113.0,78.0,90.0
293.0,115.0,79.0,89.0
292.0,118.0,78.0,89.0
291.0,120.0,78.0,89.0
290.0,121.0,78.0,89.0
289.0,122.0,78.0,89.0
289.0,122.0,78.0,89.0
289.0,122.0,78.0,89.0
287.0,121.0,78.0,90.0
287.0,120.0,77.0,90.0
286.0,119.0,77.0,90.0
285.0,118.0,77.0,91.0
284.0,116.0,77.0,91.0
284.0,116.0,76.0,92.0
284.0,115.0,77.0,92.0
282.0,115.0,77.0,91.0
283.0,115.0,76.0,92.0
283.0,115.0,76.0,92.0
284.0,115.0,76.0,92.0
285.0,117.0,76.0,92.0
285.0,119.0,77.0,91.0
284.0,120.0,78.0,90.0
283.0,122.0,78.0,89.0
281.0,124.0,79.0,88.0
280.0,127.0,80.0,87.0
279.0,127.0,79.0,87.0
279.0,126.0,79.0,87.0
278.0,126.0,79.0,86.0
277.0,125.0,79.0,85.0
277.0,123.0,78.0,86.0
276.0,123.0,79.0,85.0
276.0,122.0,79.0,84.0
275.0,123.0,79.0,83.0
275.0,122.0,79.0,83.0
274.0,123.0,79.0,82.0
275.0,123.0,79.0,82.0
276.0,123.0,80.0,81.0
278.0,123.0,80.0,81.0
278.0,123.0,80.0,81.0
278.0,123.0,80.0,80.0
279.0,122.0,80.0,80.0
280.0,122.0,80.0,80.0
282.0,120.0,80.0,80.0
283.0,119.0,80.0,80.0
283.0,118.0,80.0,80.0
283.0,117.0,80.0,80.0
284.0,116.0,80.0,80.0
285.0,116.0,81.0,80.0
285.0,115.0,81.0,79.0
285.0,115.0,81.0,80.0
286.0,115.0,80.0,81.0
286.0,116.0,80.0,81.0
286.0,117.0,80.0,81.0
287.0,118.0,80.0,81.0
287.0,118.0,81.0,81.0
288.0,118.0,81.0,81.0
289.0,118.0,81.0,81.0
293.0,116.0,81.0,81.0
291.0,116.0,81.0,81.0
291.0,115.0,81.0,82.0
290.0,113.0,81.0,82.0
291.0,111.0,81.0,83.0
291.0,110.0,81.0,83.0
292.0,109.0,81.0,84.0
293.0,108.0,81.0,84.0
294.0,108.0,81.0,84.0
293.0,107.0,82.0,84.0
294.0,106.0,82.0,85.0
295.0,104.0,82.0,85.0
295.0,102.0,81.0,85.0
295.0,101.0,82.0,86.0
295.0,99.0,81.0,86.0
296.0,97.0,81.0,86.0
296.0,96.0,81.0,86.0
297.0,95.0,81.0,87.0
297.0,93.0,81.0,87.0
299.0,91.0,80.0,88.0
297.0,91.0,81.0,87.0
298.0,90.0,82.0,87.0
297.0,89.0,82.0,87.0
297.0,88.0,82.0,87.0
297.0,87.0,82.0,87.0
298.0,86.0,83.0,87.0
298.0,86.0,84.0,86.0
298.0,88.0,84.0,86.0
297.0,90.0,85.0,86.0
299.0,86.0,86.0,85.0
301.0,85.0,86.0,85.0
299.0,85.0,87.0,85.0
303.0,83.0,87.0,85.0
301.0,84.0,87.0,85.0
300.0,82.0,88.0,84.0
303.0,83.0,87.0,84.0
301.0,84.0,87.0,85.0
301.0,85.0,88.0,85.0
300.0,86.0,88.0,85.0
302.0,82.0,89.0,84.0
305.0,85.0,88.0,85.0
307.0,86.0,87.0,85.0
310.0,86.0,86.0,85.0
309.0,89.0,87.0,84.0
308.0,91.0,87.0,83.0
308.0,93.0,88.0,82.0
309.0,93.0,87.0,82.0
308.0,98.0,87.0,82.0
309.0,100.0,88.0,82.0
309.0,100.0,88.0,82.0
310.0,102.0,88.0,81.0
310.0,102.0,88.0,82.0
309.0,102.0,88.0,82.0
310.0,104.0,87.0,82.0
309.0,103.0,88.0,82.0
309.0,103.0,88.0,82.0
308.0,103.0,87.0,82.0
305.0,103.0,87.0,82.0
304.0,103.0,87.0,83.0
304.0,104.0,87.0,83.0
304.0,104.0,87.0,83.0
303.0,102.0,87.0,84.0
302.0,103.0,87.0,84.0
301.0,101.0,87.0,84.0
300.0,101.0,86.0,85.0
298.0,100.0,86.0,86.0
297.0,99.0,86.0,87.0
295.0,98.0,86.0,87.0
294.0,98.0,87.0,87.0
294.0,96.0,87.0,88.0
293.0,96.0,87.0,87.0
294.0,96.0,87.0,88.0
292.0,97.0,87.0,88.0
292.0,97.0,87.0,88.0
293.0,98.0,88.0,88.0
292.0,98.0,88.0,88.0
292.0,99.0,89.0,88.0
291.0,100.0,89.0,89.0
290.0,100.0,88.0,90.0
289.0,100.0,89.0,90.0
288.0,101.0,89.0,90.0
288.0,101.0,90.0,90.0
288.0,103.0,90.0,89.0
289.0,102.0,90.0,90.0
291.0,102.0,90.0,90.0
291.0,102.0,90.0,90.0
291.0,104.0,91.0,90.0
290.0,106.0,91.0,90.0
290.0,108.0,92.0,89.0
290.0,108.0,92.0,90.0
290.0,108.0,92.0,90.0
289.0,107.0,92.0,91.0
289.0,107.0,92.0,91.0
288.0,107.0,93.0,91.0
289.0,108.0,93.0,91.0
289.0,108.0,93.0,91.0
290.0,108.0,93.0,91.0
290.0,109.0,94.0,91.0
291.0,108.0,94.0,92.0
290.0,107.0,94.0,92.0
290.0,109.0,95.0,92.0
291.0,109.0,95.0,92.0
292.0,109.0,95.0,92.0
291.0,109.0,95.0,93.0
291.0,109.0,95.0,92.0
290.0,110.0,96.0,92.0
291.0,110.0,96.0,93.0
290.0,110.0,96.0,93.0
290.0,111.0,96.0,93.0
290.0,111.0,96.0,93.0
291.0,111.0,97.0,93.0
290.0,110.0,96.0,94.0
290.0,111.0,97.0,93.0
290.0,111.0,97.0,94.0
290.0,112.0,97.0,94.0
290.0,112.0,97.0,94.0
290.0,111.0,96.0,94.0
291.0,111.0,96.0,95.0
291.0,110.0,96.0,95.0
291.0,111.0,97.0,95.0
292.0,112.0,97.0,95.0
292.0,112.0,96.0,96.0
292.0,113.0,96.0,96.0
292.0,114.0,96.0,97.0
292.0,114.0,96.0,97.0
291.0,114.0,97.0,97.0
291.0,115.0,97.0,97.0
292.0,115.0,97.0,98.0
292.0,115.0,97.0,98.0
293.0,116.0,96.0,99.0
296.0,115.0,95.0,100.0
297.0,117.0,95.0,100.0
297.0,116.0,95.0,100.0
297.0,117.0,96.0,99.0
297.0,118.0,96.0,98.0
299.0,117.0,95.0,99.0
299.0,116.0,94.0,100.0
299.0,116.0,95.0,99.0
299.0,116.0,94.0,99.0
299.0,117.0,95.0,98.0
299.0,118.0,94.0,98.0
299.0,119.0,94.0,98.0
298.0,120.0,94.0,98.0
297.0,121.0,93.0,98.0
296.0,123.0,94.0,97.0
296.0,125.0,94.0,97.0
294.0,126.0,95.0,96.0
294.0,128.0,95.0,96.0
294.0,130.0,96.0,96.0
294.0,132.0,96.0,96.0
295.0,134.0,96.0,96.0
295.0,136.0,97.0,96.0
296.0,137.0,96.0,96.0
297.0,138.0,97.0,96.0
298.0,138.0,97.0,95.0
300.0,137.0,96.0,96.0
300.0,137.0,97.0,95.0
300.0,136.0,98.0,95.0
299.0,136.0,98.0,95.0
298.0,136.0,99.0,94.0
297.0,137.0,99.0,94.0
295.0,138.0,99.0,94.0
295.0,138.0,99.0,94.0
293.0,139.0,99.0,93.0
294.0,139.0,98.0,93.0
292.0,143.0,98.0,94.0
292.0,144.0,97.0,94.0
293.0,147.0,97.0,94.0
294.0,150.0,96.0,94.0
295.0,152.0,95.0,95.0
296.0,153.0,96.0,94.0
296.0,156.0,95.0,94.0
298.0,156.0,96.0,93.0
297.0,158.0,96.0,93.0
298.0,158.0,96.0,93.0
296.0,159.0,96.0,91.0
297.0,158.0,96.0,92.0
296.0,157.0,96.0,91.0
296.0,157.0,96.0,91.0
298.0,156.0,96.0,91.0
298.0,154.0,96.0,91.0
298.0,154.0,96.0,91.0
299.0,152.0,96.0,91.0
300.0,152.0,96.0,91.0
302.0,149.0,96.0,91.0
300.0,148.0,96.0,91.0
302.0,144.0,96.0,92.0
303.0,141.0,96.0,92.0
304.0,138.0,96.0,92.0
306.0,135.0,95.0,93.0
304.0,133.0,96.0,93.0
305.0,130.0,96.0,93.0
305.0,127.0,96.0,94.0
305.0,124.0,96.0,94.0
301.0,122.0,97.0,93.0
297.0,121.0,98.0,93.0
295.0,121.0,98.0,93.0
291.0,121.0,98.0,93.0
289.0,121.0,98.0,93.0
288.0,121.0,98.0,93.0
285.0,121.0,99.0,93.0
285.0,120.0,99.0,94.0
283.0,120.0,99.0,94.0
283.0,121.0,99.0,94.0
284.0,121.0,98.0,95.0
282.0,122.0,99.0,95.0
281.0,121.0,99.0,95.0
281.0,122.0,99.0,95.0
279.0,123.0,100.0,95.0
281.0,122.0,99.0,95.0
279.0,123.0,100.0,95.0
280.0,121.0,99.0,96.0
280.0,122.0,100.0,96.0
280.0,121.0,99.0,96.0
281.0,121.0,99.0,96.0
281.0,120.0,99.0,96.0
281.0,120.0,99.0,96.0
283.0,119.0,99.0,97.0
283.0,118.0,100.0,97.0
282.0,117.0,100.0,96.0
283.0,117.0,100.0,97.0
286.0,116.0,99.0,98.0
285.0,115.0,100.0,98.0
284.0,115.0,101.0,97.0
285.0,114.0,100.0,98.0
284.0,114.0,101.0,97.0
283.0,113.0,101.0,97.0
284.0,114.0,101.0,98.0
284.0,114.0,100.0,99.0
285.0,114.0,100.0,99.0
286.0,114.0,100.0,99.0
284.0,114.0,101.0,98.0
286.0,113.0,100.0,99.0
286.0,111.0,101.0,99.0
286.0,111.0,102.0,99.0
286.0,111.0,102.0,99.0
286.0,110.0,102.0,99.0
286.0,111.0,101.0,100.0
287.0,111.0,101.0,100.0
286.0,112.0,101.0,100.0
286.0,113.0,101.0,100.0
285.0,114.0,102.0,100.0
285.0,115.0,101.0,100.0
284.0,116.0,102.0,100.0
284.0,117.0,102.0,100.0
284.0,117.0,102.0,100.0
282.0,119.0,102.0,101.0
282.0,121.0,102.0,101.0
283.0,122.0,102.0,101.0
283.0,123.0,102.0,101.0
284.0,123.0,102.0,101.0
283.0,123.0,102.0,101.0
284.0,123.0,102.0,102.0
285.0,123.0,102.0,102.0
286.0,122.0,102.0,102.0
287.0,122.0,102.0,103.0
288.0,121.0,102.0,103.0
288.0,121.0,102.0,103.0
289.0,121.0,102.0,103.0
290.0,119.0,102.0,102.0
290.0,116.0,102.0,103.0
286.0,119.0,104.0,102.0
288.0,122.0,102.0,104.0
289.0,122.0,101.0,106.0
292.0,122.0,102.0,106.0
294.0,121.0,103.0,105.0
293.0,119.0,105.0,104.0
293.0,118.0,105.0,104.0
294.0,117.0,105.0,105.0
294.0,116.0,105.0,105.0
295.0,116.0,105.0,105.0
296.0,116.0,105.0,106.0
296.0,117.0,105.0,106.0
299.0,118.0,105.0,106.0
300.0,119.0,105.0,106.0
301.0,120.0,105.0,106.0
303.0,121.0,106.0,105.0
306.0,122.0,105.0,106.0
308.0,122.0,105.0,106.0
309.0,124.0,106.0,105.0
312.0,124.0,106.0,106.0
314.0,123.0,105.0,107.0
315.0,123.0,106.0,106.0
315.0,123.0,107.0,106.0
316.0,122.0,107.0,107.0
315.0,120.0,107.0,107.0
314.0,119.0,108.0,106.0
313.0,117.0,109.0,106.0
312.0,115.0,109.0,107.0
310.0,113.0,109.0,107.0
308.0,112.0,109.0,107.0
307.0,110.0,109.0,107.0
303.0,109.0,110.0,107.0
302.0,107.0,109.0,108.0
301.0,105.0,110.0,107.0
298.0,104.0,110.0,107.0
295.0,103.0,110.0,107.0
295.0,101.0,109.0,107.0
293.0,100.0,109.0,107.0
293.0,100.0,108.0,108.0
291.0,100.0,108.0,108.0
289.0,101.0,108.0,108.0
287.0,102.0,109.0,107.0
286.0,103.0,108.0,107.0
285.0,104.0,108.0,107.0
284.0,106.0,107.0,108.0
283.0,106.0,107.0,108.0
282.0,108.0,107.0,108.0
281.0,108.0,107.0,107.0
281.0,108.0,106.0,107.0
281.0,109.0,106.0,108.0
281.0,110.0,106.0,108.0
282.0,109.0,105.0,108.0
282.0,109.0,106.0,107.0
281.0,109.0,106.0,106.0
281.0,112.0,107.0,106.0
281.0,110.0,107.0,106.0
287.0,117.0,106.0,106.0
290.0,118.0,105.0,107.0
291.0,117.0,106.0,107.0
292.0,118.0,106.0,107.0
294.0,119.0,106.0,107.0
295.0,121.0,106.0,106.0
297.0,121.0,106.0,106.0
297.0,121.0,106.0,107.0
298.0,122.0,106.0,107.0
299.0,121.0,105.0,107.0
298.0,121.0,106.0,107.0
299.0,121.0,105.0,108.0
299.0,121.0,105.0,108.0
299.0,121.0,106.0,107.0
300.0,121.0,106.0,107.0
301.0,120.0,106.0,108.0
301.0,120.0,106.0,108.0
301.0,120.0,106.0,108.0
301.0,121.0,107.0,107.0
301.0,122.0,107.0,107.0
300.0,121.0,106.0,108.0
299.0,123.0,106.0,108.0
297.0,122.0,107.0,107.0
296.0,122.0,106.0,107.0
294.0,123.0,106.0,107.0
293.0,122.0,107.0,107.0
292.0,122.0,106.0,107.0
291.0,120.0,107.0,107.0
292.0,121.0,106.0,107.0
291.0,121.0,107.0,107.0
292.0,120.0,106.0,107.0
291.0,122.0,107.0,106.0
293.0,122.0,106.0,107.0
294.0,122.0,106.0,107.0
295.0,122.0,106.0,107.0
295.0,122.0,106.0,108.0
295.0,122.0,106.0,108.0
295.0,122.0,105.0,108.0
296.0,122.0,106.0,108.0
295.0,123.0,105.0,108.0
295.0,123.0,106.0,108.0
295.0,124.0,105.0,108.0
295.0,124.0,106.0,107.0
296.0,124.0,105.0,108.0
294.0,125.0,106.0,107.0
294.0,124.0,106.0,107.0
294.0,125.0,106.0,108.0
295.0,124.0,105.0,108.0
294.0,124.0,106.0,108.0
295.0,124.0,105.0,108.0
294.0,124.0,105.0,108.0
294.0,125.0,105.0,108.0
295.0,125.0,105.0,108.0
293.0,125.0,106.0,107.0
294.0,125.0,105.0,107.0
294.0,125.0,105.0,108.0
294.0,125.0,105.0,108.0
293.0,124.0,105.0,108.0
293.0,124.0,105.0,107.0
292.0,126.0,105.0,107.0
291.0,126.0,105.0,107.0
290.0,128.0,105.0,107.0
288.0,128.0,105.0,107.0
286.0,131.0,105.0,107.0
283.0,133.0,104.0,107.0
283.0,135.0,104.0,107.0
282.0,136.0,104.0,107.0
282.0,138.0,105.0,106.0
281.0,139.0,104.0,107.0
281.0,140.0,104.0,107.0
282.0,140.0,104.0,106.0
281.0,147.0,104.0,107.0
280.0,148.0,105.0,107.0
281.0,145.0,106.0,107.0
281.0,148.0,106.0,107.0
278.0,150.0,107.0,107.0
282.0,144.0,107.0,108.0
279.0,144.0,108.0,107.0
278.0,143.0,109.0,107.0
275.0,143.0,109.0,107.0
271.0,142.0,109.0,106.0
272.0,139.0,109.0,106.0
271.0,138.0,110.0,106.0
271.0,137.0,110.0,106.0
269.0,137.0,110.0,106.0
268.0,138.0,111.0,105.0
267.0,138.0,111.0,106.0
266.0,138.0,111.0,106.0
266.0,140.0,111.0,106.0
264.0,138.0,112.0,105.0
264.0,139.0,111.0,106.0
263.0,140.0,112.0,105.0
262.0,140.0,112.0,106.0
264.0,140.0,111.0,106.0
264.0,139.0,111.0,107.0
265.0,141.0,112.0,106.0
266.0,139.0,112.0,106.0
267.0,137.0,112.0,107.0
266.0,137.0,113.0,106.0
267.0,136.0,112.0,108.0
267.0,135.0,111.0,108.0
266.0,137.0,111.0,108.0
267.0,137.0,112.0,107.0
267.0,137.0,113.0,106.0
268.0,136.0,112.0,105.0
266.0,137.0,113.0,103.0
268.0,137.0,112.0,104.0
270.0,136.0,110.0,106.0
271.0,135.0,108.0,107.0
271.0,133.0,107.0,108.0
270.0,132.0,106.0,109.0
269.0,131.0,106.0,109.0
269.0,130.0,106.0,110.0
268.0,128.0,105.0,111.0
266.0,127.0,105.0,111.0
266.0,126.0,105.0,111.0
266.0,125.0,106.0,112.0
266.0,125.0,105.0,113.0
267.0,124.0,105.0,113.0
267.0,122.0,105.0,114.0
266.0,121.0,105.0,115.0
266.0,119.0,106.0,114.0
267.0,118.0,105.0,116.0
268.0,117.0,105.0,116.0
267.0,118.0,107.0,115.0
266.0,120.0,108.0,114.0
266.0,123.0,108.0,114.0
267.0,126.0,108.0,113.0
267.0,127.0,108.0,113.0
270.0,130.0,110.0,111.0
273.0,131.0,110.0,110.0
275.0,132.0,110.0,110.0
278.0,134.0,109.0,110.0
278.0,134.0,110.0,108.0
278.0,134.0,110.0,107.0
280.0,132.0,110.0,107.0
281.0,132.0,109.0,106.0
283.0,132.0,109.0,106.0
286.0,135.0,109.0,106.0
284.0,132.0,108.0,106.0
284.0,129.0,108.0,105.0
284.0,126.0,108.0,104.0
284.0,125.0,107.0,104.0
284.0,125.0,106.0,105.0
286.0,124.0,105.0,105.0
286.0,125.0,106.0,104.0
286.0,126.0,106.0,104.0
286.0,126.0,106.0,104.0
285.0,126.0,105.0,104.0
286.0,125.0,105.0,104.0
287.0,126.0,104.0,104.0
287.0,126.0,104.0,104.0
288.0,126.0,104.0,104.0
289.0,125.0,103.0,105.0
291.0,126.0,102.0,106.0
292.0,128.0,102.0,106.0
293.0,128.0,101.0,107.0
294.0,129.0,101.0,107.0
292.0,130.0,101.0,107.0
290.0,131.0,102.0,107.0
287.0,131.0,101.0,107.0
283.0,131.0,102.0,107.0
267.0,129.0,102.0,107.0
266.0,127.0,103.0,106.0
265.0,126.0,104.0,105.0
266.0,126.0,104.0,104.0
267.0,127.0,104.0,104.0
269.0,128.0,104.0,104.0
271.0,130.0,104.0,103.0
276.0,132.0,102.0,104.0
280.0,135.0,101.0,104.0
281.0,135.0,102.0,103.0
284.0,136.0,101.0,104.0
287.0,137.0,101.0,104.0
289.0,140.0,102.0,102.0
290.0,140.0,102.0,101.0
290.0,141.0,102.0,100.0
291.0,142.0,102.0,99.0
291.0,141.0,103.0,98.0
292.0,140.0,103.0,98.0
293.0,141.0,101.0,99.0
293.0,141.0,101.0,98.0
293.0,142.0,102.0,98.0
293.0,143.0,101.0,97.0
295.0,144.0,101.0,97.0
294.0,145.0,102.0,96.0
295.0,146.0,101.0,97.0
295.0,147.0,101.0,97.0
295.0,148.0,101.0,96.0
295.0,149.0,101.0,96.0
295.0,149.0,101.0,96.0
293.0,149.0,102.0,96.0
293.0,148.0,102.0,96.0
291.0,148.0,103.0,95.0
289.0,148.0,103.0,94.0
289.0,148.0,103.0,95.0
287.0,149.0,103.0,94.0
286.0,149.0,104.0,94.0
285.0,151.0,104.0,93.0
286.0,150.0,104.0,94.0
284.0,152.0,104.0,93.0
283.0,152.0,104.0,93.0
285.0,152.0,103.0,94.0
285.0,151.0,103.0,93.0
285.0,153.0,104.0,92.0
285.0,152.0,104.0,93.0
285.0,149.0,103.0,94.0
284.0,148.0,102.0,94.0
283.0,146.0,102.0,95.0
283.0,144.0,101.0,95.0
282.0,141.0,101.0,96.0
279.0,141.0,101.0,95.0
282.0,137.0,102.0,95.0
280.0,136.0,101.0,96.0
279.0,136.0,102.0,95.0
278.0,134.0,101.0,97.0
279.0,132.0,101.0,97.0
280.0,131.0,100.0,98.0
280.0,129.0,101.0,98.0
280.0,127.0,101.0,98.0
280.0,124.0,100.0,98.0
279.0,124.0,101.0,98.0
278.0,121.0,101.0,98.0
277.0,118.0,102.0,98.0
277.0,116.0,102.0,99.0
277.0,114.0,103.0,99.0
275.0,112.0,103.0,100.0
274.0,111.0,103.0,100.0
274.0,111.0,103.0,101.0
272.0,111.0,104.0,101.0
272.0,111.0,104.0,102.0
271.0,111.0,104.0,102.0
271.0,110.0,104.0,103.0
271.0,108.0,103.0,104.0
271.0,106.0,103.0,104.0
271.0,104.0,103.0,105.0
270.0,103.0,104.0,105.0
270.0,102.0,104.0,105.0
269.0,101.0,105.0,105.0
269.0,101.0,105.0,105.0
267.0,100.0,106.0,104.0
268.0,101.0,107.0,104.0
265.0,100.0,108.0,104.0
265.0,101.0,109.0,103.0
264.0,101.0,110.0,103.0
264.0,102.0,112.0,102.0
266.0,102.0,111.0,103.0
266.0,103.0,111.0,103.0
267.0,104.0,112.0,103.0
266.0,107.0,112.0,103.0
267.0,108.0,112.0,103.0
267.0,110.0,112.0,103.0
269.0,111.0,111.0,104.0
268.0,114.0,113.0,103.0
269.0,114.0,113.0,103.0
269.0,115.0,113.0,104.0
270.0,116.0,112.0,105.0
271.0,117.0,112.0,106.0
272.0,117.0,112.0,106.0
271.0,116.0,113.0,106.0
271.0,117.0,113.0,106.0
270.0,117.0,113.0,107.0
270.0,117.0,113.0,107.0
271.0,117.0,113.0,108.0
273.0,119.0,114.0,107.0
268.0,119.0,113.0,108.0
273.0,123.0,114.0,107.0
275.0,123.0,113.0,107.0
276.0,123.0,112.0,108.0
275.0,123.0,112.0,107.0
274.0,122.0,112.0,107.0
271.0,121.0,112.0,107.0
270.0,119.0,112.0,108.0
267.0,116.0,112.0,108.0
266.0,115.0,112.0,108.0
265.0,113.0,113.0,107.0
262.0,113.0,114.0,107.0
263.0,111.0,113.0,108.0
262.0,110.0,114.0,107.0
261.0,110.0,115.0,107.0
260.0,109.0,116.0,107.0
256.0,108.0,117.0,107.0
252.0,107.0,118.0,107.0
248.0,107.0,119.0,107.0
243.0,106.0,120.0,107.0
237.0,105.0,120.0,108.0
233.0,96.0,120.0,108.0
227.0,97.0,120.0,109.0
222.0,86.0,119.0,110.0
217.0,87.0,120.0,109.0
214.0,85.0,120.0,110.0
211.0,81.0,120.0,111.0
210.0,69.0,120.0,111.0
209.0,68.0,120.0,112.0
208.0,57.0,122.0,111.0
210.0,58.0,123.0,112.0
209.0,57.0,123.0,113.0
208.0,46.0,124.0,114.0
217.0,49.0,124.0,114.0
214.0,49.0,125.0,114.0
212.0,49.0,126.0,115.0
212.0,49.0,125.0,117.0
211.0,50.0,125.0,117.0
210.0,52.0,127.0,116.0
221.0,56.0,126.0,119.0
219.0,60.0,126.0,119.0
217.0,64.0,126.0,119.0
220.0,66.0,124.0,121.0
224.0,68.0,123.0,123.0
225.0,69.0,125.0,121.0
225.0,68.0,127.0,120.0
225.0,66.0,128.0,120.0
226.0,63.0,129.0,120.0
228.0,58.0,131.0,120.0
233.0,52.0,131.0,121.0
236.0,48.0,132.0,121.0
239.0,43.0,133.0,121.0
244.0,39.0,133.0,122.0
247.0,36.0,134.0,123.0
251.0,32.0,135.0,123.0
255.0,29.0,135.0,124.0
257.0,27.0,136.0,125.0
256.0,16.0,137.0,125.0
256.0,20.0,138.0,125.0
258.0,22.0,138.0,127.0
260.0,22.0,139.0,127.0
260.0,22.0,141.0,127.0
260.0,21.0,143.0,127.0
262.0,21.0,144.0,128.0
262.0,22.0,145.0,129.0
263.0,23.0,146.0,129.0
260.0,22.0,148.0,130.0
260.0,11.0,148.0,131.0
261.0,6.0,148.0,131.0
263.0,11.0,147.0,133.0
