225.0,135.0,61.0,71.0
222.0,138.0,60.0,71.0
222.0,138.0,61.0,71.0
219.0,138.0,61.0,72.0
217.0,134.0,60.0,72.0
217.0,134.0,60.0,73.0
214.0,129.0,60.0,74.0
214.0,128.0,59.0,75.0
212.0,122.0,60.0,74.0
210.0,115.0,61.0,74.0
205.0,108.0,62.0,74.0
196.0,100.0,62.0,73.0
196.0,98.0,62.0,73.0
195.0,94.0,61.0,75.0
196.0,91.0,62.0,75.0
189.0,88.0,63.0,74.0
188.0,86.0,65.0,72.0
187.0,86.0,65.0,72.0
188.0,86.0,65.0,72.0
188.0,85.0,66.0,71.0
190.0,86.0,65.0,72.0
188.0,87.0,65.0,72.0
189.0,88.0,64.0,72.0
189.0,91.0,65.0,72.0
190.0,95.0,65.0,72.0
191.0,99.0,65.0,72.0
193.0,100.0,65.0,72.0
196.0,103.0,65.0,72.0
198.0,106.0,65.0,73.0
200.0,107.0,64.0,73.0
203.0,106.0,64.0,74.0
200.0,100.0,63.0,75.0
205.0,96.0,64.0,75.0
203.0,88.0,63.0,75.0
205.0,83.0,63.0,75.0
206.0,77.0,62.0,76.0
209.0,74.0,62.0,77.0
210.0,70.0,63.0,77.0
211.0,70.0,63.0,78.0
213.0,69.0,64.0,77.0
213.0,71.0,65.0,76.0
213.0,73.0,65.0,76.0
214.0,77.0,66.0,76.0
215.0,82.0,66.0,76.0
213.0,86.0,67.0,76.0
212.0,92.0,67.0,75.0
213.0,98.0,67.0,75.0
212.0,105.0,67.0,76.0
215.0,111.0,67.0,75.0
216.0,116.0,66.0,76.0
219.0,118.0,65.0,78.0
221.0,122.0,65.0,78.0
224.0,120.0,65.0,79.0
225.0,117.0,65.0,80.0
229.0,113.0,66.0,80.0
231.0,102.0,66.0,80.0
231.0,95.0,66.0,80.0
235.0,88.0,65.0,79.0
235.0,80.0,65.0,79.0
235.0,76.0,66.0,78.0
234.0,77.0,66.0,77.0
233.0,84.0,66.0,77.0
236.0,87.0,68.0,74.0
236.0,92.0,68.0,74.0
236.0,94.0,69.0,72.0
237.0,97.0,71.0,70.0
236.0,98.0,70.0,71.0
238.0,100.0,69.0,73.0
240.0,98.0,68.0,74.0
240.0,99.0,67.0,74.0
241.0,100.0,67.0,74.0
243.0,103.0,67.0,73.0
244.0,108.0,66.0,73.0
245.0,112.0,65.0,73.0
246.0,112.0,64.0,74.0
247.0,113.0,65.0,73.0
248.0,112.0,63.0,75.0
248.0,108.0,62.0,76.0
250.0,102.0,63.0,76.0
250.0,94.0,63.0,76.0
252.0,82.0,63.0,76.0
252.0,72.0,63.0,76.0
253.0,66.0,63.0,76.0
253.0,61.0,64.0,74.0
254.0,59.0,64.0,74.0
254.0,58.0,65.0,74.0
254.0,58.0,65.0,74.0
254.0,60.0,66.0,73.0
255.0,61.0,67.0,73.0
254.0,64.0,68.0,73.0
255.0,66.0,68.0,72.0
256.0,67.0,68.0,74.0
256.0,71.0,68.0,74.0
257.0,75.0,68.0,74.0
254.0,78.0,68.0,73.0
254.0,82.0,67.0,74.0
253.0,89.0,67.0,74.0
251.0,93.0,67.0,74.0
250.0,95.0,66.0,75.0
246.0,97.0,66.0,77.0
242.0,96.0,65.0,79.0
237.0,91.0,66.0,79.0
233.0,83.0,66.0,80.0
237.0,71.0,65.0,83.0
241.0,61.0,65.0,83.0
242.0,54.0,66.0,82.0
241.0,52.0,68.0,80.0
243.0,52.0,69.0,79.0
246.0,63.0,71.0,77.0
249.0,71.0,72.0,77.0
252.0,78.0,71.0,78.0
252.0,81.0,73.0,76.0
252.0,84.0,74.0,76.0
252.0,87.0,73.0,77.0
250.0,88.0,73.0,78.0
249.0,86.0,73.0,79.0
247.0,82.0,73.0,79.0
245.0,81.0,72.0,81.0
242.0,81.0,73.0,81.0
239.0,81.0,72.0,83.0
237.0,85.0,71.0,84.0
236.0,88.0,71.0,85.0
234.0,90.0,71.0,86.0
235.0,90.0,72.0,86.0
236.0,89.0,72.0,88.0
236.0,83.0,72.0,88.0
241.0,74.0,73.0,88.0
242.0,67.0,74.0,88.0
247.0,62.0,74.0,88.0
250.0,59.0,74.0,87.0
253.0,61.0,75.0,87.0
255.0,67.0,77.0,84.0
259.0,77.0,78.0,83.0
261.0,87.0,80.0,82.0
261.0,92.0,83.0,81.0
261.0,96.0,84.0,80.0
260.0,95.0,84.0,81.0
261.0,97.0,83.0,83.0
259.0,95.0,82.0,84.0
257.0,94.0,80.0,87.0
254.0,94.0,78.0,89.0
251.0,96.0,78.0,89.0
249.0,96.0,78.0,89.0
246.0,98.0,77.0,90.0
239.0,100.0,78.0,91.0
233.0,103.0,78.0,91.0
230.0,105.0,78.0,92.0
229.0,104.0,78.0,93.0
228.0,96.0,78.0,93.0
230.0,86.0,77.0,95.0
235.0,80.0,77.0,96.0
239.0,70.0,76.0,96.0
241.0,62.0,77.0,95.0
245.0,60.0,80.0,93.0
248.0,67.0,81.0,92.0
252.0,74.0,81.0,93.0
252.0,84.0,83.0,91.0
249.0,88.0,85.0,89.0
248.0,95.0,87.0,87.0
248.0,100.0,88.0,86.0
247.0,104.0,88.0,86.0
243.0,100.0,89.0,85.0
242.0,97.0,88.0,87.0
238.0,94.0,86.0,89.0
234.0,92.0,84.0,92.0
229.0,89.0,83.0,94.0
227.0,88.0,82.0,95.0
225.0,87.0,81.0,96.0
221.0,92.0,82.0,96.0
218.0,97.0,82.0,97.0
217.0,98.0,81.0,99.0
216.0,97.0,81.0,99.0
218.0,94.0,82.0,100.0
221.0,89.0,82.0,100.0
222.0,78.0,81.0,100.0
223.0,70.0,82.0,100.0
225.0,64.0,82.0,99.0
228.0,60.0,83.0,99.0
230.0,67.0,84.0,98.0
233.0,73.0,85.0,97.0
235.0,79.0,85.0,97.0
236.0,81.0,86.0,96.0
237.0,86.0,88.0,95.0
235.0,89.0,88.0,95.0
235.0,92.0,87.0,96.0
233.0,91.0,86.0,98.0
231.0,91.0,85.0,99.0
227.0,93.0,86.0,98.0
223.0,94.0,88.0,95.0
222.0,94.0,87.0,96.0
222.0,96.0,86.0,95.0
218.0,96.0,85.0,96.0
217.0,98.0,85.0,97.0
214.0,98.0,84.0,98.0
213.0,94.0,83.0,99.0
211.0,91.0,83.0,100.0
210.0,85.0,82.0,101.0
208.0,78.0,82.0,101.0
211.0,72.0,82.0,101.0
210.0,59.0,82.0,100.0
209.0,53.0,82.0,99.0
208.0,47.0,82.0,99.0
206.0,44.0,82.0,97.0
206.0,43.0,82.0,95.0
206.0,43.0,83.0,93.0
206.0,46.0,83.0,91.0
207.0,49.0,82.0,91.0
209.0,53.0,82.0,90.0
209.0,56.0,81.0,91.0
209.0,61.0,81.0,89.0
208.0,65.0,81.0,90.0
208.0,73.0,80.0,89.0
208.0,78.0,81.0,88.0
209.0,83.0,81.0,86.0
209.0,91.0,81.0,86.0
210.0,95.0,81.0,85.0
213.0,100.0,80.0,85.0
215.0,103.0,79.0,84.0
214.0,106.0,79.0,84.0
218.0,103.0,79.0,84.0
218.0,97.0,79.0,84.0
222.0,91.0,78.0,84.0
224.0,83.0,79.0,83.0
222.0,76.0,78.0,84.0
226.0,69.0,77.0,84.0
226.0,62.0,77.0,84.0
228.0,55.0,77.0,84.0
230.0,48.0,76.0,83.0
232.0,42.0,76.0,83.0
236.0,35.0,75.0,83.0
239.0,30.0,75.0,84.0
239.0,28.0,76.0,83.0
240.0,27.0,77.0,82.0
241.0,26.0,77.0,83.0
243.0,27.0,77.0,83.0
244.0,29.0,77.0,84.0
246.0,30.0,76.0,85.0
247.0,33.0,76.0,85.0
247.0,39.0,77.0,85.0
248.0,45.0,77.0,85.0
248.0,52.0,78.0,84.0
246.0,59.0,78.0,84.0
243.0,61.0,77.0,86.0
239.0,58.0,76.0,88.0
234.0,52.0,76.0,89.0
230.0,45.0,76.0,90.0
225.0,38.0,78.0,90.0
221.0,31.0,79.0,90.0
216.0,27.0,80.0,90.0
211.0,24.0,81.0,91.0
206.0,25.0,81.0,91.0
201.0,27.0,82.0,91.0
198.0,30.0,82.0,91.0
195.0,32.0,82.0,91.0
190.0,36.0,83.0,91.0
188.0,38.0,83.0,91.0
183.0,42.0,83.0,91.0
180.0,46.0,83.0,91.0
176.0,48.0,83.0,92.0
172.0,52.0,83.0,92.0
168.0,54.0,83.0,93.0
166.0,59.0,83.0,93.0
163.0,65.0,83.0,94.0
163.0,66.0,83.0,94.0
159.0,70.0,83.0,95.0
157.0,72.0,83.0,96.0
160.0,72.0,83.0,96.0
165.0,67.0,83.0,97.0
168.0,61.0,84.0,97.0
172.0,53.0,85.0,96.0
176.0,44.0,85.0,97.0
179.0,37.0,87.0,96.0
182.0,32.0,87.0,96.0
184.0,29.0,88.0,96.0
186.0,24.0,87.0,97.0
191.0,21.0,87.0,97.0
194.0,20.0,87.0,96.0
199.0,19.0,88.0,95.0
204.0,19.0,88.0,94.0
208.0,19.0,87.0,94.0
213.0,21.0,88.0,93.0
216.0,25.0,89.0,92.0
219.0,28.0,88.0,93.0
222.0,33.0,89.0,92.0
223.0,38.0,88.0,93.0
225.0,47.0,88.0,94.0
226.0,54.0,87.0,94.0
227.0,62.0,87.0,94.0
222.0,69.0,88.0,95.0
218.0,72.0,87.0,96.0
211.0,70.0,87.0,97.0
204.0,60.0,88.0,96.0
199.0,47.0,89.0,96.0
196.0,35.0,88.0,97.0
191.0,26.0,89.0,99.0
186.0,19.0,90.0,100.0
178.0,15.0,92.0,99.0
171.0,13.0,93.0,98.0
166.0,16.0,94.0,97.0
167.0,18.0,92.0,98.0
163.0,19.0,91.0,98.0
162.0,24.0,90.0,98.0
159.0,27.0,90.0,98.0
157.0,32.0,91.0,97.0
157.0,35.0,90.0,97.0
153.0,37.0,89.0,98.0
151.0,43.0,88.0,99.0
148.0,44.0,88.0,98.0
145.0,51.0,87.0,97.0
143.0,59.0,86.0,97.0
142.0,65.0,85.0,98.0
142.0,71.0,83.0,98.0
143.0,72.0,83.0,99.0
142.0,73.0,84.0,98.0
146.0,70.0,83.0,99.0
147.0,61.0,83.0,101.0
151.0,47.0,83.0,101.0
154.0,35.0,82.0,101.0
159.0,28.0,83.0,101.0
160.0,22.0,83.0,100.0
164.0,18.0,83.0,99.0
167.0,16.0,83.0,97.0
170.0,16.0,84.0,96.0
172.0,15.0,82.0,96.0
174.0,15.0,82.0,95.0
178.0,13.0,82.0,97.0
180.0,14.0,82.0,97.0
181.0,17.0,81.0,98.0
182.0,19.0,81.0,98.0
185.0,21.0,80.0,99.0
184.0,24.0,80.0,100.0
184.0,31.0,80.0,100.0
185.0,36.0,80.0,100.0
185.0,44.0,80.0,99.0
185.0,50.0,81.0,99.0
185.0,53.0,81.0,99.0
185.0,56.0,81.0,100.0
185.0,55.0,81.0,100.0
183.0,52.0,81.0,101.0
183.0,48.0,82.0,101.0
182.0,42.0,83.0,101.0
183.0,36.0,84.0,101.0
182.0,31.0,84.0,102.0
182.0,28.0,84.0,102.0
181.0,27.0,84.0,103.0
180.0,27.0,85.0,103.0
179.0,28.0,86.0,103.0
177.0,28.0,87.0,103.0
175.0,27.0,87.0,103.0
174.0,27.0,87.0,103.0
173.0,28.0,89.0,102.0
170.0,28.0,90.0,101.0
168.0,31.0,91.0,101.0
164.0,34.0,92.0,100.0
161.0,36.0,92.0,100.0
158.0,42.0,91.0,101.0
154.0,49.0,91.0,101.0
152.0,58.0,92.0,100.0
149.0,66.0,93.0,99.0
146.0,73.0,92.0,100.0
142.0,79.0,92.0,100.0
137.0,87.0,93.0,100.0
135.0,93.0,92.0,100.0
132.0,98.0,91.0,101.0
129.0,101.0,91.0,101.0
