51.0,53.0,87.0,290.0
57.0,55.0,87.0,289.0
56.0,56.0,89.0,287.0
58.0,59.0,89.0,291.0
60.0,56.0,90.0,294.0
62.0,56.0,91.0,296.0
65.0,52.0,91.0,301.0
69.0,46.0,91.0,305.0
70.0,44.0,92.0,309.0
71.0,44.0,93.0,310.0
72.0,43.0,95.0,309.0
77.0,43.0,95.0,313.0
78.0,41.0,96.0,313.0
82.0,40.0,97.0,314.0
84.0,41.0,99.0,312.0
87.0,41.0,99.0,313.0
89.0,40.0,99.0,313.0
94.0,41.0,99.0,313.0
95.0,43.0,100.0,311.0
99.0,40.0,100.0,310.0
101.0,47.0,100.0,308.0
106.0,43.0,98.0,310.0
106.0,43.0,98.0,309.0
111.0,43.0,97.0,308.0
114.0,48.0,98.0,308.0
118.0,47.0,97.0,309.0
118.0,46.0,99.0,304.0
119.0,49.0,100.0,301.0
120.0,48.0,100.0,298.0
125.0,47.0,99.0,299.0
124.0,47.0,98.0,297.0
129.0,48.0,97.0,297.0
131.0,49.0,98.0,295.0
134.0,49.0,96.0,296.0
136.0,53.0,97.0,294.0
138.0,50.0,97.0,292.0
141.0,49.0,98.0,288.0
135.0,48.0,97.0,288.0
146.0,55.0,96.0,289.0
148.0,53.0,96.0,287.0
151.0,56.0,97.0,284.0
153.0,55.0,96.0,282.0
156.0,56.0,93.0,284.0
157.0,50.0,93.0,285.0
157.0,52.0,94.0,283.0
160.0,51.0,91.0,289.0
161.0,50.0,92.0,288.0
162.0,52.0,92.0,289.0
165.0,52.0,93.0,289.0
165.0,48.0,91.0,291.0
170.0,53.0,90.0,292.0
175.0,55.0,88.0,292.0
178.0,50.0,86.0,294.0
179.0,51.0,86.0,294.0
180.0,50.0,87.0,292.0
182.0,49.0,86.0,292.0
183.0,51.0,87.0,289.0
185.0,54.0,88.0,286.0
187.0,58.0,87.0,286.0
189.0,55.0,88.0,284.0
190.0,58.0,89.0,281.0
193.0,55.0,87.0,282.0
194.0,58.0,88.0,280.0
195.0,56.0,87.0,281.0
196.0,53.0,86.0,280.0
196.0,53.0,87.0,281.0
199.0,54.0,85.0,281.0
200.0,51.0,86.0,281.0
201.0,50.0,86.0,282.0
203.0,48.0,86.0,282.0
203.0,51.0,86.0,283.0
203.0,49.0,87.0,282.0
206.0,47.0,86.0,284.0
210.0,48.0,86.0,282.0
213.0,52.0,85.0,282.0
212.0,52.0,87.0,278.0
213.0,51.0,87.0,276.0
214.0,49.0,87.0,274.0
216.0,51.0,86.0,271.0
216.0,50.0,87.0,269.0
216.0,51.0,86.0,266.0
217.0,51.0,87.0,263.0
217.0,52.0,87.0,260.0
217.0,54.0,86.0,259.0
217.0,55.0,86.0,255.0
218.0,54.0,86.0,253.0
218.0,58.0,86.0,250.0
221.0,59.0,85.0,249.0
222.0,61.0,84.0,247.0
223.0,62.0,84.0,243.0
225.0,64.0,83.0,242.0
229.0,65.0,83.0,239.0
231.0,71.0,82.0,239.0
234.0,65.0,80.0,240.0
236.0,67.0,80.0,237.0
238.0,67.0,79.0,236.0
240.0,67.0,78.0,233.0
241.0,69.0,77.0,231.0
243.0,69.0,77.0,228.0
245.0,69.0,75.0,228.0
246.0,69.0,74.0,227.0
249.0,72.0,74.0,225.0
249.0,70.0,72.0,225.0
251.0,72.0,72.0,222.0
253.0,73.0,72.0,221.0
254.0,74.0,72.0,221.0
254.0,72.0,71.0,219.0
257.0,72.0,70.0,219.0
257.0,73.0,70.0,218.0
259.0,74.0,69.0,216.0
260.0,77.0,69.0,216.0
260.0,73.0,70.0,213.0
262.0,74.0,69.0,213.0
263.0,74.0,68.0,212.0
263.0,76.0,68.0,210.0
263.0,73.0,68.0,209.0
264.0,76.0,67.0,208.0
265.0,75.0,66.0,207.0
267.0,76.0,66.0,206.0
267.0,74.0,65.0,206.0
266.0,74.0,66.0,205.0
267.0,75.0,66.0,205.0
268.0,73.0,65.0,205.0
268.0,74.0,66.0,204.0
268.0,76.0,67.0,202.0
269.0,75.0,67.0,201.0
270.0,76.0,66.0,202.0
270.0,74.0,66.0,200.0
270.0,75.0,65.0,200.0
271.0,75.0,64.0,199.0
271.0,75.0,64.0,198.0
272.0,77.0,64.0,196.0
272.0,75.0,64.0,194.0
273.0,75.0,64.0,192.0
273.0,77.0,64.0,190.0
274.0,77.0,63.0,189.0
276.0,78.0,62.0,188.0
276.0,79.0,61.0,187.0
277.0,76.0,61.0,187.0
278.0,80.0,60.0,187.0
279.0,78.0,60.0,185.0
280.0,78.0,60.0,185.0
280.0,78.0,60.0,186.0
282.0,80.0,59.0,185.0
283.0,77.0,60.0,186.0
283.0,77.0,60.0,185.0
284.0,77.0,60.0,185.0
285.0,78.0,60.0,186.0
287.0,76.0,59.0,186.0
291.0,77.0,58.0,187.0
290.0,77.0,58.0,186.0
293.0,81.0,57.0,185.0
294.0,80.0,57.0,185.0
293.0,78.0,57.0,185.0
296.0,80.0,56.0,184.0
297.0,81.0,56.0,184.0
296.0,82.0,57.0,183.0
298.0,83.0,56.0,182.0
298.0,81.0,57.0,180.0
299.0,82.0,56.0,180.0
299.0,85.0,56.0,178.0
299.0,84.0,57.0,177.0
298.0,83.0,57.0,176.0
300.0,82.0,56.0,176.0
301.0,83.0,54.0,176.0
302.0,83.0,54.0,175.0
303.0,83.0,54.0,176.0
302.0,82.0,54.0,175.0
305.0,84.0,53.0,175.0
304.0,82.0,54.0,175.0
304.0,82.0,54.0,174.0
306.0,84.0,53.0,173.0
306.0,82.0,54.0,172.0
307.0,81.0,53.0,171.0
308.0,85.0,53.0,170.0
308.0,83.0,53.0,169.0
309.0,85.0,52.0,169.0
310.0,86.0,52.0,168.0
310.0,83.0,52.0,169.0
312.0,85.0,51.0,169.0
314.0,84.0,50.0,169.0
313.0,85.0,51.0,168.0
314.0,84.0,50.0,168.0
315.0,85.0,50.0,167.0
315.0,84.0,50.0,167.0
316.0,86.0,49.0,167.0
316.0,87.0,50.0,165.0
316.0,88.0,51.0,163.0
316.0,88.0,51.0,162.0
317.0,88.0,51.0,162.0
318.0,89.0,51.0,160.0
319.0,88.0,50.0,160.0
321.0,91.0,50.0,158.0
322.0,89.0,49.0,158.0
323.0,91.0,49.0,158.0
322.0,89.0,50.0,157.0
323.0,90.0,50.0,158.0
323.0,88.0,50.0,157.0
323.0,89.0,50.0,158.0
323.0,89.0,50.0,157.0
324.0,91.0,50.0,157.0
325.0,89.0,49.0,157.0
327.0,90.0,49.0,156.0
326.0,88.0,49.0,156.0
328.0,89.0,48.0,155.0
327.0,89.0,48.0,155.0
329.0,90.0,48.0,155.0
331.0,90.0,46.0,156.0
331.0,89.0,47.0,155.0
332.0,89.0,47.0,155.0
331.0,91.0,47.0,154.0
332.0,89.0,46.0,154.0
333.0,92.0,46.0,154.0
333.0,91.0,47.0,153.0
332.0,90.0,47.0,153.0
332.0,90.0,46.0,153.0
333.0,89.0,46.0,152.0
332.0,89.0,47.0,152.0
333.0,91.0,46.0,153.0
334.0,90.0,47.0,151.0
333.0,89.0,46.0,152.0
335.0,87.0,45.0,153.0
335.0,87.0,45.0,153.0
335.0,87.0,45.0,152.0
336.0,89.0,44.0,152.0
335.0,90.0,44.0,151.0
336.0,89.0,45.0,150.0
336.0,92.0,45.0,150.0
336.0,94.0,46.0,148.0
336.0,93.0,46.0,148.0
336.0,93.0,45.0,147.0
335.0,94.0,46.0,145.0
336.0,94.0,47.0,145.0
334.0,92.0,47.0,145.0
336.0,91.0,46.0,145.0
335.0,90.0,46.0,145.0
335.0,93.0,46.0,144.0
336.0,92.0,45.0,144.0
336.0,90.0,45.0,144.0
336.0,90.0,45.0,143.0
335.0,91.0,45.0,142.0
335.0,92.0,45.0,141.0
335.0,92.0,45.0,140.0
336.0,92.0,44.0,140.0
336.0,92.0,44.0,139.0
337.0,93.0,43.0,138.0
337.0,93.0,43.0,138.0
337.0,92.0,42.0,137.0
337.0,95.0,43.0,136.0
337.0,95.0,42.0,137.0
338.0,97.0,41.0,135.0
337.0,97.0,42.0,134.0
337.0,97.0,41.0,134.0
337.0,97.0,41.0,133.0
337.0,98.0,41.0,132.0
338.0,99.0,40.0,131.0
338.0,100.0,40.0,131.0
338.0,100.0,41.0,129.0
338.0,101.0,40.0,129.0
338.0,100.0,40.0,128.0
338.0,100.0,39.0,128.0
338.0,100.0,40.0,126.0
338.0,100.0,40.0,125.0
338.0,101.0,39.0,125.0
338.0,101.0,39.0,124.0
338.0,101.0,39.0,123.0
339.0,100.0,38.0,123.0
338.0,101.0,38.0,122.0
337.0,100.0,39.0,121.0
337.0,100.0,38.0,122.0
337.0,101.0,38.0,122.0
336.0,101.0,38.0,122.0
336.0,101.0,38.0,122.0
336.0,102.0,39.0,121.0
337.0,102.0,39.0,121.0
337.0,101.0,39.0,121.0
337.0,102.0,39.0,119.0
338.0,102.0,39.0,120.0
337.0,102.0,39.0,119.0
337.0,102.0,38.0,119.0
338.0,102.0,38.0,120.0
338.0,101.0,38.0,120.0
338.0,101.0,37.0,121.0
339.0,101.0,37.0,122.0
339.0,100.0,38.0,122.0
338.0,100.0,38.0,121.0
338.0,101.0,38.0,120.0
337.0,101.0,38.0,120.0
338.0,101.0,38.0,120.0
339.0,101.0,38.0,120.0
339.0,101.0,38.0,120.0
338.0,101.0,37.0,121.0
339.0,101.0,37.0,120.0
339.0,101.0,38.0,120.0
341.0,102.0,37.0,120.0
340.0,100.0,37.0,121.0
339.0,100.0,37.0,121.0
339.0,101.0,37.0,120.0
339.0,102.0,37.0,120.0
341.0,103.0,37.0,119.0
340.0,103.0,37.0,119.0
342.0,103.0,36.0,119.0
343.0,104.0,36.0,118.0
343.0,104.0,36.0,117.0
344.0,104.0,35.0,117.0
344.0,105.0,36.0,116.0
344.0,106.0,35.0,115.0
344.0,108.0,36.0,113.0
344.0,108.0,36.0,112.0
344.0,107.0,35.0,111.0
344.0,106.0,35.0,111.0
345.0,106.0,34.0,110.0
344.0,106.0,34.0,110.0
344.0,106.0,33.0,109.0
344.0,106.0,33.0,109.0
343.0,106.0,33.0,107.0
344.0,107.0,32.0,107.0
344.0,107.0,32.0,106.0
344.0,108.0,32.0,105.0
344.0,108.0,32.0,104.0
344.0,107.0,32.0,103.0
344.0,107.0,31.0,103.0
344.0,107.0,31.0,103.0
343.0,107.0,31.0,102.0
342.0,107.0,31.0,101.0
342.0,108.0,32.0,100.0
341.0,108.0,32.0,99.0
342.0,109.0,32.0,99.0
341.0,108.0,31.0,100.0
342.0,107.0,31.0,100.0
342.0,108.0,31.0,100.0
341.0,107.0,31.0,100.0
341.0,108.0,31.0,99.0
341.0,109.0,31.0,99.0
341.0,109.0,32.0,97.0
341.0,110.0,32.0,97.0
341.0,110.0,31.0,96.0
341.0,111.0,31.0,95.0
342.0,111.0,31.0,96.0
342.0,110.0,31.0,96.0
342.0,110.0,30.0,96.0
342.0,111.0,30.0,95.0
343.0,111.0,30.0,95.0
343.0,111.0,30.0,95.0
344.0,111.0,29.0,95.0
345.0,112.0,29.0,95.0
345.0,112.0,28.0,95.0
345.0,112.0,28.0,94.0
346.0,113.0,28.0,93.0
346.0,113.0,27.0,93.0
347.0,113.0,27.0,93.0
