162.0,188.0,34.0,84.0
162.0,188.0,33.0,83.0
161.0,188.0,34.0,82.0
162.0,189.0,33.0,82.0
161.0,189.0,33.0,81.0
161.0,189.0,33.0,81.0
161.0,186.0,33.0,81.0
160.0,188.0,33.0,82.0
159.0,186.0,32.0,82.0
161.0,186.0,31.0,84.0
164.0,186.0,31.0,84.0
162.0,186.0,30.0,84.0
166.0,186.0,30.0,85.0
164.0,186.0,29.0,86.0
164.0,185.0,29.0,86.0
164.0,186.0,29.0,86.0
163.0,188.0,29.0,86.0
163.0,188.0,29.0,85.0
163.0,189.0,29.0,85.0
163.0,192.0,30.0,85.0
162.0,194.0,30.0,84.0
163.0,194.0,30.0,84.0
164.0,195.0,30.0,84.0
165.0,195.0,30.0,83.0
165.0,194.0,30.0,83.0
164.0,194.0,30.0,83.0
165.0,193.0,30.0,84.0
166.0,193.0,30.0,85.0
167.0,194.0,29.0,86.0
168.0,194.0,29.0,86.0
169.0,195.0,29.0,85.0
169.0,193.0,29.0,86.0
170.0,194.0,28.0,87.0
169.0,191.0,28.0,88.0
168.0,192.0,28.0,88.0
168.0,193.0,28.0,88.0
167.0,193.0,29.0,87.0
167.0,193.0,29.0,86.0
166.0,192.0,29.0,87.0
165.0,194.0,30.0,86.0
164.0,195.0,30.0,86.0
163.0,196.0,30.0,85.0
163.0,193.0,30.0,86.0
164.0,195.0,29.0,86.0
164.0,196.0,30.0,85.0
164.0,196.0,30.0,84.0
158.0,200.0,30.0,83.0
157.0,200.0,30.0,83.0
156.0,198.0,30.0,83.0
156.0,200.0,31.0,82.0
155.0,198.0,31.0,82.0
156.0,195.0,31.0,81.0
155.0,196.0,31.0,82.0
154.0,197.0,31.0,82.0
154.0,194.0,31.0,82.0
154.0,196.0,31.0,82.0
149.0,198.0,31.0,82.0
150.0,195.0,31.0,82.0
152.0,197.0,30.0,83.0
151.0,193.0,30.0,83.0
149.0,189.0,30.0,82.0
148.0,187.0,29.0,83.0
147.0,186.0,29.0,83.0
146.0,187.0,29.0,84.0
146.0,189.0,28.0,84.0
146.0,190.0,28.0,85.0
147.0,192.0,28.0,85.0
146.0,192.0,28.0,86.0
145.0,190.0,28.0,86.0
147.0,191.0,28.0,87.0
148.0,191.0,28.0,87.0
149.0,190.0,28.0,87.0
150.0,190.0,28.0,87.0
151.0,188.0,28.0,88.0
151.0,187.0,28.0,88.0
158.0,191.0,28.0,89.0
159.0,191.0,27.0,90.0
159.0,191.0,27.0,90.0
166.0,190.0,27.0,91.0
167.0,190.0,27.0,91.0
169.0,191.0,27.0,91.0
170.0,190.0,27.0,91.0
172.0,186.0,27.0,92.0
180.0,188.0,27.0,92.0
180.0,191.0,28.0,92.0
182.0,189.0,27.0,93.0
190.0,189.0,28.0,92.0
191.0,188.0,29.0,90.0
192.0,187.0,29.0,91.0
198.0,191.0,30.0,90.0
198.0,188.0,29.0,91.0
199.0,185.0,29.0,91.0
200.0,185.0,29.0,91.0
200.0,187.0,29.0,92.0
200.0,188.0,30.0,91.0
201.0,189.0,30.0,90.0
201.0,189.0,30.0,90.0
201.0,188.0,30.0,91.0
202.0,186.0,31.0,92.0
202.0,189.0,31.0,92.0
202.0,187.0,31.0,94.0
202.0,185.0,31.0,95.0
202.0,185.0,31.0,95.0
202.0,184.0,32.0,95.0
203.0,183.0,32.0,96.0
204.0,182.0,32.0,98.0
205.0,181.0,33.0,97.0
206.0,179.0,33.0,98.0
207.0,178.0,33.0,98.0
208.0,176.0,33.0,99.0
210.0,174.0,33.0,99.0
212.0,173.0,34.0,100.0
213.0,173.0,35.0,100.0
214.0,172.0,34.0,101.0
216.0,172.0,35.0,102.0
218.0,168.0,34.0,103.0
220.0,168.0,35.0,103.0
222.0,166.0,35.0,105.0
223.0,166.0,35.0,106.0
224.0,164.0,35.0,107.0
225.0,164.0,36.0,107.0
227.0,163.0,36.0,107.0
226.0,163.0,37.0,107.0
226.0,162.0,37.0,108.0
226.0,162.0,38.0,107.0
225.0,162.0,39.0,107.0
226.0,163.0,39.0,107.0
225.0,161.0,39.0,108.0
226.0,162.0,39.0,108.0
226.0,162.0,39.0,108.0
226.0,162.0,39.0,108.0
226.0,161.0,39.0,108.0
226.0,160.0,39.0,109.0
226.0,159.0,39.0,109.0
226.0,158.0,39.0,110.0
227.0,158.0,39.0,111.0
226.0,158.0,39.0,112.0
227.0,157.0,39.0,112.0
227.0,158.0,40.0,111.0
227.0,158.0,40.0,111.0
226.0,158.0,40.0,111.0
227.0,158.0,40.0,112.0
227.0,158.0,39.0,114.0
226.0,158.0,39.0,114.0
225.0,158.0,39.0,114.0
225.0,158.0,39.0,114.0
225.0,159.0,40.0,114.0
226.0,159.0,40.0,115.0
226.0,158.0,40.0,117.0
226.0,157.0,40.0,118.0
226.0,157.0,40.0,119.0
225.0,158.0,40.0,119.0
226.0,156.0,40.0,119.0
226.0,157.0,40.0,119.0
227.0,159.0,41.0,119.0
226.0,159.0,41.0,118.0
226.0,162.0,40.0,118.0
226.0,165.0,41.0,116.0
227.0,168.0,41.0,116.0
226.0,166.0,41.0,116.0
227.0,169.0,41.0,114.0
227.0,168.0,40.0,113.0
227.0,168.0,40.0,113.0
235.0,164.0,40.0,113.0
234.0,165.0,40.0,112.0
225.0,165.0,40.0,111.0
225.0,164.0,39.0,111.0
225.0,166.0,39.0,110.0
225.0,164.0,38.0,110.0
224.0,164.0,39.0,109.0
225.0,162.0,39.0,108.0
226.0,162.0,39.0,108.0
218.0,158.0,39.0,108.0
218.0,159.0,38.0,109.0
219.0,159.0,38.0,109.0
220.0,161.0,38.0,109.0
221.0,147.0,38.0,109.0
222.0,144.0,37.0,109.0
212.0,161.0,37.0,109.0
212.0,166.0,36.0,111.0
221.0,168.0,35.0,112.0
219.0,165.0,34.0,112.0
219.0,168.0,33.0,113.0
219.0,168.0,32.0,113.0
220.0,162.0,31.0,114.0
219.0,159.0,32.0,115.0
219.0,157.0,32.0,115.0
218.0,159.0,33.0,117.0
217.0,158.0,32.0,117.0
216.0,162.0,33.0,117.0
214.0,161.0,32.0,118.0
212.0,161.0,34.0,116.0
211.0,166.0,35.0,114.0
208.0,165.0,35.0,113.0
207.0,165.0,35.0,113.0
206.0,166.0,35.0,113.0
204.0,165.0,36.0,111.0
202.0,165.0,36.0,110.0
202.0,166.0,36.0,109.0
202.0,165.0,36.0,109.0
202.0,167.0,36.0,109.0
201.0,167.0,36.0,108.0
194.0,168.0,35.0,108.0
195.0,167.0,36.0,106.0
195.0,165.0,36.0,105.0
195.0,167.0,36.0,104.0
193.0,168.0,37.0,102.0
191.0,168.0,37.0,101.0
191.0,169.0,38.0,101.0
183.0,171.0,38.0,100.0
184.0,169.0,38.0,100.0
184.0,170.0,38.0,100.0
183.0,170.0,37.0,101.0
184.0,171.0,37.0,102.0
185.0,170.0,37.0,102.0
186.0,167.0,37.0,102.0
180.0,167.0,37.0,103.0
182.0,166.0,37.0,101.0
184.0,167.0,38.0,101.0
185.0,167.0,38.0,101.0
186.0,167.0,37.0,101.0
187.0,168.0,37.0,101.0
188.0,167.0,37.0,101.0
188.0,165.0,37.0,102.0
188.0,167.0,37.0,101.0
187.0,167.0,37.0,100.0
187.0,167.0,37.0,100.0
186.0,166.0,37.0,100.0
186.0,166.0,37.0,100.0
186.0,165.0,36.0,101.0
185.0,164.0,37.0,101.0
184.0,164.0,36.0,101.0
183.0,166.0,36.0,102.0
182.0,167.0,37.0,102.0
182.0,166.0,37.0,102.0
184.0,168.0,37.0,103.0
185.0,162.0,38.0,103.0
186.0,164.0,38.0,103.0
187.0,163.0,37.0,105.0
188.0,163.0,37.0,106.0
189.0,161.0,37.0,105.0
189.0,161.0,37.0,106.0
190.0,162.0,36.0,108.0
190.0,160.0,36.0,108.0
190.0,161.0,36.0,110.0
198.0,161.0,36.0,111.0
198.0,160.0,36.0,112.0
198.0,158.0,35.0,114.0
199.0,155.0,35.0,115.0
199.0,153.0,35.0,115.0
199.0,152.0,35.0,114.0
199.0,154.0,35.0,115.0
196.0,152.0,35.0,116.0
195.0,152.0,35.0,116.0
196.0,150.0,35.0,117.0
195.0,153.0,35.0,116.0
193.0,154.0,36.0,116.0
193.0,157.0,36.0,116.0
191.0,155.0,36.0,116.0
192.0,154.0,36.0,115.0
193.0,159.0,37.0,114.0
193.0,156.0,36.0,114.0
193.0,156.0,36.0,115.0
199.0,158.0,37.0,115.0
197.0,158.0,37.0,115.0
196.0,156.0,37.0,115.0
197.0,154.0,37.0,115.0
199.0,153.0,37.0,116.0
201.0,155.0,37.0,116.0
203.0,154.0,37.0,116.0
205.0,158.0,37.0,116.0
205.0,155.0,37.0,117.0
206.0,155.0,36.0,118.0
214.0,157.0,37.0,119.0
221.0,155.0,37.0,118.0
221.0,156.0,37.0,118.0
221.0,159.0,37.0,118.0
230.0,167.0,36.0,119.0
230.0,169.0,36.0,119.0
231.0,164.0,36.0,119.0
241.0,157.0,35.0,120.0
241.0,156.0,35.0,120.0
243.0,163.0,36.0,119.0
244.0,157.0,36.0,118.0
245.0,159.0,37.0,116.0
246.0,156.0,37.0,116.0
246.0,160.0,36.0,116.0
244.0,161.0,37.0,116.0
244.0,164.0,36.0,117.0
244.0,164.0,36.0,117.0
246.0,165.0,35.0,117.0
247.0,163.0,36.0,117.0
248.0,166.0,36.0,117.0
250.0,161.0,35.0,117.0
252.0,164.0,36.0,115.0
253.0,162.0,36.0,116.0
252.0,159.0,35.0,117.0
251.0,158.0,35.0,117.0
251.0,160.0,35.0,117.0
250.0,161.0,35.0,116.0
249.0,163.0,35.0,116.0
247.0,164.0,36.0,116.0
246.0,163.0,36.0,117.0
245.0,160.0,36.0,118.0
246.0,162.0,35.0,119.0
244.0,148.0,36.0,118.0
244.0,153.0,36.0,118.0
244.0,147.0,37.0,118.0
244.0,152.0,36.0,118.0
243.0,156.0,36.0,118.0
242.0,157.0,36.0,117.0
242.0,161.0,36.0,118.0
241.0,154.0,35.0,118.0
240.0,150.0,35.0,119.0
239.0,153.0,34.0,120.0
238.0,151.0,34.0,120.0
237.0,149.0,34.0,121.0
236.0,145.0,34.0,121.0
235.0,149.0,34.0,121.0
234.0,146.0,33.0,122.0
233.0,143.0,32.0,124.0
231.0,144.0,33.0,124.0
228.0,141.0,33.0,125.0
225.0,139.0,33.0,124.0
223.0,142.0,33.0,124.0
223.0,144.0,34.0,124.0
223.0,145.0,34.0,124.0
223.0,149.0,34.0,124.0
223.0,151.0,34.0,124.0
221.0,153.0,35.0,124.0
222.0,157.0,36.0,123.0
222.0,165.0,35.0,124.0
223.0,164.0,35.0,125.0
221.0,166.0,36.0,124.0
230.0,146.0,35.0,124.0
237.0,139.0,37.0,122.0
237.0,143.0,36.0,123.0
238.0,144.0,36.0,124.0
246.0,138.0,36.0,124.0
245.0,138.0,36.0,125.0
246.0,139.0,36.0,126.0
247.0,141.0,35.0,127.0
257.0,160.0,36.0,127.0
257.0,157.0,34.0,129.0
258.0,155.0,34.0,130.0
259.0,162.0,36.0,128.0
260.0,161.0,36.0,127.0
268.0,150.0,36.0,127.0
266.0,142.0,36.0,128.0
265.0,135.0,36.0,129.0
265.0,137.0,37.0,129.0
273.0,148.0,36.0,130.0
272.0,155.0,36.0,130.0
272.0,154.0,36.0,132.0
281.0,146.0,36.0,132.0
277.0,137.0,39.0,130.0
266.0,123.0,39.0,130.0
253.0,113.0,39.0,129.0
252.0,105.0,39.0,130.0
280.0,149.0,39.0,129.0
278.0,148.0,39.0,129.0
277.0,148.0,39.0,130.0
273.0,138.0,41.0,128.0
272.0,139.0,42.0,127.0
279.0,136.0,42.0,127.0
275.0,137.0,43.0,126.0
284.0,125.0,43.0,125.0
282.0,117.0,43.0,125.0
279.0,118.0,45.0,122.0
287.0,119.0,44.0,123.0
284.0,129.0,45.0,122.0
282.0,128.0,46.0,119.0
279.0,137.0,46.0,119.0
300.0,123.0,44.0,121.0
287.0,116.0,45.0,118.0
305.0,122.0,44.0,120.0
302.0,119.0,44.0,119.0
300.0,117.0,44.0,118.0
300.0,127.0,43.0,120.0
309.0,132.0,42.0,120.0
318.0,132.0,42.0,121.0
326.0,137.0,40.0,123.0
326.0,132.0,38.0,125.0
326.0,130.0,37.0,125.0
326.0,131.0,37.0,124.0
327.0,127.0,36.0,125.0
328.0,126.0,34.0,127.0
329.0,124.0,33.0,129.0
337.0,126.0,33.0,128.0
336.0,127.0,33.0,128.0
335.0,128.0,34.0,127.0
335.0,130.0,34.0,127.0
335.0,135.0,34.0,126.0
336.0,134.0,35.0,125.0
336.0,127.0,35.0,125.0
336.0,122.0,35.0,125.0
337.0,124.0,35.0,125.0
338.0,128.0,35.0,126.0
339.0,130.0,34.0,127.0
340.0,131.0,35.0,125.0
