302.0,135.0,67.0,81.0
301.0,137.0,68.0,80.0
298.0,143.0,68.0,81.0
298.0,144.0,69.0,80.0
300.0,146.0,69.0,81.0
303.0,147.0,69.0,82.0
307.0,147.0,70.0,82.0
309.0,148.0,70.0,82.0
307.0,148.0,71.0,82.0
308.0,149.0,71.0,83.0
308.0,149.0,71.0,84.0
310.0,149.0,73.0,83.0
316.0,144.0,74.0,83.0
319.0,140.0,75.0,83.0
326.0,136.0,74.0,85.0
331.0,133.0,73.0,85.0
333.0,129.0,74.0,86.0
332.0,130.0,74.0,86.0
333.0,129.0,76.0,86.0
335.0,123.0,76.0,87.0
340.0,119.0,78.0,86.0
345.0,115.0,77.0,87.0
351.0,112.0,77.0,88.0
356.0,112.0,77.0,89.0
358.0,118.0,79.0,88.0
365.0,129.0,79.0,89.0
373.0,130.0,79.0,91.0
374.0,125.0,78.0,93.0
362.0,110.0,80.0,93.0
350.0,92.0,81.0,93.0
344.0,85.0,82.0,93.0
337.0,82.0,82.0,94.0
336.0,81.0,82.0,94.0
335.0,84.0,83.0,94.0
336.0,89.0,84.0,94.0
339.0,101.0,86.0,95.0
350.0,115.0,87.0,95.0
364.0,130.0,89.0,95.0
365.0,127.0,91.0,96.0
361.0,105.0,91.0,97.0
359.0,97.0,90.0,99.0
358.0,89.0,92.0,99.0
355.0,84.0,93.0,98.0
354.0,82.0,93.0,98.0
352.0,83.0,94.0,97.0
351.0,89.0,95.0,98.0
358.0,99.0,94.0,99.0
364.0,119.0,95.0,99.0
373.0,132.0,95.0,101.0
368.0,135.0,94.0,103.0
366.0,138.0,93.0,105.0
362.0,119.0,92.0,108.0
360.0,113.0,92.0,108.0
356.0,109.0,94.0,105.0
352.0,105.0,95.0,105.0
348.0,108.0,97.0,105.0
353.0,116.0,96.0,106.0
351.0,134.0,95.0,108.0
348.0,155.0,96.0,108.0
346.0,168.0,99.0,106.0
334.0,163.0,98.0,108.0
329.0,142.0,96.0,111.0
317.0,126.0,95.0,112.0
315.0,115.0,94.0,112.0
307.0,107.0,94.0,111.0
301.0,106.0,94.0,109.0
297.0,108.0,94.0,110.0
296.0,122.0,93.0,109.0
295.0,133.0,93.0,110.0
293.0,151.0,93.0,110.0
292.0,161.0,93.0,110.0
295.0,178.0,92.0,111.0
285.0,179.0,93.0,110.0
278.0,165.0,95.0,109.0
266.0,145.0,95.0,108.0
267.0,128.0,93.0,110.0
265.0,124.0,92.0,109.0
262.0,122.0,93.0,106.0
258.0,121.0,94.0,105.0
255.0,125.0,94.0,102.0
252.0,132.0,93.0,103.0
251.0,147.0,91.0,103.0
250.0,163.0,91.0,103.0
249.0,178.0,92.0,102.0
247.0,179.0,90.0,103.0
245.0,175.0,90.0,103.0
240.0,168.0,91.0,101.0
236.0,162.0,90.0,102.0
233.0,167.0,92.0,101.0
230.0,177.0,92.0,100.0
230.0,182.0,93.0,99.0
229.0,182.0,93.0,99.0
226.0,184.0,94.0,99.0
295.0,149.0,94.0,100.0
294.0,160.0,95.0,100.0
294.0,162.0,97.0,98.0
296.0,165.0,98.0,97.0
295.0,167.0,99.0,95.0
297.0,170.0,100.0,94.0
301.0,168.0,102.0,94.0
301.0,157.0,102.0,94.0
304.0,146.0,101.0,94.0
307.0,150.0,99.0,96.0
300.0,136.0,98.0,97.0
299.0,131.0,98.0,97.0
302.0,147.0,97.0,97.0
306.0,160.0,97.0,98.0
325.0,166.0,96.0,99.0
338.0,203.0,96.0,99.0
416.0,264.0,95.0,100.0
418.0,262.0,94.0,100.0
405.0,262.0,92.0,100.0
434.0,270.0,93.0,99.0
435.0,264.0,93.0,99.0
434.0,260.0,94.0,99.0
471.0,259.0,95.0,98.0
472.0,265.0,94.0,98.0
487.0,256.0,93.0,97.0
487.0,255.0,93.0,96.0
495.0,250.0,93.0,96.0
534.0,245.0,93.0,96.0
551.0,256.0,91.0,98.0
531.0,254.0,88.0,100.0
532.0,250.0,88.0,99.0
462.0,189.0,91.0,96.0
464.0,200.0,91.0,95.0
454.0,213.0,91.0,93.0
467.0,209.0,90.0,94.0
489.0,138.0,89.0,93.0
485.0,145.0,89.0,93.0
475.0,143.0,90.0,92.0
484.0,140.0,91.0,90.0
497.0,159.0,90.0,91.0
496.0,169.0,90.0,91.0
497.0,256.0,89.0,93.0
501.0,264.0,88.0,93.0
466.0,232.0,87.0,93.0
467.0,223.0,86.0,93.0
468.0,229.0,85.0,92.0
469.0,230.0,85.0,92.0
468.0,235.0,84.0,93.0
470.0,251.0,82.0,94.0
473.0,257.0,81.0,94.0
476.0,263.0,82.0,93.0
533.0,256.0,82.0,92.0
533.0,251.0,83.0,91.0
537.0,271.0,84.0,91.0
546.0,269.0,84.0,90.0
544.0,264.0,83.0,91.0
534.0,244.0,82.0,92.0
540.0,259.0,83.0,90.0
541.0,267.0,84.0,89.0
545.0,263.0,87.0,87.0
546.0,264.0,87.0,87.0
537.0,260.0,87.0,87.0
544.0,260.0,87.0,87.0
519.0,254.0,86.0,87.0
536.0,273.0,84.0,90.0
536.0,264.0,84.0,90.0
528.0,236.0,85.0,89.0
520.0,212.0,84.0,91.0
541.0,223.0,85.0,89.0
547.0,233.0,86.0,90.0
553.0,172.0,84.0,90.0
553.0,175.0,83.0,92.0
551.0,197.0,84.0,91.0
556.0,209.0,81.0,92.0
561.0,209.0,80.0,92.0
533.0,204.0,80.0,93.0
542.0,193.0,81.0,92.0
552.0,181.0,82.0,91.0
550.0,189.0,83.0,90.0
560.0,165.0,81.0,91.0
468.0,185.0,83.0,89.0
470.0,196.0,83.0,89.0
473.0,205.0,84.0,88.0
492.0,224.0,84.0,88.0
496.0,237.0,84.0,89.0
505.0,254.0,83.0,90.0
506.0,254.0,84.0,89.0
509.0,229.0,84.0,90.0
499.0,217.0,86.0,89.0
490.0,213.0,88.0,89.0
492.0,208.0,87.0,91.0
492.0,211.0,88.0,91.0
505.0,201.0,87.0,92.0
503.0,208.0,87.0,92.0
512.0,232.0,89.0,91.0
527.0,230.0,88.0,92.0
514.0,215.0,89.0,92.0
512.0,214.0,90.0,91.0
521.0,197.0,90.0,91.0
537.0,196.0,89.0,92.0
483.0,185.0,90.0,90.0
480.0,179.0,90.0,90.0
472.0,188.0,88.0,91.0
484.0,191.0,87.0,92.0
482.0,208.0,86.0,92.0
483.0,223.0,87.0,91.0
471.0,221.0,87.0,91.0
469.0,207.0,87.0,89.0
467.0,195.0,86.0,90.0
467.0,181.0,85.0,92.0
453.0,179.0,85.0,91.0
432.0,161.0,85.0,92.0
433.0,158.0,85.0,92.0
432.0,167.0,85.0,91.0
430.0,176.0,84.0,92.0
420.0,184.0,83.0,92.0
427.0,194.0,84.0,91.0
422.0,204.0,85.0,90.0
421.0,200.0,85.0,90.0
417.0,198.0,85.0,90.0
413.0,183.0,85.0,90.0
409.0,183.0,84.0,91.0
393.0,168.0,84.0,90.0
482.0,183.0,83.0,90.0
480.0,183.0,82.0,89.0
477.0,183.0,81.0,89.0
477.0,189.0,80.0,89.0
478.0,196.0,81.0,87.0
479.0,207.0,81.0,85.0
480.0,218.0,79.0,85.0
487.0,209.0,77.0,87.0
480.0,197.0,74.0,88.0
470.0,187.0,74.0,87.0
471.0,175.0,72.0,88.0
463.0,167.0,72.0,87.0
463.0,168.0,72.0,86.0
546.0,205.0,73.0,83.0
547.0,208.0,74.0,82.0
551.0,214.0,73.0,81.0
552.0,218.0,75.0,80.0
552.0,216.0,74.0,82.0
542.0,203.0,72.0,84.0
532.0,195.0,71.0,84.0
529.0,191.0,71.0,84.0
526.0,185.0,71.0,84.0
548.0,215.0,74.0,81.0
546.0,214.0,76.0,80.0
538.0,205.0,76.0,81.0
527.0,189.0,74.0,83.0
518.0,178.0,72.0,84.0
513.0,174.0,72.0,85.0
510.0,171.0,73.0,83.0
508.0,169.0,73.0,82.0
504.0,164.0,76.0,79.0
503.0,165.0,75.0,78.0
511.0,166.0,75.0,77.0
518.0,173.0,74.0,78.0
529.0,173.0,74.0,79.0
531.0,176.0,75.0,79.0
531.0,165.0,75.0,80.0
523.0,155.0,73.0,82.0
512.0,156.0,73.0,82.0
511.0,148.0,73.0,81.0
509.0,148.0,72.0,81.0
508.0,143.0,72.0,80.0
513.0,144.0,71.0,81.0
511.0,154.0,72.0,80.0
510.0,161.0,72.0,79.0
517.0,169.0,72.0,79.0
508.0,168.0,72.0,79.0
515.0,167.0,72.0,79.0
511.0,157.0,71.0,80.0
508.0,155.0,71.0,79.0
506.0,150.0,71.0,79.0
505.0,148.0,71.0,79.0
503.0,147.0,71.0,79.0
503.0,148.0,72.0,77.0
496.0,97.0,72.0,77.0
498.0,95.0,73.0,77.0
503.0,93.0,74.0,76.0
508.0,100.0,75.0,76.0
513.0,97.0,75.0,76.0
516.0,99.0,75.0,77.0
521.0,98.0,76.0,77.0
526.0,95.0,75.0,78.0
530.0,99.0,75.0,78.0
542.0,95.0,75.0,79.0
544.0,97.0,76.0,80.0
549.0,97.0,76.0,81.0
553.0,96.0,77.0,81.0
557.0,91.0,77.0,81.0
559.0,93.0,77.0,81.0
561.0,95.0,77.0,81.0
564.0,88.0,77.0,81.0
566.0,85.0,73.0,85.0
566.0,84.0,72.0,87.0
566.0,85.0,71.0,87.0
567.0,86.0,71.0,88.0
534.0,114.0,73.0,86.0
476.0,159.0,76.0,83.0
478.0,160.0,77.0,82.0
479.0,163.0,78.0,82.0
484.0,170.0,79.0,82.0
489.0,172.0,79.0,82.0
532.0,139.0,79.0,81.0
543.0,138.0,76.0,82.0
543.0,129.0,75.0,83.0
543.0,119.0,74.0,83.0
541.0,110.0,74.0,83.0
546.0,109.0,75.0,82.0
542.0,108.0,76.0,80.0
541.0,107.0,76.0,78.0
548.0,110.0,76.0,78.0
547.0,114.0,76.0,76.0
546.0,125.0,78.0,74.0
547.0,134.0,78.0,73.0
549.0,134.0,77.0,73.0
556.0,129.0,75.0,75.0
562.0,116.0,73.0,77.0
561.0,105.0,71.0,78.0
560.0,100.0,70.0,78.0
561.0,90.0,69.0,78.0
560.0,86.0,69.0,77.0
565.0,86.0,69.0,75.0
564.0,88.0,69.0,74.0
571.0,92.0,67.0,74.0
576.0,95.0,65.0,74.0
573.0,112.0,65.0,73.0
578.0,117.0,64.0,73.0
578.0,111.0,64.0,73.0
578.0,98.0,63.0,74.0
580.0,87.0,62.0,74.0
576.0,80.0,62.0,73.0
575.0,78.0,61.0,73.0
575.0,77.0,61.0,73.0
574.0,76.0,61.0,72.0
573.0,75.0,61.0,71.0
571.0,83.0,61.0,71.0
569.0,107.0,63.0,69.0
564.0,108.0,64.0,68.0
564.0,99.0,64.0,68.0
568.0,87.0,64.0,68.0
552.0,71.0,64.0,68.0
551.0,69.0,65.0,67.0
543.0,69.0,65.0,67.0
544.0,66.0,63.0,68.0
543.0,70.0,62.0,68.0
535.0,73.0,63.0,67.0
533.0,81.0,62.0,68.0
539.0,90.0,61.0,68.0
537.0,94.0,62.0,68.0
533.0,69.0,61.0,68.0
529.0,58.0,62.0,68.0
528.0,48.0,60.0,69.0
525.0,45.0,61.0,69.0
518.0,46.0,61.0,68.0
519.0,48.0,60.0,69.0
512.0,52.0,60.0,69.0
513.0,71.0,59.0,69.0
514.0,77.0,59.0,69.0
515.0,67.0,59.0,69.0
515.0,54.0,59.0,69.0
516.0,43.0,60.0,68.0
516.0,35.0,60.0,68.0
515.0,35.0,62.0,67.0
507.0,35.0,62.0,66.0
506.0,36.0,62.0,66.0
505.0,40.0,60.0,68.0
507.0,51.0,60.0,69.0
506.0,57.0,60.0,68.0
505.0,52.0,60.0,69.0
502.0,33.0,60.0,69.0
498.0,22.0,60.0,70.0
490.0,10.0,61.0,69.0
493.0,5.0,61.0,69.0
493.0,5.0,61.0,68.0
491.0,6.0,62.0,67.0
489.0,10.0,60.0,68.0
488.0,26.0,60.0,69.0
490.0,35.0,61.0,69.0
488.0,32.0,62.0,68.0
483.0,20.0,62.0,69.0
474.0,6.0,62.0,69.0
472.0,3.0,63.0,68.0
470.0,2.0,64.0,67.0
465.0,1.0,62.0,67.0
464.0,3.0,61.0,68.0
464.0,3.0,61.0,67.0
467.0,4.0,60.0,68.0
467.0,1.0,59.0,69.0
486.0,1.0,59.0,69.0
485.0,1.0,60.0,68.0
478.0,1.0,61.0,68.0
476.0,1.0,61.0,68.0
468.0,1.0,61.0,68.0
460.0,1.0,61.0,68.0
468.0,1.0,62.0,68.0
466.0,1.0,62.0,68.0
453.0,1.0,62.0,68.0
