275.0,137.0,23.0,26.0
278.0,135.0,22.0,26.0
279.0,134.0,22.0,26.0
280.0,134.0,22.0,26.0
281.0,135.0,22.0,27.0
277.0,137.0,22.0,26.0
272.0,143.0,22.0,26.0
269.0,150.0,22.0,26.0
270.0,151.0,22.0,26.0
270.0,155.0,22.0,26.0
274.0,154.0,22.0,26.0
277.0,151.0,21.0,26.0
280.0,145.0,21.0,26.0
279.0,144.0,21.0,27.0
279.0,132.0,21.0,27.0
279.0,119.0,21.0,27.0
277.0,104.0,22.0,27.0
275.0,88.0,22.0,27.0
275.0,87.0,22.0,27.0
275.0,75.0,22.0,27.0
278.0,67.0,22.0,28.0
280.0,58.0,22.0,28.0
281.0,53.0,22.0,28.0
281.0,52.0,22.0,28.0
282.0,53.0,22.0,28.0
283.0,58.0,22.0,28.0
286.0,64.0,22.0,28.0
286.0,71.0,22.0,28.0
286.0,70.0,22.0,28.0
283.0,72.0,22.0,28.0
280.0,70.0,22.0,28.0
279.0,63.0,22.0,29.0
279.0,57.0,23.0,29.0
278.0,56.0,23.0,29.0
278.0,54.0,23.0,29.0
277.0,52.0,23.0,30.0
277.0,49.0,24.0,29.0
279.0,47.0,24.0,29.0
278.0,47.0,24.0,30.0
277.0,45.0,24.0,30.0
273.0,41.0,24.0,30.0
268.0,34.0,24.0,31.0
263.0,27.0,24.0,31.0
263.0,26.0,25.0,31.0
261.0,28.0,25.0,31.0
256.0,32.0,25.0,31.0
251.0,32.0,25.0,31.0
250.0,34.0,25.0,31.0
250.0,34.0,25.0,31.0
258.0,44.0,25.0,31.0
267.0,55.0,25.0,31.0
275.0,61.0,25.0,31.0
284.0,65.0,25.0,31.0
285.0,66.0,24.0,31.0
293.0,73.0,25.0,31.0
297.0,86.0,25.0,31.0
293.0,96.0,25.0,31.0
283.0,102.0,25.0,31.0
283.0,102.0,25.0,31.0
273.0,98.0,25.0,31.0
262.0,89.0,25.0,32.0
254.0,80.0,25.0,32.0
248.0,75.0,25.0,32.0
248.0,75.0,26.0,32.0
245.0,72.0,26.0,32.0
243.0,72.0,26.0,32.0
242.0,71.0,26.0,33.0
242.0,70.0,26.0,33.0
242.0,69.0,26.0,33.0
242.0,67.0,26.0,33.0
241.0,65.0,26.0,33.0
241.0,64.0,26.0,33.0
239.0,65.0,27.0,33.0
239.0,65.0,27.0,33.0
240.0,69.0,27.0,33.0
242.0,75.0,27.0,33.0
240.0,80.0,27.0,33.0
235.0,88.0,28.0,33.0
235.0,90.0,27.0,33.0
230.0,98.0,28.0,32.0
224.0,103.0,28.0,32.0
218.0,104.0,27.0,33.0
210.0,102.0,27.0,33.0
209.0,103.0,27.0,33.0
199.0,103.0,27.0,33.0
191.0,104.0,27.0,34.0
189.0,102.0,27.0,34.0
189.0,98.0,27.0,34.0
188.0,96.0,28.0,34.0
189.0,96.0,28.0,34.0
189.0,99.0,28.0,34.0
192.0,99.0,28.0,34.0
196.0,95.0,28.0,34.0
196.0,95.0,28.0,34.0
198.0,92.0,28.0,35.0
196.0,93.0,28.0,35.0
190.0,97.0,28.0,35.0
183.0,98.0,28.0,35.0
182.0,99.0,28.0,35.0
179.0,99.0,28.0,35.0
179.0,99.0,28.0,35.0
175.0,100.0,28.0,35.0
169.0,102.0,28.0,35.0
169.0,102.0,28.0,35.0
166.0,106.0,28.0,35.0
167.0,108.0,28.0,35.0
166.0,104.0,28.0,36.0
163.0,96.0,28.0,36.0
163.0,96.0,28.0,36.0
158.0,87.0,28.0,37.0
154.0,79.0,29.0,37.0
150.0,70.0,29.0,37.0
145.0,62.0,29.0,38.0
144.0,59.0,29.0,38.0
135.0,46.0,30.0,38.0
129.0,38.0,30.0,39.0
130.0,38.0,29.0,39.0
134.0,38.0,29.0,39.0
134.0,37.0,29.0,39.0
138.0,36.0,30.0,39.0
138.0,40.0,30.0,38.0
142.0,47.0,30.0,38.0
150.0,57.0,30.0,38.0
149.0,58.0,30.0,38.0
155.0,66.0,30.0,38.0
155.0,76.0,31.0,37.0
156.0,85.0,31.0,37.0
159.0,95.0,31.0,36.0
159.0,95.0,31.0,36.0
169.0,101.0,31.0,36.0
183.0,102.0,30.0,36.0
192.0,98.0,29.0,37.0
199.0,92.0,29.0,38.0
200.0,92.0,29.0,38.0
206.0,85.0,29.0,38.0
212.0,78.0,29.0,38.0
212.0,69.0,30.0,37.0
207.0,51.0,30.0,38.0
205.0,47.0,30.0,39.0
199.0,37.0,30.0,39.0
193.0,27.0,31.0,39.0
191.0,18.0,31.0,40.0
189.0,9.0,31.0,40.0
188.0,8.0,32.0,40.0
186.0,1.0,32.0,41.0
185.0,1.0,32.0,41.0
186.0,6.0,33.0,40.0
183.0,11.0,33.0,40.0
184.0,10.0,33.0,40.0
175.0,17.0,33.0,40.0
165.0,31.0,34.0,39.0
157.0,49.0,34.0,39.0
153.0,64.0,34.0,39.0
152.0,66.0,33.0,40.0
144.0,76.0,34.0,39.0
137.0,79.0,34.0,38.0
136.0,79.0,34.0,38.0
134.0,74.0,34.0,39.0
135.0,73.0,34.0,39.0
131.0,62.0,34.0,40.0
125.0,48.0,34.0,40.0
119.0,41.0,35.0,41.0
113.0,35.0,35.0,41.0
114.0,34.0,35.0,41.0
112.0,40.0,35.0,41.0
115.0,46.0,35.0,41.0
122.0,50.0,35.0,40.0
132.0,50.0,35.0,41.0
133.0,50.0,35.0,41.0
144.0,51.0,35.0,41.0
153.0,51.0,35.0,41.0
159.0,47.0,34.0,42.0
163.0,37.0,34.0,43.0
163.0,36.0,34.0,43.0
162.0,30.0,34.0,42.0
160.0,26.0,35.0,43.0
159.0,30.0,35.0,42.0
162.0,37.0,34.0,42.0
163.0,37.0,34.0,42.0
166.0,48.0,34.0,41.0
171.0,62.0,34.0,41.0
175.0,73.0,34.0,40.0
180.0,80.0,34.0,40.0
181.0,81.0,33.0,40.0
184.0,82.0,33.0,40.0
184.0,82.0,32.0,40.0
183.0,82.0,33.0,40.0
182.0,83.0,33.0,40.0
183.0,83.0,33.0,40.0
182.0,84.0,33.0,39.0
185.0,91.0,34.0,38.0
187.0,99.0,34.0,37.0
192.0,108.0,35.0,37.0
192.0,109.0,34.0,37.0
197.0,116.0,34.0,36.0
201.0,118.0,34.0,36.0
205.0,123.0,34.0,35.0
205.0,127.0,35.0,35.0
205.0,128.0,35.0,35.0
203.0,131.0,35.0,34.0
202.0,135.0,36.0,34.0
200.0,137.0,36.0,34.0
195.0,138.0,36.0,34.0
195.0,137.0,36.0,33.0
193.0,135.0,35.0,34.0
193.0,136.0,35.0,34.0
194.0,136.0,35.0,34.0
195.0,135.0,34.0,35.0
195.0,135.0,34.0,35.0
195.0,132.0,34.0,35.0
199.0,125.0,34.0,35.0
200.0,119.0,34.0,35.0
202.0,112.0,33.0,35.0
202.0,111.0,33.0,36.0
203.0,111.0,33.0,36.0
204.0,112.0,33.0,36.0
209.0,112.0,33.0,36.0
213.0,112.0,33.0,36.0
212.0,112.0,33.0,36.0
216.0,110.0,33.0,36.0
220.0,106.0,33.0,36.0
224.0,101.0,33.0,35.0
228.0,94.0,34.0,35.0
228.0,93.0,34.0,35.0
229.0,88.0,34.0,35.0
230.0,81.0,34.0,34.0
229.0,80.0,34.0,34.0
229.0,82.0,34.0,34.0
228.0,81.0,34.0,34.0
227.0,85.0,34.0,35.0
225.0,91.0,33.0,35.0
222.0,95.0,33.0,36.0
220.0,96.0,33.0,36.0
221.0,96.0,32.0,36.0
223.0,96.0,32.0,37.0
227.0,93.0,32.0,37.0
231.0,83.0,31.0,37.0
238.0,74.0,31.0,38.0
238.0,72.0,31.0,38.0
243.0,63.0,31.0,38.0
245.0,57.0,31.0,39.0
248.0,53.0,31.0,39.0
252.0,50.0,30.0,39.0
253.0,50.0,30.0,40.0
256.0,45.0,30.0,40.0
261.0,39.0,30.0,40.0
266.0,35.0,30.0,40.0
270.0,33.0,30.0,40.0
271.0,33.0,29.0,40.0
273.0,30.0,29.0,41.0
275.0,30.0,29.0,41.0
276.0,33.0,30.0,40.0
274.0,39.0,30.0,40.0
275.0,39.0,29.0,41.0
274.0,47.0,30.0,40.0
272.0,57.0,30.0,40.0
271.0,66.0,30.0,40.0
272.0,73.0,30.0,40.0
271.0,73.0,30.0,40.0
271.0,75.0,30.0,40.0
270.0,73.0,30.0,40.0
270.0,71.0,29.0,40.0
272.0,67.0,29.0,40.0
271.0,65.0,29.0,40.0
274.0,61.0,30.0,40.0
273.0,57.0,30.0,41.0
273.0,53.0,30.0,41.0
274.0,50.0,30.0,41.0
274.0,50.0,30.0,42.0
274.0,48.0,30.0,42.0
276.0,45.0,30.0,42.0
277.0,43.0,30.0,43.0
278.0,45.0,30.0,43.0
279.0,44.0,31.0,43.0
277.0,46.0,31.0,42.0
276.0,48.0,31.0,42.0
274.0,51.0,31.0,42.0
273.0,55.0,31.0,42.0
273.0,55.0,31.0,42.0
270.0,60.0,31.0,42.0
267.0,64.0,31.0,43.0
262.0,65.0,32.0,42.0
254.0,66.0,32.0,42.0
254.0,65.0,32.0,42.0
245.0,65.0,32.0,42.0
236.0,66.0,32.0,43.0
230.0,66.0,33.0,42.0
224.0,65.0,33.0,42.0
223.0,65.0,33.0,42.0
215.0,66.0,34.0,42.0
209.0,71.0,34.0,41.0
203.0,82.0,35.0,40.0
201.0,91.0,36.0,39.0
201.0,91.0,36.0,39.0
200.0,97.0,36.0,39.0
199.0,101.0,37.0,38.0
199.0,105.0,37.0,38.0
202.0,111.0,37.0,37.0
203.0,112.0,37.0,37.0
206.0,118.0,38.0,37.0
208.0,125.0,39.0,36.0
210.0,128.0,38.0,35.0
211.0,132.0,39.0,35.0
212.0,134.0,40.0,34.0
211.0,134.0,40.0,34.0
211.0,135.0,41.0,34.0
211.0,137.0,41.0,34.0
212.0,139.0,40.0,35.0
211.0,140.0,40.0,35.0
211.0,140.0,39.0,35.0
210.0,141.0,39.0,35.0
210.0,141.0,39.0,35.0
211.0,142.0,39.0,35.0
210.0,143.0,39.0,35.0
209.0,146.0,40.0,34.0
210.0,147.0,40.0,34.0
211.0,153.0,40.0,34.0
213.0,159.0,40.0,34.0
213.0,160.0,41.0,33.0
214.0,166.0,41.0,34.0
214.0,167.0,41.0,34.0
217.0,167.0,41.0,34.0
222.0,165.0,40.0,34.0
222.0,164.0,40.0,34.0
227.0,157.0,40.0,35.0
227.0,149.0,40.0,35.0
229.0,136.0,41.0,34.0
232.0,127.0,40.0,35.0
233.0,127.0,41.0,35.0
237.0,119.0,41.0,35.0
239.0,113.0,41.0,36.0
242.0,104.0,40.0,37.0
244.0,97.0,39.0,38.0
245.0,94.0,38.0,39.0
249.0,87.0,37.0,40.0
256.0,82.0,36.0,41.0
260.0,77.0,36.0,41.0
263.0,72.0,36.0,42.0
263.0,70.0,35.0,42.0
265.0,64.0,35.0,42.0
268.0,58.0,35.0,42.0
269.0,57.0,36.0,42.0
270.0,55.0,36.0,42.0
270.0,54.0,35.0,42.0
269.0,56.0,36.0,42.0
269.0,59.0,36.0,41.0
270.0,62.0,36.0,41.0
276.0,65.0,36.0,41.0
275.0,65.0,36.0,41.0
279.0,67.0,36.0,40.0
286.0,68.0,36.0,40.0
293.0,68.0,36.0,40.0
297.0,68.0,36.0,40.0
297.0,69.0,36.0,40.0
301.0,70.0,36.0,40.0
309.0,75.0,36.0,40.0
317.0,80.0,36.0,39.0
327.0,81.0,36.0,40.0
328.0,81.0,36.0,39.0
336.0,79.0,36.0,39.0
345.0,80.0,36.0,39.0
351.0,82.0,37.0,39.0
354.0,81.0,37.0,39.0
353.0,82.0,37.0,39.0
354.0,77.0,38.0,39.0
353.0,75.0,39.0,38.0
351.0,76.0,40.0,37.0
349.0,77.0,40.0,37.0
348.0,77.0,41.0,37.0
349.0,81.0,40.0,38.0
352.0,85.0,40.0,39.0
355.0,95.0,40.0,39.0
359.0,100.0,40.0,39.0
360.0,108.0,40.0,39.0
368.0,118.0,41.0,38.0
369.0,127.0,41.0,38.0
