142.0,125.0,91.0,40.0
137.0,125.0,90.0,40.0
132.0,126.0,91.0,39.0
128.0,125.0,91.0,39.0
124.0,127.0,90.0,39.0
120.0,125.0,90.0,39.0
116.0,124.0,90.0,39.0
111.0,123.0,89.0,40.0
105.0,123.0,89.0,40.0
102.0,122.0,89.0,40.0
96.0,120.0,89.0,40.0
91.0,119.0,89.0,40.0
87.0,118.0,89.0,40.0
81.0,119.0,89.0,40.0
77.0,117.0,88.0,40.0
73.0,117.0,89.0,40.0
68.0,116.0,88.0,40.0
62.0,117.0,89.0,40.0
57.0,116.0,89.0,40.0
51.0,116.0,89.0,39.0
47.0,115.0,89.0,40.0
40.0,115.0,89.0,39.0
34.0,116.0,89.0,39.0
29.0,114.0,89.0,40.0
24.0,116.0,89.0,40.0
17.0,116.0,90.0,40.0
10.0,117.0,90.0,39.0
4.0,118.0,91.0,39.0
1.0,120.0,90.0,39.0
1.0,122.0,89.0,40.0
1.0,122.0,90.0,39.0
1.0,124.0,90.0,39.0
1.0,125.0,89.0,39.0
1.0,125.0,88.0,40.0
1.0,125.0,87.0,41.0
1.0,127.0,88.0,40.0
1.0,128.0,89.0,39.0
1.0,128.0,87.0,39.0
1.0,127.0,87.0,40.0
1.0,126.0,86.0,40.0
1.0,127.0,85.0,41.0
1.0,126.0,85.0,41.0
1.0,126.0,84.0,41.0
1.0,125.0,83.0,41.0
1.0,124.0,84.0,41.0
1.0,123.0,84.0,40.0
1.0,122.0,85.0,40.0
1.0,121.0,85.0,40.0
1.0,120.0,85.0,40.0
1.0,118.0,85.0,40.0
1.0,117.0,85.0,40.0
1.0,115.0,84.0,41.0
1.0,113.0,84.0,41.0
1.0,113.0,84.0,40.0
1.0,111.0,84.0,40.0
1.0,110.0,84.0,39.0
2.0,109.0,83.0,39.0
9.0,107.0,84.0,39.0
12.0,106.0,84.0,38.0
16.0,106.0,84.0,38.0
23.0,105.0,84.0,38.0
26.0,104.0,84.0,38.0
34.0,103.0,83.0,38.0
39.0,105.0,84.0,37.0
44.0,104.0,84.0,38.0
50.0,105.0,83.0,37.0
53.0,105.0,83.0,37.0
59.0,106.0,83.0,37.0
58.0,108.0,83.0,37.0
58.0,109.0,83.0,37.0
57.0,111.0,84.0,37.0
57.0,112.0,84.0,36.0
58.0,114.0,84.0,36.0
59.0,115.0,84.0,36.0
60.0,117.0,84.0,36.0
60.0,118.0,83.0,36.0
60.0,118.0,83.0,36.0
60.0,120.0,83.0,36.0
60.0,121.0,83.0,36.0
60.0,121.0,83.0,36.0
61.0,122.0,83.0,36.0
62.0,123.0,83.0,36.0
61.0,124.0,83.0,36.0
61.0,126.0,83.0,35.0
61.0,126.0,83.0,35.0
61.0,127.0,83.0,35.0
60.0,129.0,83.0,35.0
60.0,129.0,83.0,35.0
60.0,130.0,83.0,35.0
60.0,131.0,83.0,35.0
60.0,131.0,82.0,35.0
59.0,132.0,82.0,35.0
59.0,133.0,82.0,34.0
60.0,135.0,82.0,34.0
59.0,136.0,82.0,34.0
60.0,136.0,81.0,34.0
59.0,137.0,81.0,34.0
61.0,139.0,81.0,34.0
63.0,139.0,81.0,34.0
66.0,140.0,81.0,34.0
68.0,142.0,80.0,34.0
69.0,142.0,80.0,34.0
71.0,144.0,80.0,34.0
73.0,143.0,79.0,35.0
75.0,144.0,79.0,35.0
80.0,147.0,79.0,34.0
82.0,146.0,79.0,35.0
88.0,149.0,78.0,34.0
90.0,149.0,78.0,35.0
97.0,150.0,77.0,35.0
100.0,152.0,77.0,34.0
104.0,152.0,77.0,34.0
109.0,153.0,77.0,34.0
111.0,154.0,77.0,34.0
117.0,154.0,77.0,33.0
122.0,156.0,77.0,33.0
124.0,157.0,76.0,33.0
130.0,159.0,76.0,33.0
134.0,159.0,76.0,33.0
137.0,160.0,76.0,33.0
142.0,160.0,75.0,33.0
145.0,162.0,75.0,33.0
151.0,162.0,75.0,33.0
154.0,163.0,74.0,33.0
159.0,164.0,75.0,33.0
163.0,164.0,74.0,33.0
167.0,166.0,74.0,33.0
172.0,165.0,74.0,33.0
175.0,167.0,74.0,33.0
180.0,167.0,74.0,33.0
181.0,168.0,74.0,33.0
186.0,168.0,74.0,32.0
189.0,169.0,74.0,32.0
193.0,170.0,73.0,32.0
198.0,170.0,73.0,32.0
201.0,172.0,73.0,32.0
203.0,172.0,73.0,32.0
209.0,173.0,73.0,32.0
210.0,174.0,73.0,32.0
212.0,174.0,73.0,32.0
212.0,176.0,73.0,32.0
215.0,175.0,73.0,32.0
216.0,177.0,73.0,32.0
217.0,178.0,72.0,32.0
218.0,178.0,72.0,32.0
219.0,180.0,72.0,32.0
220.0,180.0,73.0,32.0
221.0,181.0,73.0,31.0
221.0,182.0,73.0,31.0
220.0,183.0,74.0,31.0
218.0,185.0,74.0,30.0
218.0,185.0,74.0,31.0
216.0,186.0,74.0,30.0
215.0,188.0,74.0,30.0
214.0,189.0,74.0,30.0
213.0,190.0,74.0,30.0
212.0,192.0,74.0,30.0
210.0,194.0,74.0,30.0
211.0,194.0,73.0,30.0
210.0,195.0,74.0,30.0
209.0,196.0,74.0,30.0
208.0,198.0,73.0,31.0
208.0,199.0,73.0,31.0
208.0,199.0,72.0,32.0
207.0,200.0,72.0,32.0
206.0,200.0,73.0,32.0
202.0,201.0,73.0,32.0
198.0,200.0,74.0,32.0
197.0,199.0,74.0,32.0
196.0,199.0,75.0,32.0
197.0,198.0,74.0,33.0
195.0,197.0,74.0,33.0
194.0,196.0,74.0,33.0
194.0,195.0,74.0,33.0
193.0,193.0,74.0,33.0
193.0,192.0,74.0,34.0
192.0,190.0,75.0,34.0
191.0,189.0,75.0,34.0
189.0,188.0,75.0,34.0
189.0,187.0,75.0,34.0
187.0,185.0,75.0,34.0
186.0,184.0,75.0,35.0
184.0,182.0,76.0,34.0
183.0,181.0,76.0,34.0
182.0,180.0,76.0,35.0
179.0,179.0,77.0,34.0
178.0,178.0,77.0,35.0
178.0,177.0,78.0,34.0
176.0,176.0,78.0,35.0
175.0,174.0,78.0,35.0
174.0,172.0,78.0,35.0
173.0,171.0,78.0,35.0
172.0,170.0,79.0,35.0
169.0,170.0,79.0,35.0
169.0,169.0,79.0,35.0
170.0,167.0,78.0,36.0
167.0,166.0,79.0,36.0
164.0,164.0,79.0,36.0
162.0,163.0,79.0,36.0
160.0,162.0,79.0,36.0
159.0,163.0,79.0,36.0
156.0,162.0,79.0,36.0
152.0,160.0,80.0,36.0
149.0,160.0,81.0,35.0
149.0,159.0,81.0,35.0
148.0,158.0,81.0,35.0
146.0,156.0,81.0,35.0
144.0,156.0,81.0,35.0
145.0,154.0,81.0,35.0
146.0,153.0,81.0,35.0
144.0,153.0,80.0,36.0
142.0,152.0,81.0,35.0
141.0,150.0,80.0,35.0
139.0,148.0,80.0,36.0
137.0,150.0,80.0,35.0
135.0,148.0,80.0,36.0
134.0,147.0,80.0,36.0
129.0,148.0,80.0,36.0
127.0,148.0,80.0,36.0
128.0,147.0,80.0,36.0
128.0,146.0,81.0,36.0
127.0,145.0,80.0,36.0
126.0,145.0,80.0,36.0
123.0,145.0,80.0,35.0
124.0,145.0,80.0,36.0
121.0,144.0,80.0,36.0
121.0,144.0,80.0,36.0
120.0,144.0,79.0,36.0
120.0,143.0,80.0,36.0
116.0,143.0,81.0,35.0
113.0,143.0,81.0,35.0
107.0,143.0,81.0,35.0
108.0,143.0,82.0,35.0
105.0,144.0,82.0,35.0
102.0,143.0,82.0,35.0
101.0,143.0,81.0,35.0
100.0,143.0,81.0,35.0
98.0,143.0,80.0,36.0
96.0,143.0,81.0,36.0
97.0,143.0,81.0,36.0
98.0,142.0,80.0,36.0
99.0,142.0,80.0,36.0
101.0,141.0,80.0,36.0
103.0,142.0,80.0,36.0
106.0,140.0,80.0,36.0
111.0,139.0,80.0,36.0
115.0,139.0,79.0,36.0
118.0,137.0,79.0,36.0
122.0,137.0,79.0,36.0
127.0,135.0,79.0,36.0
129.0,135.0,79.0,36.0
134.0,134.0,79.0,36.0
137.0,132.0,79.0,36.0
140.0,131.0,79.0,36.0
144.0,131.0,79.0,36.0
147.0,130.0,79.0,36.0
148.0,129.0,79.0,36.0
156.0,128.0,79.0,36.0
154.0,128.0,79.0,35.0
162.0,127.0,79.0,35.0
163.0,127.0,79.0,35.0
166.0,125.0,79.0,36.0
172.0,125.0,79.0,35.0
171.0,125.0,79.0,36.0
178.0,123.0,78.0,36.0
179.0,122.0,78.0,36.0
181.0,122.0,79.0,35.0
180.0,123.0,79.0,35.0
182.0,122.0,79.0,35.0
183.0,124.0,79.0,35.0
184.0,124.0,79.0,35.0
186.0,123.0,78.0,36.0
185.0,125.0,79.0,35.0
184.0,124.0,79.0,35.0
182.0,126.0,79.0,35.0
179.0,127.0,79.0,35.0
177.0,128.0,79.0,35.0
175.0,132.0,80.0,35.0
171.0,132.0,80.0,35.0
170.0,135.0,80.0,35.0
164.0,137.0,80.0,35.0
164.0,137.0,79.0,35.0
163.0,142.0,79.0,36.0
160.0,142.0,80.0,36.0
155.0,146.0,80.0,36.0
154.0,145.0,80.0,36.0
149.0,148.0,80.0,35.0
148.0,149.0,80.0,35.0
146.0,150.0,80.0,35.0
145.0,152.0,80.0,35.0
145.0,151.0,80.0,35.0
143.0,149.0,80.0,36.0
140.0,149.0,81.0,35.0
138.0,147.0,81.0,35.0
136.0,146.0,81.0,36.0
132.0,144.0,81.0,36.0
132.0,143.0,81.0,36.0
129.0,142.0,82.0,35.0
126.0,141.0,82.0,36.0
126.0,139.0,81.0,36.0
121.0,138.0,82.0,36.0
119.0,136.0,82.0,36.0
118.0,134.0,82.0,36.0
116.0,133.0,83.0,35.0
115.0,132.0,83.0,36.0
111.0,131.0,83.0,36.0
110.0,130.0,83.0,35.0
108.0,130.0,83.0,35.0
109.0,131.0,84.0,35.0
109.0,132.0,83.0,35.0
111.0,132.0,83.0,35.0
112.0,133.0,83.0,35.0
113.0,132.0,82.0,35.0
114.0,133.0,82.0,35.0
114.0,133.0,83.0,35.0
115.0,133.0,83.0,35.0
121.0,132.0,82.0,35.0
122.0,132.0,82.0,36.0
127.0,132.0,82.0,35.0
129.0,132.0,82.0,35.0
132.0,131.0,82.0,35.0
137.0,130.0,82.0,35.0
139.0,129.0,82.0,36.0
143.0,128.0,81.0,36.0
147.0,126.0,81.0,36.0
149.0,124.0,81.0,36.0
152.0,121.0,82.0,36.0
155.0,119.0,81.0,36.0
156.0,116.0,81.0,37.0
159.0,113.0,81.0,37.0
160.0,111.0,82.0,37.0
161.0,109.0,82.0,37.0
162.0,107.0,82.0,37.0
161.0,108.0,82.0,37.0
162.0,108.0,82.0,36.0
163.0,110.0,82.0,37.0
164.0,110.0,82.0,36.0
165.0,112.0,81.0,36.0
166.0,112.0,81.0,36.0
166.0,113.0,81.0,36.0
166.0,114.0,81.0,36.0
167.0,115.0,81.0,36.0
166.0,115.0,81.0,36.0
168.0,116.0,81.0,36.0
168.0,117.0,81.0,36.0
171.0,118.0,80.0,36.0
173.0,119.0,80.0,36.0
172.0,120.0,80.0,36.0
173.0,123.0,81.0,36.0
174.0,123.0,82.0,35.0
168.0,123.0,83.0,35.0
168.0,124.0,82.0,35.0
170.0,123.0,82.0,35.0
171.0,125.0,82.0,35.0
172.0,125.0,82.0,35.0
173.0,125.0,82.0,35.0
171.0,126.0,82.0,35.0
173.0,126.0,82.0,35.0
172.0,126.0,82.0,35.0
174.0,127.0,82.0,35.0
176.0,127.0,82.0,35.0
176.0,127.0,82.0,35.0
176.0,128.0,82.0,35.0
176.0,128.0,82.0,34.0
177.0,127.0,82.0,35.0
178.0,129.0,82.0,35.0
178.0,129.0,82.0,35.0
177.0,128.0,82.0,34.0
178.0,129.0,82.0,34.0
174.0,128.0,82.0,34.0
174.0,129.0,82.0,34.0
171.0,129.0,81.0,35.0
170.0,130.0,81.0,35.0
167.0,129.0,82.0,35.0
164.0,130.0,81.0,35.0
161.0,130.0,81.0,35.0
160.0,130.0,81.0,35.0
157.0,131.0,81.0,35.0
158.0,130.0,81.0,36.0
154.0,130.0,81.0,36.0
152.0,130.0,81.0,35.0
150.0,130.0,81.0,36.0
149.0,131.0,81.0,36.0
148.0,130.0,81.0,36.0
145.0,131.0,81.0,35.0
142.0,130.0,81.0,36.0
139.0,133.0,82.0,35.0
137.0,132.0,82.0,35.0
135.0,131.0,81.0,36.0
131.0,132.0,81.0,36.0
131.0,132.0,81.0,36.0
128.0,132.0,81.0,36.0
126.0,132.0,81.0,36.0
123.0,131.0,81.0,36.0
119.0,133.0,81.0,36.0
118.0,132.0,81.0,36.0
116.0,133.0,82.0,36.0
113.0,132.0,81.0,36.0
112.0,132.0,81.0,36.0
107.0,133.0,82.0,36.0
106.0,132.0,81.0,37.0
103.0,134.0,82.0,36.0
99.0,133.0,82.0,36.0
97.0,134.0,83.0,36.0
95.0,133.0,82.0,36.0
93.0,133.0,82.0,36.0
90.0,134.0,82.0,37.0
87.0,134.0,83.0,36.0
83.0,135.0,83.0,36.0
80.0,134.0,83.0,37.0
79.0,135.0,83.0,37.0
76.0,134.0,83.0,37.0
75.0,134.0,82.0,37.0
72.0,135.0,83.0,37.0
68.0,134.0,83.0,37.0
68.0,136.0,83.0,37.0
62.0,136.0,84.0,37.0
60.0,135.0,83.0,37.0
58.0,136.0,84.0,37.0
56.0,135.0,83.0,37.0
53.0,135.0,83.0,37.0
50.0,136.0,84.0,37.0
48.0,134.0,83.0,37.0
45.0,137.0,84.0,37.0
43.0,136.0,83.0,37.0
42.0,135.0,83.0,38.0
40.0,135.0,83.0,37.0
39.0,134.0,83.0,38.0
36.0,134.0,83.0,37.0
34.0,134.0,83.0,37.0
31.0,135.0,84.0,37.0
30.0,134.0,83.0,38.0
27.0,133.0,84.0,37.0
26.0,131.0,83.0,37.0
23.0,132.0,84.0,37.0
21.0,131.0,84.0,37.0
19.0,130.0,84.0,37.0
17.0,129.0,84.0,37.0
14.0,129.0,85.0,37.0
13.0,127.0,84.0,38.0
13.0,127.0,84.0,38.0
14.0,124.0,84.0,38.0
14.0,123.0,84.0,37.0
15.0,122.0,84.0,37.0
18.0,120.0,83.0,38.0
18.0,119.0,84.0,38.0
19.0,117.0,83.0,38.0
20.0,116.0,84.0,37.0
21.0,114.0,84.0,38.0
21.0,113.0,84.0,37.0
23.0,110.0,84.0,38.0
22.0,109.0,84.0,38.0
22.0,108.0,84.0,37.0
24.0,107.0,84.0,38.0
22.0,109.0,84.0,37.0
24.0,107.0,84.0,38.0
25.0,109.0,84.0,37.0
24.0,108.0,84.0,37.0
26.0,109.0,84.0,37.0
27.0,110.0,84.0,37.0
27.0,110.0,83.0,37.0
28.0,112.0,84.0,37.0
27.0,113.0,84.0,37.0
29.0,115.0,83.0,37.0
29.0,115.0,83.0,37.0
29.0,116.0,83.0,37.0
32.0,119.0,84.0,37.0
31.0,118.0,83.0,37.0
34.0,120.0,83.0,37.0
33.0,122.0,84.0,36.0
34.0,122.0,85.0,37.0
34.0,125.0,85.0,36.0
35.0,126.0,84.0,37.0
39.0,127.0,84.0,37.0
37.0,127.0,84.0,37.0
38.0,130.0,85.0,36.0
40.0,131.0,84.0,37.0
40.0,131.0,84.0,37.0
42.0,132.0,84.0,37.0
43.0,135.0,84.0,36.0
43.0,135.0,84.0,36.0
45.0,136.0,84.0,37.0
45.0,138.0,84.0,36.0
46.0,138.0,84.0,37.0
47.0,140.0,84.0,36.0
50.0,140.0,83.0,37.0
51.0,142.0,83.0,36.0
53.0,142.0,83.0,37.0
53.0,144.0,83.0,37.0
55.0,144.0,82.0,37.0
55.0,146.0,83.0,36.0
57.0,146.0,83.0,36.0
59.0,147.0,82.0,36.0
60.0,149.0,83.0,36.0
62.0,149.0,82.0,36.0
64.0,151.0,83.0,36.0
63.0,151.0,83.0,35.0
63.0,153.0,84.0,34.0
63.0,154.0,84.0,33.0
64.0,155.0,83.0,34.0
64.0,157.0,83.0,33.0
67.0,157.0,82.0,34.0
68.0,159.0,82.0,34.0
70.0,161.0,82.0,33.0
71.0,162.0,82.0,33.0
73.0,163.0,81.0,34.0
73.0,163.0,81.0,34.0
71.0,164.0,81.0,34.0
75.0,164.0,81.0,34.0
78.0,165.0,81.0,34.0
80.0,165.0,81.0,34.0
80.0,164.0,80.0,34.0
79.0,162.0,80.0,35.0
75.0,161.0,81.0,34.0
74.0,160.0,81.0,34.0
73.0,160.0,82.0,33.0
78.0,161.0,82.0,33.0
89.0,161.0,82.0,33.0
101.0,161.0,83.0,33.0
104.0,161.0,83.0,32.0
102.0,169.0,84.0,32.0
91.0,175.0,83.0,33.0
89.0,174.0,83.0,33.0
87.0,174.0,83.0,33.0
90.0,174.0,83.0,33.0
91.0,175.0,83.0,33.0
96.0,175.0,82.0,34.0
97.0,175.0,82.0,34.0
97.0,175.0,82.0,34.0
100.0,176.0,82.0,34.0
101.0,175.0,82.0,34.0
103.0,175.0,82.0,35.0
96.0,168.0,83.0,35.0
96.0,168.0,83.0,35.0
95.0,166.0,83.0,36.0
101.0,165.0,83.0,36.0
104.0,158.0,83.0,36.0
113.0,159.0,83.0,36.0
121.0,159.0,84.0,36.0
121.0,160.0,84.0,36.0
120.0,161.0,85.0,35.0
110.0,160.0,84.0,36.0
109.0,160.0,83.0,36.0
113.0,161.0,82.0,37.0
121.0,160.0,82.0,37.0
123.0,160.0,83.0,36.0
123.0,160.0,84.0,35.0
114.0,160.0,85.0,34.0
114.0,159.0,85.0,35.0
124.0,158.0,85.0,35.0
128.0,156.0,84.0,36.0
130.0,155.0,84.0,36.0
133.0,154.0,85.0,36.0
150.0,154.0,85.0,36.0
148.0,147.0,86.0,36.0
154.0,146.0,86.0,35.0
144.0,147.0,86.0,35.0
149.0,147.0,86.0,36.0
127.0,146.0,86.0,36.0
125.0,145.0,87.0,36.0
120.0,144.0,87.0,36.0
117.0,143.0,88.0,37.0
117.0,144.0,88.0,37.0
117.0,144.0,89.0,36.0
117.0,144.0,89.0,37.0
106.0,146.0,91.0,36.0
103.0,147.0,91.0,36.0
95.0,148.0,91.0,36.0
89.0,146.0,90.0,36.0
87.0,147.0,90.0,35.0
85.0,146.0,91.0,35.0
86.0,145.0,91.0,35.0
86.0,145.0,91.0,36.0
86.0,144.0,91.0,36.0
82.0,143.0,91.0,36.0
78.0,142.0,91.0,36.0
79.0,141.0,90.0,37.0
80.0,141.0,90.0,37.0
75.0,140.0,90.0,37.0
74.0,139.0,90.0,37.0
73.0,138.0,89.0,37.0
71.0,137.0,88.0,37.0
71.0,137.0,88.0,38.0
71.0,135.0,88.0,38.0
69.0,135.0,88.0,38.0
66.0,134.0,88.0,38.0
66.0,133.0,87.0,38.0
63.0,134.0,88.0,38.0
63.0,133.0,88.0,38.0
61.0,133.0,88.0,38.0
60.0,132.0,87.0,38.0
61.0,132.0,87.0,38.0
59.0,131.0,88.0,38.0
57.0,130.0,88.0,38.0
56.0,129.0,88.0,38.0
52.0,130.0,88.0,38.0
53.0,129.0,87.0,38.0
49.0,129.0,88.0,38.0
48.0,128.0,88.0,38.0
46.0,129.0,88.0,38.0
44.0,128.0,88.0,38.0
45.0,127.0,87.0,38.0
42.0,128.0,88.0,38.0
41.0,127.0,88.0,38.0
40.0,127.0,88.0,37.0
38.0,126.0,89.0,37.0
39.0,125.0,88.0,37.0
38.0,124.0,89.0,37.0
40.0,125.0,89.0,37.0
45.0,124.0,89.0,37.0
49.0,123.0,88.0,37.0
51.0,124.0,88.0,37.0
57.0,124.0,88.0,37.0
60.0,125.0,88.0,36.0
65.0,124.0,88.0,36.0
69.0,123.0,87.0,37.0
73.0,122.0,87.0,37.0
78.0,122.0,87.0,37.0
79.0,122.0,86.0,37.0
87.0,122.0,86.0,37.0
91.0,122.0,87.0,36.0
96.0,121.0,86.0,36.0
97.0,120.0,87.0,36.0
98.0,119.0,87.0,36.0
100.0,119.0,87.0,36.0
103.0,118.0,86.0,36.0
104.0,117.0,86.0,36.0
106.0,117.0,86.0,36.0
109.0,117.0,86.0,35.0
111.0,117.0,85.0,36.0
113.0,117.0,85.0,35.0
116.0,118.0,85.0,35.0
115.0,117.0,85.0,35.0
120.0,117.0,85.0,35.0
121.0,117.0,85.0,35.0
124.0,116.0,85.0,35.0
126.0,118.0,85.0,35.0
126.0,118.0,84.0,35.0
131.0,117.0,84.0,35.0
130.0,118.0,84.0,35.0
134.0,117.0,84.0,35.0
135.0,117.0,84.0,35.0
136.0,117.0,84.0,35.0
139.0,117.0,84.0,35.0
141.0,117.0,84.0,35.0
146.0,116.0,84.0,35.0
146.0,116.0,84.0,35.0
146.0,116.0,84.0,34.0
147.0,116.0,84.0,34.0
142.0,115.0,84.0,35.0
138.0,115.0,84.0,35.0
131.0,115.0,85.0,35.0
124.0,115.0,85.0,35.0
120.0,114.0,84.0,36.0
116.0,113.0,84.0,37.0
109.0,115.0,84.0,36.0
105.0,114.0,84.0,36.0
95.0,113.0,84.0,36.0
89.0,114.0,85.0,36.0
89.0,113.0,84.0,37.0
94.0,113.0,84.0,37.0
103.0,112.0,84.0,36.0
119.0,111.0,84.0,36.0
133.0,110.0,83.0,37.0
146.0,109.0,83.0,37.0
162.0,107.0,83.0,37.0
175.0,107.0,82.0,37.0
189.0,105.0,82.0,38.0
195.0,106.0,82.0,37.0
199.0,105.0,82.0,37.0
203.0,103.0,82.0,37.0
209.0,103.0,81.0,37.0
217.0,101.0,80.0,38.0
222.0,99.0,80.0,38.0
225.0,98.0,79.0,38.0
229.0,97.0,79.0,38.0
232.0,103.0,79.0,38.0
236.0,94.0,79.0,38.0
235.0,92.0,79.0,37.0
232.0,89.0,79.0,38.0
246.0,82.0,79.0,37.0
244.0,82.0,80.0,37.0
247.0,77.0,81.0,36.0
229.0,84.0,82.0,35.0
227.0,90.0,82.0,35.0
218.0,89.0,81.0,36.0
222.0,88.0,80.0,36.0
205.0,97.0,80.0,36.0
208.0,100.0,79.0,36.0
211.0,101.0,79.0,36.0
210.0,102.0,79.0,36.0
210.0,101.0,79.0,36.0
209.0,101.0,79.0,36.0
210.0,101.0,79.0,35.0
208.0,101.0,79.0,35.0
208.0,101.0,79.0,35.0
209.0,100.0,79.0,35.0
209.0,101.0,79.0,35.0
207.0,100.0,80.0,35.0
208.0,100.0,79.0,35.0
206.0,100.0,80.0,35.0
206.0,99.0,80.0,35.0
205.0,101.0,81.0,34.0
203.0,100.0,81.0,35.0
203.0,100.0,81.0,34.0
203.0,100.0,81.0,35.0
201.0,99.0,80.0,35.0
204.0,100.0,80.0,35.0
202.0,99.0,80.0,35.0
202.0,98.0,80.0,35.0
202.0,98.0,80.0,35.0
201.0,98.0,80.0,35.0
198.0,98.0,80.0,35.0
195.0,98.0,81.0,35.0
192.0,98.0,81.0,35.0
189.0,98.0,81.0,35.0
186.0,99.0,82.0,34.0
184.0,99.0,82.0,35.0
179.0,100.0,82.0,35.0
175.0,101.0,82.0,35.0
172.0,101.0,82.0,35.0
172.0,101.0,82.0,35.0
164.0,103.0,82.0,35.0
160.0,103.0,82.0,35.0
153.0,103.0,83.0,35.0
144.0,105.0,83.0,34.0
139.0,104.0,83.0,35.0
130.0,106.0,83.0,35.0
123.0,107.0,83.0,35.0
120.0,107.0,83.0,35.0
110.0,109.0,83.0,35.0
105.0,110.0,83.0,35.0
99.0,110.0,84.0,35.0
88.0,112.0,84.0,35.0
85.0,111.0,84.0,35.0
80.0,114.0,83.0,35.0
79.0,115.0,84.0,35.0
76.0,116.0,84.0,35.0
77.0,117.0,84.0,35.0
80.0,117.0,84.0,35.0
82.0,118.0,84.0,35.0
82.0,118.0,83.0,35.0
85.0,118.0,83.0,35.0
85.0,118.0,83.0,35.0
87.0,118.0,83.0,35.0
88.0,118.0,83.0,35.0
89.0,118.0,82.0,35.0
94.0,118.0,82.0,35.0
95.0,117.0,82.0,35.0
97.0,117.0,82.0,35.0
100.0,117.0,82.0,35.0
101.0,118.0,81.0,35.0
103.0,119.0,81.0,35.0
105.0,118.0,80.0,36.0
107.0,120.0,81.0,35.0
107.0,120.0,80.0,35.0
111.0,120.0,80.0,35.0
110.0,122.0,81.0,35.0
115.0,122.0,81.0,35.0
116.0,124.0,81.0,34.0
117.0,124.0,81.0,34.0
121.0,125.0,81.0,34.0
121.0,125.0,81.0,34.0
125.0,125.0,80.0,35.0
125.0,125.0,81.0,34.0
128.0,126.0,80.0,35.0
130.0,126.0,81.0,34.0
133.0,126.0,80.0,34.0
135.0,126.0,80.0,35.0
138.0,127.0,79.0,35.0
141.0,127.0,79.0,35.0
144.0,127.0,78.0,35.0
149.0,126.0,78.0,35.0
153.0,124.0,77.0,35.0
152.0,124.0,78.0,35.0
142.0,116.0,79.0,35.0
142.0,109.0,78.0,35.0
148.0,108.0,79.0,35.0
155.0,107.0,79.0,35.0
156.0,106.0,80.0,34.0
164.0,105.0,80.0,34.0
172.0,105.0,80.0,34.0
174.0,103.0,80.0,34.0
182.0,103.0,80.0,34.0
188.0,103.0,80.0,34.0
188.0,102.0,80.0,34.0
196.0,101.0,80.0,34.0
197.0,100.0,80.0,34.0
187.0,99.0,81.0,34.0
178.0,98.0,80.0,35.0
182.0,97.0,79.0,35.0
187.0,97.0,79.0,35.0
196.0,96.0,79.0,36.0
199.0,95.0,79.0,36.0
204.0,95.0,79.0,35.0
209.0,95.0,78.0,36.0
218.0,94.0,78.0,36.0
221.0,93.0,78.0,36.0
230.0,92.0,78.0,36.0
233.0,91.0,78.0,36.0
238.0,90.0,78.0,36.0
244.0,90.0,78.0,35.0
250.0,90.0,77.0,36.0
253.0,89.0,76.0,36.0
248.0,84.0,77.0,36.0
251.0,85.0,77.0,36.0
245.0,86.0,77.0,36.0
240.0,86.0,77.0,36.0
238.0,86.0,77.0,36.0
235.0,86.0,77.0,36.0
232.0,86.0,77.0,36.0
230.0,86.0,77.0,36.0
227.0,87.0,77.0,36.0
223.0,87.0,77.0,36.0
220.0,87.0,77.0,36.0
216.0,86.0,77.0,36.0
213.0,86.0,77.0,36.0
211.0,86.0,77.0,36.0
209.0,85.0,77.0,36.0
206.0,85.0,77.0,36.0
205.0,85.0,77.0,36.0
202.0,85.0,77.0,36.0
199.0,84.0,77.0,36.0
196.0,84.0,77.0,36.0
192.0,84.0,77.0,36.0
190.0,83.0,77.0,36.0
188.0,83.0,77.0,36.0
184.0,83.0,77.0,36.0
180.0,83.0,77.0,36.0
179.0,83.0,77.0,36.0
169.0,85.0,78.0,35.0
172.0,86.0,78.0,35.0
171.0,87.0,78.0,34.0
175.0,86.0,78.0,34.0
178.0,86.0,78.0,34.0
171.0,85.0,78.0,34.0
165.0,85.0,78.0,34.0
162.0,84.0,78.0,34.0
158.0,84.0,78.0,34.0
156.0,84.0,78.0,34.0
153.0,83.0,78.0,34.0
152.0,83.0,78.0,34.0
150.0,83.0,78.0,34.0
148.0,83.0,78.0,34.0
145.0,83.0,78.0,34.0
143.0,84.0,78.0,34.0
139.0,84.0,78.0,34.0
136.0,84.0,78.0,34.0
133.0,83.0,78.0,34.0
132.0,83.0,78.0,34.0
130.0,83.0,78.0,34.0
129.0,83.0,78.0,34.0
129.0,83.0,78.0,34.0
127.0,84.0,78.0,34.0
126.0,84.0,78.0,34.0
128.0,85.0,78.0,34.0
129.0,85.0,78.0,34.0
130.0,86.0,78.0,34.0
134.0,85.0,78.0,34.0
139.0,85.0,78.0,34.0
145.0,84.0,79.0,34.0
150.0,84.0,79.0,34.0
156.0,84.0,79.0,34.0
162.0,83.0,79.0,34.0
168.0,83.0,79.0,34.0
173.0,83.0,79.0,34.0
179.0,82.0,79.0,34.0
185.0,81.0,79.0,34.0
190.0,81.0,79.0,34.0
196.0,81.0,79.0,34.0
201.0,79.0,79.0,34.0
207.0,79.0,79.0,34.0
211.0,78.0,79.0,34.0
215.0,77.0,79.0,34.0
219.0,76.0,79.0,34.0
221.0,75.0,79.0,34.0
221.0,74.0,79.0,34.0
221.0,74.0,79.0,34.0
218.0,74.0,79.0,34.0
216.0,75.0,79.0,34.0
215.0,76.0,79.0,34.0
213.0,77.0,79.0,34.0
209.0,79.0,79.0,34.0
205.0,82.0,79.0,34.0
201.0,84.0,79.0,34.0
196.0,86.0,79.0,34.0
190.0,89.0,79.0,34.0
186.0,92.0,79.0,34.0
183.0,95.0,79.0,34.0
179.0,98.0,79.0,34.0
174.0,100.0,79.0,34.0
171.0,102.0,79.0,34.0
160.0,104.0,79.0,34.0
160.0,105.0,79.0,34.0
156.0,106.0,79.0,34.0
149.0,106.0,79.0,34.0
143.0,105.0,79.0,34.0
75.0,120.0,80.0,33.0
72.0,121.0,79.0,34.0
74.0,120.0,79.0,34.0
77.0,121.0,79.0,34.0
75.0,121.0,79.0,35.0
79.0,121.0,79.0,35.0
78.0,121.0,79.0,35.0
82.0,121.0,79.0,35.0
81.0,121.0,79.0,35.0
84.0,120.0,79.0,35.0
84.0,121.0,79.0,35.0
85.0,121.0,79.0,36.0
87.0,121.0,78.0,36.0
87.0,122.0,78.0,35.0
91.0,122.0,78.0,35.0
90.0,122.0,79.0,35.0
92.0,122.0,79.0,35.0
94.0,122.0,78.0,35.0
94.0,123.0,78.0,35.0
97.0,123.0,78.0,35.0
98.0,123.0,78.0,35.0
99.0,124.0,78.0,35.0
102.0,124.0,77.0,35.0
103.0,124.0,77.0,35.0
105.0,125.0,77.0,35.0
106.0,125.0,77.0,35.0
108.0,125.0,77.0,35.0
109.0,126.0,77.0,35.0
112.0,126.0,77.0,35.0
111.0,126.0,77.0,34.0
113.0,127.0,77.0,35.0
114.0,127.0,77.0,35.0
117.0,127.0,76.0,35.0
117.0,127.0,77.0,35.0
118.0,127.0,77.0,35.0
120.0,127.0,77.0,35.0
122.0,128.0,77.0,35.0
121.0,129.0,77.0,34.0
123.0,129.0,77.0,34.0
123.0,129.0,77.0,34.0
125.0,129.0,77.0,35.0
129.0,130.0,77.0,35.0
128.0,131.0,77.0,34.0
130.0,131.0,78.0,34.0
130.0,132.0,78.0,34.0
131.0,133.0,78.0,34.0
134.0,133.0,78.0,34.0
134.0,133.0,78.0,34.0
