125.0,162.0,74.0,55.0
124.0,164.0,74.0,54.0
125.0,164.0,75.0,53.0
125.0,164.0,75.0,53.0
125.0,165.0,75.0,53.0
125.0,164.0,74.0,53.0
125.0,164.0,74.0,54.0
125.0,165.0,74.0,53.0
124.0,164.0,74.0,53.0
125.0,165.0,74.0,53.0
125.0,165.0,74.0,52.0
125.0,164.0,73.0,52.0
126.0,165.0,73.0,52.0
126.0,165.0,73.0,52.0
125.0,164.0,73.0,52.0
125.0,165.0,72.0,52.0
127.0,165.0,72.0,52.0
127.0,165.0,72.0,52.0
125.0,165.0,72.0,51.0
127.0,165.0,72.0,52.0
127.0,165.0,71.0,52.0
127.0,164.0,71.0,51.0
127.0,165.0,71.0,52.0
127.0,166.0,71.0,51.0
127.0,166.0,71.0,51.0
127.0,165.0,71.0,51.0
126.0,165.0,71.0,51.0
126.0,166.0,71.0,51.0
127.0,166.0,71.0,51.0
126.0,166.0,71.0,51.0
126.0,165.0,71.0,51.0
127.0,165.0,71.0,51.0
127.0,165.0,71.0,51.0
126.0,166.0,71.0,51.0
127.0,166.0,71.0,51.0
127.0,166.0,71.0,51.0
126.0,166.0,72.0,51.0
125.0,165.0,71.0,51.0
126.0,165.0,71.0,51.0
126.0,165.0,71.0,51.0
126.0,165.0,71.0,51.0
127.0,165.0,71.0,51.0
126.0,165.0,71.0,51.0
126.0,165.0,71.0,51.0
126.0,165.0,71.0,52.0
127.0,163.0,71.0,52.0
126.0,164.0,71.0,52.0
126.0,163.0,71.0,52.0
127.0,163.0,71.0,52.0
127.0,162.0,71.0,51.0
127.0,162.0,71.0,51.0
127.0,162.0,71.0,51.0
128.0,162.0,71.0,51.0
128.0,163.0,72.0,51.0
127.0,162.0,71.0,52.0
128.0,162.0,71.0,52.0
128.0,162.0,71.0,52.0
128.0,162.0,71.0,52.0
128.0,163.0,71.0,51.0
127.0,163.0,71.0,51.0
128.0,162.0,71.0,52.0
128.0,162.0,71.0,52.0
129.0,162.0,71.0,51.0
128.0,162.0,71.0,51.0
127.0,162.0,71.0,51.0
128.0,163.0,71.0,51.0
129.0,162.0,71.0,51.0
129.0,162.0,71.0,52.0
129.0,162.0,71.0,52.0
129.0,162.0,71.0,52.0
129.0,162.0,71.0,52.0
129.0,161.0,72.0,51.0
129.0,160.0,72.0,51.0
129.0,159.0,72.0,51.0
130.0,158.0,72.0,51.0
131.0,157.0,72.0,51.0
132.0,156.0,72.0,51.0
131.0,156.0,72.0,50.0
132.0,156.0,73.0,50.0
133.0,155.0,72.0,50.0
134.0,153.0,73.0,49.0
135.0,153.0,73.0,49.0
136.0,152.0,73.0,48.0
136.0,151.0,73.0,48.0
136.0,150.0,73.0,48.0
137.0,149.0,73.0,47.0
138.0,148.0,72.0,47.0
138.0,147.0,72.0,47.0
138.0,145.0,72.0,46.0
139.0,144.0,71.0,46.0
139.0,143.0,71.0,45.0
139.0,142.0,71.0,45.0
140.0,141.0,70.0,44.0
140.0,139.0,70.0,44.0
140.0,138.0,69.0,43.0
140.0,137.0,69.0,43.0
140.0,137.0,68.0,42.0
140.0,136.0,68.0,42.0
140.0,135.0,67.0,42.0
141.0,134.0,66.0,41.0
141.0,133.0,66.0,41.0
141.0,133.0,65.0,40.0
141.0,132.0,64.0,40.0
142.0,131.0,63.0,40.0
143.0,131.0,63.0,39.0
143.0,130.0,62.0,39.0
142.0,130.0,62.0,39.0
142.0,130.0,61.0,38.0
142.0,130.0,60.0,38.0
143.0,130.0,60.0,37.0
143.0,130.0,59.0,36.0
143.0,130.0,58.0,36.0
144.0,130.0,57.0,35.0
144.0,130.0,57.0,35.0
144.0,130.0,56.0,34.0
146.0,130.0,55.0,34.0
146.0,130.0,54.0,34.0
147.0,129.0,53.0,33.0
147.0,129.0,53.0,33.0
147.0,129.0,53.0,33.0
148.0,129.0,52.0,33.0
148.0,128.0,52.0,32.0
148.0,128.0,52.0,32.0
150.0,129.0,51.0,32.0
150.0,129.0,51.0,32.0
150.0,129.0,50.0,31.0
150.0,129.0,51.0,31.0
152.0,129.0,50.0,31.0
152.0,129.0,49.0,30.0
153.0,129.0,49.0,30.0
152.0,129.0,48.0,30.0
153.0,129.0,48.0,30.0
153.0,129.0,47.0,30.0
153.0,130.0,47.0,29.0
153.0,130.0,47.0,29.0
153.0,131.0,47.0,29.0
153.0,131.0,46.0,29.0
152.0,131.0,47.0,29.0
153.0,132.0,47.0,29.0
153.0,132.0,47.0,29.0
153.0,132.0,47.0,28.0
152.0,133.0,47.0,28.0
152.0,133.0,47.0,28.0
152.0,133.0,47.0,29.0
152.0,133.0,47.0,29.0
152.0,133.0,47.0,29.0
152.0,134.0,47.0,29.0
152.0,135.0,47.0,29.0
152.0,134.0,47.0,29.0
153.0,135.0,47.0,29.0
152.0,136.0,47.0,29.0
152.0,136.0,47.0,29.0
152.0,136.0,47.0,29.0
151.0,137.0,47.0,30.0
151.0,138.0,48.0,29.0
151.0,139.0,48.0,29.0
151.0,139.0,48.0,30.0
150.0,140.0,48.0,30.0
149.0,141.0,48.0,30.0
148.0,142.0,48.0,30.0
148.0,142.0,49.0,30.0
147.0,143.0,49.0,30.0
147.0,144.0,49.0,31.0
146.0,145.0,49.0,31.0
146.0,145.0,49.0,31.0
146.0,147.0,49.0,32.0
146.0,147.0,50.0,32.0
146.0,148.0,50.0,32.0
146.0,149.0,50.0,33.0
146.0,150.0,50.0,33.0
147.0,150.0,50.0,34.0
147.0,150.0,50.0,35.0
148.0,151.0,50.0,36.0
148.0,151.0,50.0,36.0
147.0,152.0,50.0,37.0
147.0,152.0,51.0,37.0
147.0,152.0,51.0,38.0
147.0,153.0,51.0,38.0
147.0,153.0,52.0,39.0
147.0,153.0,52.0,39.0
147.0,154.0,52.0,40.0
147.0,154.0,53.0,40.0
148.0,154.0,53.0,41.0
149.0,154.0,54.0,41.0
149.0,153.0,55.0,41.0
150.0,153.0,55.0,41.0
150.0,153.0,57.0,41.0
152.0,153.0,57.0,41.0
153.0,153.0,58.0,41.0
154.0,153.0,59.0,41.0
154.0,153.0,60.0,40.0
154.0,152.0,61.0,39.0
155.0,152.0,61.0,38.0
156.0,151.0,62.0,38.0
162.0,124.0,61.0,38.0
163.0,118.0,61.0,38.0
165.0,117.0,60.0,38.0
164.0,117.0,60.0,38.0
162.0,117.0,61.0,38.0
163.0,120.0,60.0,39.0
166.0,118.0,59.0,40.0
164.0,120.0,59.0,41.0
164.0,119.0,58.0,42.0
164.0,119.0,58.0,42.0
164.0,122.0,59.0,43.0
162.0,121.0,59.0,43.0
161.0,122.0,60.0,43.0
160.0,122.0,61.0,42.0
165.0,122.0,60.0,43.0
165.0,122.0,60.0,44.0
165.0,122.0,60.0,44.0
166.0,122.0,60.0,44.0
165.0,122.0,60.0,44.0
164.0,121.0,60.0,44.0
163.0,121.0,62.0,44.0
162.0,121.0,63.0,43.0
161.0,122.0,64.0,43.0
160.0,122.0,65.0,43.0
158.0,123.0,66.0,42.0
161.0,124.0,68.0,41.0
157.0,125.0,70.0,40.0
157.0,129.0,70.0,40.0
155.0,128.0,71.0,39.0
154.0,128.0,72.0,38.0
153.0,128.0,73.0,38.0
152.0,128.0,74.0,38.0
151.0,128.0,75.0,38.0
149.0,129.0,75.0,38.0
149.0,128.0,75.0,38.0
154.0,127.0,74.0,40.0
154.0,131.0,73.0,41.0
153.0,122.0,71.0,44.0
152.0,121.0,71.0,45.0
152.0,120.0,71.0,46.0
149.0,119.0,72.0,46.0
149.0,117.0,72.0,47.0
151.0,115.0,71.0,48.0
143.0,107.0,74.0,46.0
142.0,101.0,76.0,43.0
146.0,102.0,77.0,42.0
145.0,104.0,78.0,41.0
145.0,105.0,77.0,41.0
144.0,106.0,77.0,40.0
143.0,107.0,78.0,40.0
143.0,107.0,77.0,41.0
143.0,108.0,77.0,41.0
142.0,109.0,77.0,41.0
142.0,109.0,77.0,41.0
142.0,110.0,76.0,41.0
141.0,111.0,77.0,41.0
140.0,113.0,77.0,41.0
138.0,114.0,78.0,41.0
138.0,114.0,77.0,42.0
137.0,115.0,77.0,43.0
139.0,120.0,76.0,44.0
139.0,119.0,76.0,44.0
139.0,119.0,76.0,44.0
139.0,119.0,76.0,45.0
139.0,119.0,76.0,45.0
138.0,118.0,76.0,45.0
138.0,118.0,76.0,46.0
137.0,118.0,76.0,46.0
137.0,118.0,76.0,46.0
136.0,118.0,76.0,46.0
136.0,117.0,75.0,47.0
135.0,117.0,75.0,47.0
136.0,117.0,75.0,47.0
135.0,117.0,75.0,47.0
136.0,117.0,76.0,47.0
136.0,118.0,75.0,47.0
136.0,118.0,75.0,47.0
135.0,119.0,76.0,46.0
135.0,120.0,76.0,47.0
135.0,121.0,76.0,47.0
135.0,121.0,76.0,46.0
137.0,121.0,75.0,47.0
138.0,121.0,75.0,47.0
138.0,121.0,75.0,47.0
139.0,121.0,75.0,47.0
140.0,121.0,75.0,47.0
141.0,121.0,74.0,47.0
141.0,120.0,74.0,47.0
141.0,119.0,74.0,47.0
141.0,120.0,74.0,47.0
141.0,119.0,74.0,47.0
141.0,118.0,73.0,46.0
141.0,118.0,73.0,46.0
141.0,118.0,73.0,46.0
141.0,119.0,72.0,45.0
142.0,119.0,72.0,45.0
142.0,119.0,71.0,45.0
142.0,119.0,71.0,44.0
143.0,120.0,71.0,44.0
143.0,119.0,70.0,43.0
142.0,119.0,70.0,43.0
142.0,120.0,69.0,42.0
142.0,120.0,69.0,42.0
141.0,121.0,69.0,42.0
142.0,121.0,68.0,42.0
141.0,121.0,68.0,41.0
141.0,121.0,67.0,41.0
141.0,122.0,67.0,40.0
142.0,122.0,67.0,39.0
142.0,122.0,66.0,39.0
143.0,122.0,65.0,38.0
143.0,123.0,65.0,38.0
143.0,122.0,64.0,37.0
143.0,123.0,64.0,37.0
144.0,122.0,63.0,37.0
144.0,122.0,63.0,36.0
144.0,123.0,62.0,36.0
144.0,123.0,61.0,36.0
145.0,123.0,61.0,36.0
146.0,123.0,60.0,36.0
146.0,123.0,60.0,35.0
146.0,124.0,60.0,34.0
148.0,124.0,59.0,34.0
147.0,125.0,59.0,34.0
149.0,126.0,59.0,34.0
151.0,126.0,58.0,34.0
151.0,127.0,58.0,33.0
151.0,127.0,58.0,33.0
151.0,127.0,57.0,33.0
151.0,128.0,57.0,33.0
152.0,129.0,56.0,33.0
152.0,130.0,55.0,33.0
152.0,132.0,55.0,33.0
152.0,136.0,55.0,33.0
151.0,137.0,54.0,33.0
150.0,142.0,54.0,33.0
149.0,142.0,54.0,33.0
149.0,147.0,54.0,32.0
147.0,148.0,53.0,33.0
147.0,152.0,53.0,33.0
146.0,153.0,53.0,33.0
145.0,154.0,52.0,33.0
144.0,156.0,52.0,33.0
142.0,157.0,52.0,33.0
139.0,158.0,52.0,33.0
137.0,160.0,53.0,32.0
134.0,161.0,53.0,32.0
132.0,161.0,53.0,32.0
131.0,162.0,53.0,31.0
127.0,162.0,53.0,32.0
125.0,161.0,52.0,32.0
123.0,161.0,52.0,32.0
121.0,161.0,52.0,32.0
120.0,160.0,52.0,32.0
118.0,160.0,52.0,32.0
115.0,159.0,52.0,32.0
114.0,158.0,52.0,31.0
111.0,158.0,53.0,31.0
110.0,157.0,52.0,31.0
108.0,155.0,52.0,31.0
106.0,154.0,52.0,32.0
105.0,153.0,52.0,31.0
103.0,151.0,52.0,31.0
101.0,149.0,52.0,31.0
99.0,148.0,52.0,31.0
97.0,146.0,51.0,31.0
96.0,144.0,51.0,31.0
95.0,142.0,51.0,31.0
94.0,140.0,51.0,31.0
95.0,138.0,50.0,31.0
94.0,137.0,50.0,31.0
94.0,135.0,51.0,31.0
93.0,134.0,51.0,30.0
94.0,134.0,51.0,30.0
93.0,133.0,52.0,30.0
94.0,132.0,51.0,30.0
95.0,130.0,51.0,30.0
94.0,129.0,51.0,30.0
94.0,129.0,51.0,30.0
95.0,128.0,51.0,30.0
95.0,127.0,51.0,30.0
96.0,126.0,51.0,30.0
99.0,126.0,50.0,30.0
99.0,125.0,50.0,30.0
100.0,125.0,50.0,30.0
103.0,125.0,49.0,31.0
104.0,125.0,48.0,30.0
108.0,125.0,48.0,30.0
108.0,126.0,47.0,29.0
112.0,127.0,47.0,29.0
115.0,127.0,46.0,29.0
116.0,126.0,45.0,28.0
117.0,127.0,45.0,28.0
118.0,127.0,44.0,28.0
121.0,127.0,43.0,27.0
122.0,128.0,42.0,27.0
124.0,129.0,41.0,27.0
126.0,130.0,41.0,26.0
129.0,133.0,41.0,25.0
131.0,133.0,40.0,25.0
133.0,135.0,40.0,25.0
135.0,135.0,40.0,24.0
135.0,134.0,39.0,23.0
137.0,134.0,39.0,23.0
138.0,135.0,38.0,23.0
140.0,137.0,38.0,22.0
142.0,137.0,38.0,22.0
143.0,136.0,38.0,21.0
143.0,136.0,38.0,21.0
143.0,137.0,38.0,20.0
144.0,137.0,38.0,20.0
145.0,137.0,37.0,20.0
145.0,138.0,37.0,20.0
147.0,142.0,37.0,20.0
148.0,141.0,36.0,20.0
148.0,141.0,36.0,19.0
149.0,140.0,36.0,19.0
149.0,140.0,36.0,19.0
149.0,140.0,36.0,18.0
149.0,140.0,35.0,18.0
149.0,141.0,35.0,17.0
150.0,141.0,35.0,17.0
151.0,141.0,35.0,17.0
151.0,141.0,35.0,17.0
151.0,141.0,35.0,17.0
153.0,140.0,34.0,17.0
153.0,140.0,34.0,17.0
153.0,141.0,34.0,17.0
153.0,140.0,34.0,17.0
153.0,139.0,34.0,17.0
157.0,134.0,34.0,17.0
159.0,133.0,34.0,17.0
160.0,131.0,33.0,18.0
159.0,126.0,33.0,18.0
157.0,124.0,31.0,19.0
160.0,126.0,30.0,21.0
158.0,127.0,29.0,22.0
159.0,125.0,29.0,22.0
163.0,124.0,28.0,23.0
164.0,122.0,28.0,23.0
164.0,123.0,27.0,23.0
165.0,123.0,27.0,23.0
165.0,125.0,26.0,24.0
166.0,125.0,26.0,24.0
166.0,127.0,26.0,24.0
164.0,126.0,26.0,24.0
167.0,127.0,26.0,24.0
169.0,125.0,26.0,24.0
168.0,127.0,26.0,24.0
167.0,126.0,26.0,24.0
167.0,124.0,26.0,24.0
167.0,124.0,26.0,24.0
168.0,125.0,26.0,24.0
167.0,127.0,26.0,24.0
169.0,124.0,26.0,24.0
168.0,125.0,26.0,24.0
168.0,126.0,25.0,24.0
169.0,124.0,26.0,24.0
168.0,126.0,26.0,24.0
168.0,125.0,25.0,24.0
168.0,124.0,25.0,24.0
167.0,123.0,25.0,24.0
169.0,123.0,25.0,24.0
168.0,125.0,25.0,24.0
168.0,125.0,25.0,24.0
165.0,123.0,25.0,24.0
168.0,123.0,25.0,24.0
170.0,125.0,25.0,24.0
168.0,123.0,25.0,24.0
168.0,124.0,25.0,24.0
165.0,124.0,26.0,23.0
165.0,125.0,26.0,23.0
170.0,126.0,26.0,23.0
168.0,126.0,26.0,23.0
165.0,124.0,26.0,23.0
166.0,127.0,26.0,23.0
166.0,127.0,26.0,23.0
167.0,127.0,26.0,23.0
