692.0,439.0,24.0,79.0
689.0,437.0,24.0,78.0
686.0,439.0,24.0,78.0
684.0,439.0,25.0,78.0
681.0,439.0,25.0,77.0
678.0,440.0,26.0,76.0
672.0,438.0,26.0,76.0
670.0,436.0,26.0,76.0
665.0,436.0,26.0,75.0
664.0,435.0,26.0,75.0
663.0,433.0,25.0,74.0
660.0,433.0,25.0,74.0
658.0,431.0,25.0,75.0
656.0,431.0,25.0,75.0
653.0,431.0,25.0,75.0
650.0,431.0,25.0,75.0
648.0,430.0,25.0,75.0
645.0,430.0,25.0,75.0
642.0,430.0,26.0,74.0
639.0,430.0,26.0,74.0
635.0,430.0,27.0,73.0
632.0,429.0,27.0,72.0
628.0,427.0,27.0,72.0
625.0,427.0,27.0,73.0
623.0,425.0,27.0,73.0
621.0,424.0,27.0,73.0
619.0,423.0,26.0,73.0
617.0,423.0,26.0,73.0
613.0,422.0,26.0,73.0
611.0,423.0,26.0,72.0
608.0,424.0,26.0,72.0
606.0,424.0,26.0,72.0
601.0,425.0,26.0,71.0
599.0,423.0,26.0,72.0
597.0,421.0,26.0,72.0
594.0,420.0,26.0,71.0
593.0,420.0,25.0,71.0
591.0,418.0,25.0,71.0
589.0,419.0,25.0,71.0
587.0,418.0,25.0,71.0
585.0,419.0,25.0,71.0
582.0,418.0,25.0,71.0
580.0,417.0,25.0,72.0
577.0,417.0,25.0,71.0
574.0,416.0,25.0,71.0
572.0,416.0,25.0,71.0
569.0,416.0,25.0,71.0
564.0,415.0,25.0,71.0
563.0,414.0,25.0,70.0
561.0,412.0,25.0,70.0
559.0,413.0,25.0,70.0
557.0,411.0,25.0,70.0
554.0,410.0,25.0,69.0
552.0,410.0,25.0,69.0
549.0,410.0,25.0,69.0
547.0,411.0,25.0,69.0
544.0,411.0,25.0,69.0
542.0,411.0,25.0,69.0
539.0,409.0,25.0,69.0
536.0,408.0,25.0,69.0
533.0,408.0,25.0,68.0
531.0,408.0,25.0,68.0
530.0,407.0,25.0,67.0
528.0,405.0,24.0,68.0
526.0,403.0,24.0,68.0
524.0,404.0,24.0,68.0
521.0,405.0,24.0,67.0
519.0,403.0,24.0,67.0
517.0,404.0,24.0,67.0
515.0,404.0,24.0,67.0
513.0,405.0,24.0,67.0
511.0,404.0,24.0,67.0
508.0,403.0,24.0,67.0
505.0,402.0,24.0,67.0
502.0,401.0,24.0,67.0
501.0,401.0,24.0,67.0
498.0,399.0,24.0,67.0
496.0,398.0,24.0,66.0
494.0,398.0,24.0,65.0
493.0,398.0,24.0,65.0
490.0,398.0,24.0,65.0
488.0,400.0,24.0,65.0
487.0,399.0,24.0,65.0
484.0,399.0,24.0,64.0
482.0,397.0,24.0,64.0
480.0,397.0,24.0,64.0
477.0,397.0,24.0,63.0
475.0,396.0,24.0,63.0
473.0,396.0,23.0,63.0
472.0,394.0,22.0,64.0
470.0,394.0,22.0,65.0
468.0,393.0,22.0,64.0
465.0,394.0,22.0,64.0
464.0,394.0,22.0,63.0
462.0,395.0,22.0,63.0
461.0,394.0,22.0,63.0
459.0,393.0,22.0,63.0
454.0,393.0,22.0,63.0
453.0,393.0,22.0,63.0
452.0,392.0,22.0,63.0
450.0,392.0,22.0,62.0
449.0,391.0,22.0,61.0
446.0,390.0,22.0,61.0
444.0,388.0,22.0,61.0
443.0,388.0,22.0,61.0
441.0,388.0,22.0,60.0
440.0,388.0,22.0,60.0
438.0,389.0,22.0,60.0
436.0,389.0,22.0,60.0
433.0,389.0,22.0,60.0
432.0,388.0,23.0,59.0
429.0,387.0,23.0,59.0
427.0,387.0,23.0,59.0
426.0,387.0,22.0,59.0
424.0,385.0,22.0,59.0
423.0,384.0,22.0,59.0
421.0,383.0,22.0,59.0
420.0,382.0,21.0,59.0
418.0,383.0,21.0,59.0
416.0,384.0,21.0,59.0
415.0,383.0,21.0,59.0
413.0,383.0,21.0,59.0
409.0,384.0,21.0,59.0
408.0,383.0,20.0,59.0
407.0,382.0,21.0,59.0
404.0,382.0,21.0,58.0
402.0,381.0,21.0,58.0
401.0,381.0,21.0,58.0
399.0,381.0,21.0,58.0
397.0,380.0,21.0,58.0
396.0,378.0,21.0,58.0
394.0,378.0,21.0,58.0
392.0,378.0,21.0,57.0
390.0,379.0,21.0,57.0
388.0,380.0,21.0,57.0
386.0,379.0,21.0,56.0
384.0,381.0,21.0,56.0
383.0,379.0,21.0,56.0
380.0,378.0,21.0,56.0
379.0,377.0,21.0,56.0
377.0,377.0,21.0,56.0
376.0,376.0,21.0,56.0
375.0,376.0,21.0,56.0
373.0,376.0,21.0,56.0
372.0,376.0,21.0,57.0
370.0,377.0,21.0,57.0
368.0,374.0,20.0,57.0
366.0,374.0,21.0,57.0
365.0,374.0,21.0,57.0
363.0,376.0,21.0,56.0
361.0,375.0,21.0,56.0
359.0,374.0,21.0,56.0
357.0,373.0,21.0,56.0
355.0,373.0,21.0,56.0
354.0,373.0,21.0,56.0
352.0,372.0,21.0,56.0
351.0,371.0,21.0,56.0
349.0,370.0,20.0,56.0
348.0,369.0,20.0,56.0
346.0,369.0,20.0,56.0
345.0,371.0,20.0,56.0
342.0,370.0,21.0,55.0
341.0,371.0,21.0,55.0
340.0,371.0,21.0,55.0
338.0,370.0,20.0,55.0
336.0,369.0,20.0,55.0
335.0,369.0,20.0,55.0
333.0,368.0,20.0,55.0
332.0,368.0,20.0,55.0
331.0,365.0,19.0,55.0
329.0,367.0,19.0,55.0
327.0,367.0,19.0,55.0
326.0,366.0,19.0,55.0
325.0,367.0,19.0,55.0
323.0,367.0,19.0,55.0
322.0,366.0,19.0,55.0
320.0,366.0,20.0,55.0
317.0,366.0,20.0,54.0
315.0,365.0,20.0,54.0
314.0,364.0,20.0,54.0
312.0,364.0,20.0,54.0
311.0,363.0,20.0,54.0
309.0,362.0,20.0,53.0
308.0,361.0,20.0,53.0
306.0,362.0,20.0,53.0
305.0,363.0,20.0,53.0
303.0,363.0,20.0,53.0
301.0,364.0,20.0,53.0
300.0,363.0,20.0,53.0
297.0,362.0,21.0,52.0
296.0,363.0,20.0,52.0
295.0,362.0,20.0,52.0
294.0,361.0,20.0,52.0
292.0,360.0,20.0,52.0
291.0,360.0,20.0,52.0
290.0,358.0,19.0,53.0
288.0,358.0,19.0,53.0
287.0,358.0,19.0,52.0
285.0,359.0,19.0,52.0
284.0,359.0,19.0,52.0
282.0,359.0,19.0,52.0
280.0,359.0,19.0,52.0
279.0,358.0,19.0,52.0
277.0,358.0,19.0,52.0
275.0,358.0,19.0,53.0
273.0,356.0,20.0,53.0
271.0,357.0,19.0,52.0
270.0,356.0,19.0,53.0
268.0,355.0,19.0,52.0
266.0,355.0,19.0,52.0
265.0,354.0,19.0,52.0
264.0,354.0,19.0,51.0
262.0,355.0,19.0,51.0
260.0,356.0,20.0,51.0
259.0,357.0,20.0,51.0
257.0,355.0,20.0,51.0
255.0,354.0,20.0,50.0
253.0,354.0,20.0,50.0
252.0,353.0,20.0,50.0
250.0,352.0,20.0,50.0
249.0,350.0,20.0,50.0
248.0,350.0,19.0,50.0
247.0,351.0,19.0,50.0
246.0,352.0,19.0,50.0
244.0,351.0,19.0,49.0
242.0,353.0,19.0,49.0
240.0,351.0,19.0,49.0
239.0,352.0,19.0,49.0
237.0,352.0,20.0,49.0
235.0,351.0,20.0,49.0
233.0,351.0,19.0,49.0
232.0,351.0,19.0,49.0
230.0,350.0,19.0,50.0
229.0,350.0,19.0,50.0
227.0,349.0,19.0,50.0
226.0,349.0,19.0,49.0
225.0,348.0,19.0,50.0
223.0,349.0,19.0,49.0
221.0,349.0,18.0,49.0
220.0,350.0,19.0,49.0
218.0,349.0,19.0,49.0
217.0,349.0,19.0,48.0
215.0,349.0,19.0,48.0
213.0,348.0,19.0,49.0
212.0,348.0,18.0,48.0
211.0,348.0,18.0,48.0
210.0,347.0,19.0,48.0
208.0,347.0,18.0,48.0
207.0,348.0,18.0,48.0
206.0,346.0,18.0,48.0
205.0,347.0,18.0,48.0
204.0,347.0,18.0,48.0
202.0,347.0,18.0,48.0
201.0,347.0,18.0,48.0
200.0,347.0,18.0,48.0
198.0,346.0,18.0,48.0
196.0,346.0,18.0,48.0
195.0,345.0,18.0,48.0
194.0,344.0,18.0,48.0
192.0,343.0,18.0,48.0
190.0,342.0,18.0,48.0
189.0,342.0,18.0,47.0
187.0,342.0,19.0,47.0
186.0,343.0,19.0,47.0
185.0,344.0,19.0,47.0
183.0,344.0,19.0,46.0
182.0,344.0,19.0,46.0
181.0,344.0,19.0,46.0
179.0,343.0,18.0,47.0
178.0,342.0,18.0,47.0
177.0,342.0,18.0,47.0
175.0,341.0,18.0,47.0
174.0,340.0,17.0,47.0
174.0,341.0,18.0,47.0
172.0,339.0,18.0,47.0
171.0,340.0,18.0,47.0
170.0,339.0,17.0,47.0
168.0,340.0,17.0,47.0
168.0,340.0,17.0,47.0
166.0,340.0,17.0,48.0
164.0,340.0,17.0,48.0
163.0,340.0,18.0,48.0
161.0,339.0,18.0,48.0
159.0,338.0,18.0,48.0
158.0,339.0,18.0,47.0
156.0,339.0,18.0,48.0
155.0,338.0,18.0,47.0
153.0,337.0,18.0,47.0
152.0,337.0,18.0,47.0
151.0,338.0,18.0,47.0
150.0,339.0,18.0,47.0
148.0,339.0,18.0,47.0
147.0,339.0,18.0,47.0
145.0,338.0,18.0,47.0
144.0,339.0,19.0,46.0
143.0,338.0,18.0,47.0
142.0,337.0,18.0,47.0
140.0,337.0,18.0,47.0
139.0,336.0,18.0,47.0
138.0,336.0,18.0,47.0
137.0,335.0,18.0,47.0
136.0,335.0,18.0,47.0
135.0,335.0,17.0,47.0
134.0,335.0,17.0,47.0
132.0,335.0,17.0,48.0
131.0,335.0,18.0,47.0
129.0,335.0,18.0,47.0
128.0,335.0,18.0,47.0
127.0,334.0,18.0,47.0
126.0,334.0,18.0,47.0
124.0,334.0,18.0,47.0
123.0,334.0,18.0,47.0
121.0,334.0,18.0,46.0
120.0,333.0,18.0,46.0
120.0,333.0,18.0,46.0
119.0,333.0,18.0,46.0
118.0,332.0,17.0,46.0
117.0,333.0,17.0,46.0
116.0,333.0,18.0,46.0
115.0,333.0,18.0,46.0
113.0,333.0,18.0,46.0
112.0,333.0,18.0,46.0
111.0,332.0,18.0,46.0
110.0,331.0,18.0,46.0
110.0,330.0,17.0,46.0
109.0,329.0,17.0,46.0
108.0,329.0,17.0,47.0
107.0,329.0,16.0,47.0
106.0,330.0,17.0,46.0
105.0,330.0,17.0,46.0
104.0,330.0,17.0,46.0
103.0,330.0,17.0,46.0
102.0,330.0,17.0,45.0
101.0,330.0,17.0,45.0
100.0,329.0,17.0,45.0
99.0,330.0,17.0,45.0
98.0,328.0,17.0,45.0
96.0,329.0,17.0,45.0
95.0,328.0,17.0,45.0
94.0,328.0,17.0,45.0
93.0,327.0,17.0,45.0
92.0,327.0,17.0,45.0
92.0,327.0,17.0,44.0
91.0,327.0,17.0,44.0
89.0,327.0,17.0,44.0
89.0,328.0,17.0,44.0
88.0,328.0,17.0,44.0
87.0,327.0,17.0,44.0
86.0,326.0,17.0,44.0
85.0,326.0,17.0,44.0
84.0,325.0,17.0,43.0
83.0,325.0,17.0,43.0
82.0,324.0,16.0,43.0
81.0,325.0,16.0,43.0
81.0,325.0,16.0,43.0
80.0,325.0,16.0,43.0
80.0,326.0,16.0,42.0
78.0,326.0,16.0,42.0
78.0,325.0,16.0,43.0
77.0,325.0,16.0,42.0
76.0,326.0,16.0,42.0
75.0,325.0,16.0,42.0
74.0,325.0,16.0,43.0
73.0,324.0,16.0,43.0
72.0,325.0,16.0,43.0
70.0,323.0,16.0,43.0
70.0,323.0,16.0,43.0
68.0,323.0,16.0,43.0
67.0,323.0,16.0,42.0
67.0,322.0,16.0,42.0
66.0,322.0,16.0,42.0
65.0,323.0,16.0,42.0
64.0,324.0,16.0,42.0
63.0,323.0,16.0,42.0
63.0,323.0,16.0,42.0
62.0,322.0,16.0,42.0
60.0,322.0,16.0,42.0
60.0,322.0,16.0,41.0
59.0,321.0,16.0,42.0
58.0,321.0,16.0,41.0
58.0,321.0,16.0,42.0
57.0,321.0,16.0,42.0
57.0,321.0,15.0,42.0
56.0,321.0,15.0,42.0
55.0,321.0,15.0,43.0
54.0,320.0,15.0,43.0
53.0,321.0,15.0,42.0
52.0,320.0,15.0,42.0
51.0,320.0,15.0,42.0
50.0,320.0,15.0,43.0
49.0,320.0,15.0,43.0
48.0,319.0,15.0,43.0
48.0,318.0,15.0,43.0
46.0,318.0,15.0,43.0
45.0,317.0,15.0,44.0
45.0,317.0,15.0,44.0
44.0,317.0,15.0,43.0
43.0,318.0,15.0,43.0
42.0,318.0,15.0,43.0
41.0,318.0,15.0,43.0
41.0,318.0,15.0,43.0
40.0,317.0,15.0,42.0
39.0,317.0,16.0,42.0
38.0,317.0,16.0,42.0
37.0,316.0,15.0,42.0
36.0,316.0,15.0,42.0
36.0,315.0,15.0,42.0
35.0,314.0,15.0,42.0
34.0,315.0,15.0,42.0
33.0,315.0,16.0,41.0
32.0,315.0,15.0,41.0
32.0,315.0,15.0,41.0
