1
244.2311,168.3662,118.4141,118.8079
236.7515,179.0209,119.7805,121.4207
217.4618,197.6136,120.83,121.7564
212.3488,212.0503,119.1305,118.8909
215.8274,205.834,120.7055,119.2787
214.5831,197.204,120.8128,119.5153
214.4664,195.0566,119.9236,120.3793
170.5134,217.7181,128.0903,114.9664
146.4693,253.7949,126.5877,112.5586
194.8755,258.1766,130.85,108.9258
233.0349,232.7954,131.5671,105.9437
220.6025,219.0346,129.9484,104.8636
211.415,206.5898,127.1925,111.5365
203.3183,205.1385,124.9823,113.9251
190.0328,206.3586,122.647,117.442
190.6628,218.3991,121.4713,117.4511
199.8468,215.9028,123.2962,115.3891
216.6598,193.2933,125.7898,111.7632
213.6509,156.5334,125.6285,112.077
197.0945,147.6414,123.9381,114.227
203.2469,163.1582,124.5714,114.9728
226.0928,197.7636,126.8441,112.8529
255.4748,230.9429,126.0441,111.5673
268.741,241.9929,122.7169,114.2777
257.0955,242.2348,120.771,117.3776
242.9133,246.8579,120.2618,119.6295
238.1189,248.2731,119.9868,119.0983
231.4597,241.0142,120.6357,118.6826
224.7054,224.949,121.5335,119.5643
223.6591,215.9978,120.6946,120.0617
230.0996,207.8034,121.4853,120.5549
240.1762,199.7501,122.6198,118.1904
238.5125,175.5179,122.868,118.3401
227.7685,155.7179,122.5346,118.2685
220.7031,135.9365,122.2746,117.2483
223.4386,120.9288,123.1798,118.1193
242.0979,130.1204,122.499,115.7403
250.6013,134.3099,121.01,116.0383
253.2713,140.8804,120.7579,115.0808
262.5121,175.1781,121.6554,116.0167
265.5405,221.3624,121.9807,112.1179
271.604,236.546,121.1862,112.6981
275.1899,237.9572,120.5505,115.4321
272.5947,235.744,119.7049,114.9765
263.6303,223.0463,120.5055,115.4541
262.9686,214.377,119.3709,116.5626
263.3664,204.0445,120.4355,112.9865
265.9521,170.937,121.7723,113.3862
267.4602,163.0665,120.5044,114.6751
271.1654,180.3769,118.0914,114.3805
267.63,187.4999,116.6023,113.4343
266.3859,181.3784,116.9032,115.6216
268.0953,182.0417,117.5133,115.8706
273.9977,188.1292,117.5581,114.4324
284.2452,196.8367,116.4795,113.9659
283.3719,207.3016,115.841,116.6079
258.33,213.6622,116.55,116.7076
220.0307,214.8384,118.1919,116.5997
202.3481,211.7488,117.1195,116.9107
205.5168,206.5918,117.3715,117.8316
222.6489,208.0022,117.6782,117.4886
254.1214,211.3774,119.0996,117.7958
284.9308,212.4166,123.2439,117.0368
325.9525,217.6441,122.9781,117.2697
328.0589,223.1452,121.0955,115.7259
317.961,211.5045,120.5363,115.9337
292.2163,189.1835,122.5988,117.9745
261.9465,168.5419,123.3914,118.3525
240.915,161.3081,121.9124,118.959
241.6171,168.075,120.4772,117.4321
247.9259,184.3065,120.1258,118.0613
254.0317,199.1201,119.445,116.9505
267.0902,210.8195,120.8668,116.4363
293.2603,225.2194,121.6229,115.5889
309.4429,235.9617,119.8034,114.9064
307.5775,245.1797,119.3329,114.9892
297.2346,252.6127,119.7504,115.113
286.7133,252.4755,120.4448,113.667
260.8067,239.5804,121.6122,113.2654
228.9107,232.9056,122.2493,114.6546
213.9856,230.4039,120.1342,116.8747
213.1138,235.63,118.7123,117.1189
220.0444,234.0494,120.04,116.2055
236.4723,207.5179,121.0425,117.5871
249.4994,189.0269,123.5316,115.1049
262.1676,156.0214,126.0028,116.6688
283.5692,145.3316,126.6637,116.9523
318.2677,145.4687,124.5749,116.3543
325.5738,157.2961,122.8072,115.5236
326.3119,171.1025,121.2428,117.0661
314.6084,182.4055,121.6,116.9385
293.81,192.9925,122.3708,116.8614
265.2504,203.9361,123.8669,121.6749
248.8654,221.6848,122.3509,123.7123
235.2813,225.6265,121.6574,120.8632
223.0662,216.5486,122.2898,118.697
209.9129,208.3303,123.0272,117.7053
203.0781,204.9905,122.4519,117.8093
211.8543,199.9882,123.7861,116.1634
226.6598,175.3945,124.7519,117.8711
242.9686,169.04,122.2387,117.4664
259.3869,172.3737,122.1418,116.0282
276.275,188.3994,121.9259,117.1292
296.2041,215.2245,122.2937,116.9313
304.9668,224.7155,121.8916,116.119
292.2552,209.8073,122.8514,115.9163
258.6333,194.177,122.2386,116.8936
214.1645,199.652,122.5379,115.9848
174.2855,212.1236,124.1977,118.4213
164.3878,224.1728,123.0802,122.2253
164.2659,235.1637,120.2398,120.5934
173.8836,211.855,121.2026,123.3063
197.0493,187.09,124.4044,123.0075
222.2231,173.0462,124.5322,120.967
231.9264,174.7848,122.7343,120.1037
230.0722,186.0847,120.1222,125.3393
227.3017,198.6912,118.0678,127.4991
223.3898,200.9162,118.3905,123.6224
227.7004,202.6792,122.6095,117.5251
238.9483,200.0167,123.0465,115.4273
235.0423,206.4203,122.0053,117.6342
221.7274,217.6231,122.2352,120.0308
207.214,224.564,121.6703,117.3132
200.8745,211.8845,122.9259,116.5928
199.4676,197.4151,123.6075,115.0736
193.6005,191.3654,122.7589,116.7614
197.4077,199.9256,122.5352,118.7197
206.1075,222.3461,121.1651,121.4769
207.486,235.473,117.9527,126.6503
204.9323,239.8457,116.9821,125.2043
200.3181,222.9966,119.8066,121.1725
200.8009,201.2232,121.3533,119.2598
192.2866,182.071,122.9698,118.1861
171.4879,178.1368,121.9056,117.7847
162.902,184.08,121.6336,117.7355
169.2208,198.0111,122.1675,115.7654
181.8201,207.3269,121.4718,113.9166
201.1812,206.3094,120.016,114.3842
224.1465,214.3795,121.854,113.4959
246.088,228.0363,124.0595,113.2555
272.9783,240.5176,124.8439,113.441
293.4313,243.8686,123.038,115.1186
284.9604,242.7824,124.1322,114.3798
247.6268,227.204,123.4642,116.1515
202.5948,224.9469,123.7026,115.1012
168.9961,219.5314,122.4097,116.7936
138.6447,223.3248,121.8563,117.891
106.1023,229.0782,121.1679,115.131
110.9199,215.4788,122.9762,114.6727
144.5309,207.902,133.4247,106.7048
193.7061,199.2949,135.8712,103.9598
221.0624,193.5071,129.9492,108.0105
220.9897,196.1016,129.0502,107.1741
232.5361,204.0307,126.1212,108.1314
239.835,217.3009,123.5945,109.0355
230.7693,221.8711,120.9827,112.0657
196.83,221.9545,119.4298,114.8045
171.267,226.0845,118.7019,114.1997
173.9,227.6675,117.8703,114.3417
203.8894,220.0459,117.1541,115.5562
255.6335,216.027,116.4852,114.8266
278.0959,215.9857,118.8101,115.1983
270.2547,217.8601,119.2013,113.9811
258.6015,210.8499,121.1491,112.9574
250.6233,199.3661,121.381,114.4734
247.0206,194.5454,121.3573,115.5159
249.3048,189.6057,120.6486,115.737
265.7328,195.8321,122.2922,113.9231
273.1368,205.9779,122.0214,114.5262
266.4169,208.4922,119.9053,113.804
241.9508,212.7103,120.3663,114.3194
203.7463,227.3052,120.9456,117.5561
188.5373,245.6404,119.8358,119.2267
174.782,249.8736,120.1394,117.107
180.133,248.3848,121.4203,116.7587
203.2994,242.2781,120.1763,116.9513
208.7039,238.7657,121.2219,116.3328
192.7218,236.036,121.6189,116.6668
175.5267,232.9993,120.1961,116.2263
172.5667,223.0842,120.4107,117.891
189.9838,219.6124,118.1421,116.951
236.8981,210.6688,118.7517,118.0224
277.6122,200.8025,119.4824,116.8444
278.4221,196.5648,119.5961,116.82
248.013,193.1655,120.898,117.4121
211.1182,188.5917,123.4816,116.5565
196.5272,184.0406,121.7611,116.9528
180.1022,186.5271,120.6202,116.2881
166.8813,187.9418,121.3728,115.9068
169.5698,192.9007,120.9639,114.1274
197.3782,192.7096,121.6439,114.1625
258.0793,197.0012,119.8624,113.4587
295.0504,195.1467,119.6491,114.7809
292.7858,193.3873,118.8664,115.455
275.9285,196.5264,118.8082,115.0809
255.9585,199.2939,118.6302,115.875
237.058,206.4082,118.6049,117.4922
210.2068,216.683,118.5903,115.4079
175.5909,205.8631,121.3808,113.7564
142.4429,192.2607,123.5208,112.8621
139.4258,187.8729,121.5416,114.2268
157.6732,190.1274,119.3985,113.1536
186.5174,196.0296,120.0913,112.2376
193.1137,199.2026,120.6107,112.5857
188.8119,191.657,120.3336,113.9256
196.3103,177.9828,122.0632,116.5737
205.2281,172.4932,121.2276,116.6312
213.6058,172.7154,121.5978,115.6176
215.4505,183.8059,120.2143,115.5699
211.2288,193.5519,119.6532,116.0987
201.6707,210.572,120.1392,114.688
214.9693,228.6338,120.0969,116.922
222.2206,247.1904,119.7462,118.795
211.4985,253.7855,119.4487,115.9676
193.3973,244.1464,119.6794,112.4347
181.3372,221.5991,122.394,109.2334
179.0398,182.584,123.6822,109.9851
188.4403,162.8177,122.5664,111.4182
199.4887,164.7542,123.2295,110.6943
216.7159,177.4987,123.6836,109.4396
235.785,188.6068,122.7505,110.1669
240.7557,190.4534,121.583,110.7153
235.0731,192.2729,120.4633,110.8547
214.3221,199.8761,119.6503,110.9498
192.4031,205.8436,118.2774,112.3344
185.6507,216.8275,118.3245,111.3669
188.7687,221.4006,117.7605,111.503
187.2456,215.0908,118.1056,110.1293
185.4299,194.8596,120.4617,109.5057
199.7865,167.34,119.0486,112.299
216.2365,164.7752,122.6652,112.5192
261.1668,180.7745,126.4816,106.7309
291.8543,191.4331,123.2783,108.2937
296.871,210.5049,120.8988,110.3173
295.5828,225.0849,118.2947,110.486
294.9372,227.0662,117.5522,110.9369
299.034,223.3459,117.7616,111.8653
293.8099,226.8665,117.122,111.9955
266.5833,229.934,114.2938,113.336
241.2238,230.9898,114.8826,112.8276
234.3849,237.3511,115.4421,113.256
221.5962,243.4957,115.9037,112.5776
209.3043,237.281,117.4975,110.5664
210.3621,217.7806,118.1151,112.0875
212.5829,208.8749,119.1237,113.844
218.152,204.9441,118.3108,113.7843
235.7206,205.3906,116.1786,112.7342
253.1583,200.0953,118.6528,111.6945
256.6292,183.8143,120.163,111.7056
257.9383,165.7927,120.0761,114.622
271.9789,181.9446,121.0347,116.7186
284.9212,208.8521,118.9649,122.4729
277.927,243.4941,119.7998,120.7865
263.8009,256.4951,117.4843,117.365
253.2096,241.6952,119.6233,112.5743
248.3108,204.2353,121.4511,108.7649
238.0789,172.0412,121.1845,109.0869
234.1344,159.6789,120.2303,112.146
224.8759,167.9269,117.5488,112.3901
206.9687,173.275,114.7385,112.7707
216.037,176.4159,114.405,110.426
248.9423,162.0276,116.7701,111.8228
266.9635,146.2834,116.7837,112.8064
277.5798,144.2132,117.6185,111.7378
278.4796,155.7538,118.5472,114.638
262.7725,178.2468,119.2181,112.9242
246.111,188.1058,118.777,113.0605
237.3708,189.6511,116.7797,112.6667
239.3156,186.7905,115.7746,113.1336
246.3937,188.5623,117.2019,112.0208
244.8661,199.9743,117.9386,112.7441
215.1641,211.9925,115.9987,113.088
201.6639,212.4874,114.8276,112.7471
212.1859,203.9541,116.7093,112.1649
230.1382,186.4468,117.2659,112.8415
237.7193,185.1929,117.1715,112.2095
239.5274,193.7975,115.7949,111.9202
240.2231,201.5625,114.057,111.9308
238.502,207.6436,113.4955,111.1239
233.3076,209.7288,113.7566,111.7799
215.8812,220.6981,115.578,114.2964
208.2965,237.0653,115.0149,111.4672
219.0577,238.2823,114.0154,111.7531
220.819,232.6398,114.4445,111.5629
216.7068,229.2125,113.4643,110.9408
213.6385,226.0294,113.2569,111.245
223.2117,216.6241,113.6715,110.5876
252.4597,191.2347,114.694,110.9764
275.5032,164.3655,115.7732,112.8715
278.5265,162.1674,113.9631,112.4437
279.8219,173.035,114.6671,110.771
275.1984,192.7393,115.3346,112.518
268.5981,218.0031,115.5742,112.7983
263.5922,231.8117,113.1516,110.9671
245.2194,230.6949,113.9753,109.4799
219.1556,228.6747,113.7791,110.4077
218.1148,241.4035,112.6109,108.3238
228.6466,251.4979,111.6057,107.8876
236.8963,246.6879,112.0387,108.8595
238.2183,234.307,113.1003,106.8579
240.4097,212.2758,113.1715,108.9213
253.1338,217.1095,114.4889,105.3219
287.1924,218.5382,113.6278,104.6099
302.1694,213.4511,113.7161,106.5313
295.7547,207.3087,114.0369,107.7074
282.8917,206.4974,112.3694,107.9933
273.0008,214.2335,112.2888,108.8853
267.6731,228.9514,112.1265,111.1092
260.8286,241.6063,111.4938,110.7941
255.0018,244.1285,110.8316,109.3647
263.832,239.5419,111.6095,109.3764
265.8999,230.5587,112.0592,108.6684
261.5882,222.6433,112.4084,107.5355
256.3608,217.1831,111.7047,107.4206
256.8001,212.6289,110.1896,106.9118
260.6084,210.3935,110.2381,107.1975
268.2955,201.6021,111.4792,107.4789
269.5735,195.5654,110.2847,107.4405
270.9874,201.0126,109.8312,107.028
277.928,216.0831,110.5325,107.334
286.7407,228.1153,110.0144,106.2003
291.3091,233.7381,109.2604,106.0515
279.9569,235.376,107.4625,105.4707
252.5946,242.5858,108.7363,104.8993
228.7224,241.9831,108.2219,104.3507
215.7316,226.9033,108.3878,103.8416
203.4567,207.9517,110.133,100.4052
203.3018,181.2795,112.3684,100.5821
211.288,167.7336,112.2517,103.689
225.1695,177.5045,111.8601,102.8489
240.1033,184.5598,110.2656,103.9201
246.3443,188.1217,109.0877,104.361
254.4793,191.1784,109.7445,104.1827
268.2222,210.8345,110.1667,103.3917
283.1477,234.7876,110.5498,104.5835
291.8246,252.1595,109.6744,105.9188
288.2443,250.8413,109.1957,104.5919
276.0959,223.6899,109.7069,103.4329
267.6424,207.1792,108.9652,103.1248
248.3316,206.0432,109.3119,101.2482
228.7472,203.9425,109.6136,103.16
221.7203,221.3976,108.9206,103.4068
229.0775,236.182,107.4702,102.2559
243.2782,233.5272,108.7412,102.6164
265.1574,233.5652,108.6796,103.4412
275.1693,235.6177,108.8894,103.5527
276.8975,246.1955,107.8944,103.841
274.8667,260.696,107.0439,104.7516
275.5657,263.2202,105.4948,104.5835
274.2115,260.5391,105.2869,105.1651
275.1033,254.5213,105.7337,105.5145
276.5785,241.8402,107.32,106.505
277.741,234.9834,106.682,105.8522
274.9991,235.462,106.8512,106.1468
266.1484,243.4443,105.8758,106.2253
255.9999,244.2665,106.1237,105.7366
253.4989,238.1876,106.85,104.737
253.2892,223.3418,107.5865,105.9707
251.8259,221.4928,106.631,105.0051
245.3374,222.7058,106.691,105.1182
248.2666,230.2364,105.8225,103.3363
263.9922,233.0367,105.0108,102.4619
281.1048,224.9822,104.6016,102.1638
292.9363,213.8152,106.3063,100.7342
293.548,196.9315,107.1527,102.9274
289.8313,196.4964,106.9492,103.1974
284.9955,203.9146,106.3841,103.3952
283.0293,211.4069,105.6622,103.5088
265.7739,214.179,104.913,103.958
240.2901,207.6013,105.9707,102.2688
225.7101,198.3949,104.9775,102.7548
223.196,201.8863,105.8138,102.8193
228.5885,223.5545,107.5037,101.3255
253.7766,264.6595,107.9123,102.0618
276.0217,285.0002,106.7145,101.0551
298.916,271.8539,107.2195,100.6043
316.359,247.5046,108.8267,101.5877
314.5926,232.481,109.0689,102.5983
295.0218,229.071,111.0445,101.606
278.5919,232.7008,109.2671,102.6658
251.049,241.8694,110.4299,102.9678
221.0539,240.5562,108.6887,103.6633
236.3598,244.8399,109.1432,99.9447
279.0046,246.7298,108.4705,97.874
311.0531,244.2925,106.0391,97.5425
329.4945,237.9962,105.9674,97.6979
338.0178,235.9214,106.246,99.2117
344.3081,242.9583,106.1983,99.6005
349.9273,240.5331,106.651,100.6604
349.6439,234.913,105.8758,101.1566
342.5419,238.5802,106.7675,100.652
316.8041,254.6319,106.9597,100.9493
299.8822,264.3955,107.1621,101.2491
296.3824,258.5375,106.2947,102.6188
306.0419,247.3242,107.4941,102.1862
314.687,244.9926,107.1147,101.173
324.6158,252.7783,107.0484,100.9288
346.0682,265.4614,106.5081,99.3634
356.3243,257.1156,108.151,98.4158
342.0319,223.8969,107.887,100.7113
305.1252,183.2671,108.0665,102.291
285.5972,167.3704,108.0228,102.3963
281.28,178.1398,107.3214,100.5504
280.8602,197.4094,106.7546,98.8999
270.2831,215.788,106.0537,99.9745
252.9901,234.5625,104.855,99.8482
230.4317,245.4162,105.8118,99.2242
220.0123,246.5874,103.927,99.6126
221.4754,248.5348,102.1574,99.5717
231.2977,253.2946,102.0263,99.1375
247.7471,243.6236,103.7773,97.6055
251.0041,213.4673,106.175,95.9139
240.1963,186.9209,105.8793,96.6097
232.1381,174.9005,105.3982,99.6421
229.926,181.9638,104.134,100.081
213.7328,196.7721,104.1787,100.5584
196.7287,210.1098,102.717,101.4667
189.221,211.627,102.4902,101.1322
186.8465,216.2021,102.4263,100.9438
182.2456,231.5105,101.9164,101.4769
183.0736,240.2906,100.871,98.555
201.5087,241.2728,102.0289,98.3251
237.0203,241.5001,102.1569,95.9097
267.04,229.399,103.1746,96.1281
294.155,225.3599,102.7844,95.0959
311.6351,228.1236,102.301,97.3007
313.6314,243.861,101.969,97.6931
289.7207,257.3848,101.526,95.7464
244.1923,239.199,105.0496,93.6518
209.8157,225.9893,105.9159,94.0913
185.7645,223.8991,105.8989,95.7488
178.5617,230.8978,103.922,95.7525
204.9456,237.4233,101.2571,95.4828
233.3487,223.9872,102.1855,96.457
245.1344,205.8617,103.3776,97.2723
262.7677,200.8541,101.9643,97.0412
288.1066,203.6772,100.4656,96.6403
319.4355,208.1166,102.4139,96.2231
334.4105,211.1495,101.1389,97.7446
329.0846,209.2837,101.009,98.0697
305.9566,207.5835,103.4354,96.7879
269.2226,187.6521,105.0664,97.2371
235.0574,167.4786,106.3236,96.6117
249.1867,153.3755,105.8649,96.5295
280.0845,148.2259,102.2737,96.707
296.4465,137.131,102.9363,96.6064
301.9177,122.2594,103.4788,98.8391
301.828,135.1683,103.1501,97.6129
2
0
0
0
0
1
293.9478,199.6823,95.7599,88.7499
292.362,185.1815,96.3271,88.3104
291.1189,156.6357,96.833,87.5723
290.5481,113.4721,99.5419,86.7902
307.4352,87.3238,98.6669,88.0007
330.571,102.6273,95.38,91.6374
338.0148,149.2749,94.7887,91.4667
324.761,180.5286,95.4327,90.4298
308.2187,194.968,96.5391,90.3775
295.5435,212.6948,97.1791,90.3134
286.0792,226.3891,95.7889,91.5933
278.2859,236.2022,95.451,91.6011
270.2558,238.7564,95.2716,93.0712
274.6068,243.2495,95.1472,92.2016
282.7991,242.0987,95.1797,92.0178
289.6216,232.2746,96.8711,91.8209
295.6358,224.1303,98.2979,90.1111
310.0256,210.2467,98.1665,88.4454
315.636,195.0967,99.0641,90.6875
321.4201,199.871,97.8836,90.2549
338.2236,206.0683,94.326,90.6972
337.6171,227.1716,94.278,90.0575
322.8422,247.9281,95.6147,88.6175
302.03,265.8276,96.7265,88.3885
278.633,271.5369,95.2863,89.8081
267.2143,268.4593,95.4317,90.9894
263.5484,263.9797,94.0598,90.859
250.3089,245.4181,95.0424,91.7713
239.0464,211.6735,98.3256,89.7639
261.6986,192.796,97.2279,87.7831
279.1996,185.0187,96.5633,88.4529
297.7731,188.8372,96.1989,88.7911
312.3788,204.5768,95.7278,89.3793
329.6221,220.5147,95.7974,90.2914
347.3779,238.0378,93.9833,92.6791
352.0678,262.958,93.3237,92.0859
348.2759,274.053,93.1961,91.09
331.4414,277.1599,92.6425,89.5515
300.2267,281.8575,92.9963,88.3355
258.7856,286.5821,99.7559,82.2185
221.4591,282.301,98.2163,83.8941
216.8573,267.3787,97.7443,84.7411
222.4749,239.5155,98.473,85.2215
223.652,213.562,99.9752,86.1884
237.5332,198.7419,98.5389,86.0753
263.8287,194.9112,97.3735,88.0224
294.8671,195.2096,95.9231,89.9078
313.9702,194.3271,95.4662,90.4966
320.7131,199.9036,94.3046,90.3107
327.2931,212.1919,92.7046,90.648
331.0039,226.9898,92.9709,91.1006
325.1017,239.3671,93.3525,91.1025
285.4855,244.9734,94.8647,89.7603
238.6154,249.296,102.7474,82.1586
196.1924,252.8708,105.7073,78.3995
178.7471,246.2897,106.1365,79.8357
188.0677,248.0201,107.5596,77.8616
224.5366,251.1665,108.3394,76.3579
248.3373,248.0763,107.5218,76.803
251.6575,244.1936,107.9734,76.9622
268.0328,244.9171,111.1444,73.9189
333.5033,241.2236,112.5083,74.6471
367.7745,227.6378,108.4863,75.8267
340.8169,226.8728,110.8267,74.2051
279.7539,228.2641,112.6237,72.9648
207.1427,239.7786,114.2294,72.4702
157.2192,238.7948,111.2684,73.6155
158.7919,226.0975,104.7188,79.4054
183.1449,203.7327,106.4793,79.047
214.6258,183.0606,108.0193,79.5151
214.5966,173.757,107.2491,79.6692
217.8273,183.3678,105.9988,79.3117
233.8242,206.1201,100.4213,85.7706
239.3504,234.6928,97.732,89.2025
235.5546,257.4983,96.6231,87.8421
242.6503,270.9245,95.2351,88.7826
250.3049,274.0261,94.5656,89.2697
242.3237,269.8066,96.4132,87.3071
223.1969,265.6358,96.1867,87.6186
226.941,276.5436,95.3545,88.6434
259.0806,292.8289,95.0091,88.1561
280.0004,293.176,92.9709,90.5543
275.9805,280.8285,94.5767,91.1204
273.5543,261.6156,97.2221,90.3014
282.847,216.8464,97.7557,92.2326
276.2121,171.7981,97.7395,89.1041
257.7081,163.3514,97.2405,88.7054
242.602,169.6812,97.4604,90.0739
233.8728,193.9017,97.9106,90.1483
227.6496,228.1901,97.7073,90.9494
227.0844,255.814,96.7162,89.4422
234.9197,264.5522,95.0624,90.0606
245.648,259.1342,96.8712,91.2575
248.1718,237.6723,98.7435,93.3647
246.4272,233.9108,96.7176,92.0052
261.2678,231.9126,95.7991,91.4418
282.275,224.8163,97.7103,91.8325
282.2758,211.9762,98.47,89.5291
273.4012,198.4114,97.538,89.65
279.6011,188.2283,98.4069,89.7044
296.3648,187.7404,97.5453,89.6064
298.9394,210.1462,97.0213,90.1447
285.9563,243.4678,96.9293,90.2801
276.3023,262.7794,95.7725,90.4395
287.5942,271.4378,95.3371,89.0289
291.614,265.9442,95.817,88.4062
279.4383,254.0861,96.2296,87.0917
271.4087,241.9853,95.8021,89.8978
274.7925,247.0382,94.5213,89.6025
276.1919,241.6796,94.5845,89.8071
268.6835,238.739,95.4291,87.4639
261.1633,228.1842,96.1034,87.998
257.5689,228.5558,94.8092,88.6681
253.3112,234.6547,94.4809,89.3149
242.0306,236.5144,94.3181,89.8154
241.0154,232.4045,94.6636,89.7407
266.0101,230.6937,94.5189,87.9723
292.1524,231.7075,94.6594,88.5295
283.7612,241.2157,95.9804,89.1199
258.9404,245.9075,96.2459,90.7523
256.7234,247.5946,95.3034,90.6709
264.7898,239.0582,97.7774,90.0677
269.1406,221.4424,98.088,91.5759
270.0992,220.0547,96.8171,90.9205
274.7117,227.1275,96.4844,89.9529
284.4641,231.1702,95.1081,89.3621
282.2972,232.6492,94.8025,89.3821
273.8439,227.9118,95.052,90.7504
274.8142,223.4967,95.3816,90.4048
277.8508,227.6881,94.7886,89.8475
279.8535,239.4148,94.9708,89.3762
272.9869,252.4346,95.1223,90.5693
268.4325,255.6591,94.3846,90.0071
276.1435,249.513,97.8136,89.1318
287.0218,231.8922,97.3116,88.8625
284.8024,226.3,96.4957,89.0422
279.5251,236.6968,96.3618,89.5016
270.3795,246.1994,96.4619,90.4759
269.4896,243.0213,96.1324,89.2406
271.3242,225.1631,97.7522,88.1796
274.2971,211.2642,97.4618,89.5785
278.8421,222.7842,95.5684,88.4656
280.0436,237.7583,95.4732,87.989
273.3286,245.5428,94.764,88.7766
266.9776,245.0062,93.6879,89.6958
269.5799,240.7266,94.7723,89.907
271.2357,236.0262,94.9527,89.9899
263.8457,238.0865,95.8056,90.5805
255.396,249.5526,95.4975,90.4522
251.6127,259.4364,94.535,89.2477
253.1122,256.8977,95.0249,89.3904
254.4191,245.668,95.9954,90.7308
252.6874,242.6618,94.8914,90.0947
251.3027,251.413,94.8565,89.1328
253.8276,263.8996,94.1985,88.9734
255.793,268.1378,93.9675,88.9973
254.7893,270.4036,93.5719,88.8126
254.1295,269.9895,94.1384,88.9208
252.6849,265.0925,94.6865,88.7519
243.3162,255.606,95.8715,90.1364
242.7385,251.3576,96.0832,89.9728
242.6275,239.3948,98.6444,89.1237
240.9051,225.6968,98.3748,90.7783
241.059,226.6765,96.3585,90.0823
244.0321,231.5461,95.936,89.5784
248.2357,228.1236,96.6109,89.4685
252.1001,217.2864,97.7748,90.8973
255.2318,215.6952,97.1722,89.9982
255.7097,227.9311,96.4941,88.211
257.9475,244.4846,95.8188,88.3041
259.5655,252.0223,94.5652,88.3631
256.19,247.1294,94.4301,88.7176
256.1822,238.6731,96.0518,89.9479
266.2538,229.9348,96.9462,91.4387
267.8033,233.3822,96.5096,90.7103
267.3506,243.2845,95.8815,90.56
256.1153,246.0397,97.3537,91.0673
253.1889,244.9025,95.6652,90.5004
257.0181,235.4215,97.4552,90.8751
254.9864,230.4205,97.195,90.4802
245.3151,243.0056,97.8789,91.5816
238.0725,256.7956,96.8984,92.3537
238.0658,260.8258,96.7104,91.415
252.6072,259.3085,97.1617,91.0214
271.5405,250.0,99.5999,89.8567
278.6654,235.2435,100.5491,91.3069
266.6471,240.3281,103.958,91.7948
244.0549,252.6165,100.9665,92.5273
263.5388,262.2198,102.0062,91.4822
282.9864,258.3372,100.4081,90.9187
277.6641,245.8034,101.3381,88.6959
256.7414,236.2625,102.4383,87.957
239.0862,235.3912,100.4892,89.6795
238.1477,238.6781,97.3529,89.6042
240.206,237.3825,96.505,90.0117
241.3091,234.0436,96.8491,89.622
237.1777,234.1824,95.7885,90.0398
235.489,234.7741,94.8607,89.8501
246.1679,243.2583,93.8343,88.6487
246.0343,253.2833,93.7165,88.7413
258.755,263.315,96.4345,87.2885
291.1295,268.6232,107.4285,80.0993
312.4863,260.0268,108.9386,80.3102
286.4344,257.3457,110.5598,82.1431
239.2191,269.9205,112.9848,84.2288
215.1568,278.742,110.9273,83.9463
217.5159,285.3859,112.5983,82.2663
244.6204,281.6865,112.503,80.7879
251.5148,274.6021,110.828,80.9471
240.8905,274.3552,109.5257,81.1194
224.7491,274.634,107.1624,80.5737
216.1738,274.7172,105.125,81.3856
223.1175,281.7304,106.2171,78.8786
240.5196,282.5943,105.4178,77.7414
243.153,275.0092,104.4282,79.5094
242.089,269.1533,104.4158,79.4385
234.4476,266.3961,104.0248,79.3128
233.9957,260.7656,104.8159,79.5751
242.2237,253.6009,106.0694,79.5596
247.5434,237.7304,102.9897,84.6568
246.678,235.1086,98.9427,85.371
247.0103,227.3503,98.3736,86.6702
249.7851,220.4206,97.6877,87.6716
254.4642,236.6957,97.4294,85.5448
246.8873,268.8692,98.4986,84.1951
232.3927,296.3128,97.5859,83.6184
232.4844,295.7159,96.3279,83.7134
239.2936,279.1089,98.0679,82.8016
245.602,258.5443,99.9582,83.4343
255.6837,242.3872,101.0729,82.8936
258.9343,224.7783,99.3474,83.2494
254.914,213.702,98.7294,82.4917
248.7003,196.5749,98.219,82.1829
250.5019,180.2203,97.9255,82.8749
253.7574,166.6478,99.2189,85.7239
265.4855,176.6736,96.9769,84.9722
271.3843,193.0488,96.6438,84.5918
276.8628,219.9143,95.7415,84.7408
279.4364,249.6443,94.8646,83.2126
280.871,247.2617,94.3405,82.0865
277.3916,226.3438,95.8495,80.7058
275.4432,210.893,96.1751,82.8191
290.4556,206.8726,95.5192,83.8412
316.4368,214.5533,95.2566,82.546
321.2203,225.571,94.357,83.7928
310.6367,229.7769,93.9876,85.7918
295.5516,230.485,94.0801,87.0111
296.8978,237.4751,93.3155,85.4532
303.2045,258.5009,93.8332,82.6607
313.3822,282.4279,93.7235,81.1989
317.9898,288.0553,93.0188,82.5843
309.6563,282.5819,94.5994,82.5785
298.2572,263.8214,95.0673,82.5458
293.7321,241.9466,95.1309,81.482
290.0154,220.7968,95.84,80.9535
288.0914,208.9801,95.1649,84.1459
290.0,218.9453,94.2744,83.0863
297.9,231.5045,94.7861,82.2211
314.7876,236.817,92.7943,82.9301
312.9347,241.6315,92.6134,83.4571
309.8823,249.8874,94.1202,82.9087
304.4273,258.4537,94.5417,83.5822
296.8771,258.4458,93.5192,84.7068
295.0705,251.2273,94.6058,83.1329
294.8853,237.9207,95.3571,82.8052
296.7556,221.4459,97.0989,83.264
299.488,209.9194,96.2248,84.4591
300.0886,207.8336,95.7553,83.3899
303.3497,207.7272,94.6668,83.1135
313.3837,213.7416,94.0797,81.2425
331.7767,231.8055,94.1801,79.6209
337.0742,250.2435,94.5191,80.4079
319.101,262.1845,94.6152,82.472
285.8401,265.7038,96.1056,83.3168
262.9228,261.6216,96.8672,82.9026
245.3709,250.9489,94.7806,84.9233
234.0853,230.456,94.1315,84.5871
231.8229,202.8204,94.9538,83.2363
246.5713,187.0111,95.4416,82.874
266.5333,191.3001,94.1038,84.104
282.9404,202.4015,90.5032,85.149
285.0491,214.4633,90.0593,84.7524
288.8959,217.6384,90.2425,83.1943
294.2233,221.3313,90.1445,82.0845
297.0127,223.3845,90.3755,81.8839
298.0075,225.4125,88.3354,81.5756
297.7223,226.2083,87.2854,81.2774
