1
211.6659,143.2229,94.3687,57.2947
208.7157,143.1386,97.9917,57.4633
205.945,143.3036,101.1992,57.1332
203.4641,143.4095,103.7856,56.9214
201.1762,143.5333,105.9518,56.6738
198.9811,143.4696,107.9047,56.8012
196.9274,144.6378,109.5441,56.9328
192.5498,145.8318,110.817,57.0391
191.8013,145.8942,112.3139,56.9143
190.1587,146.9914,113.0649,57.2539
187.3181,148.2468,113.644,57.2944
184.4676,148.2993,114.2245,57.1894
182.979,149.3836,114.6348,57.5876
180.123,149.39,115.1872,57.5748
179.7876,149.4825,115.858,57.3897
178.5197,150.8542,115.7997,57.2406
176.9341,152.1679,116.3802,57.2037
176.7935,153.3265,116.6613,57.485
175.5486,154.5603,116.5437,57.6248
175.4784,154.4385,116.6841,57.8684
175.7846,159.4772,116.0718,58.2491
173.351,160.7235,115.7143,58.3688
172.195,161.9079,115.4173,58.6092
169.8692,161.933,114.8508,58.559
167.5793,161.9177,114.2309,58.5896
166.5104,163.1093,113.7773,58.7977
165.197,163.0489,113.8157,58.9185
163.7561,164.2149,114.1064,59.1777
162.3489,165.2682,114.3211,59.6707
158.3518,166.4497,114.4807,59.9193
157.2237,166.4423,114.1187,59.9341
152.0954,166.5053,113.9228,59.8081
150.9286,166.647,113.6484,59.5248
149.8897,167.9039,113.1271,59.6101
149.1679,169.2178,111.9776,59.5753
149.5019,170.519,111.3098,59.5484
149.9181,170.7253,110.4773,59.1359
148.9077,170.865,109.952,58.8564
149.1454,170.8626,109.4767,58.8613
149.4614,170.6716,108.8447,59.2432
150.0432,170.2666,107.6811,60.0533
150.7773,167.5094,106.213,60.5259
150.384,167.4405,104.492,60.6637
149.7704,167.2321,103.2348,61.0806
148.8837,165.7816,102.5352,61.5085
147.7189,165.6157,102.395,61.8403
149.2671,165.2216,101.7721,62.6286
151.2403,164.7521,100.3034,63.5676
151.957,164.3476,98.8699,64.3765
152.5719,164.223,97.6402,64.6257
153.2681,165.1266,96.2476,65.2684
152.6349,165.0944,95.0744,65.3329
153.358,164.8357,93.6282,65.8503
154.1908,164.6771,91.9625,66.1673
155.8132,164.5779,91.1082,66.3659
156.1896,164.8318,90.3555,65.8579
156.5787,164.7539,89.5772,66.0138
156.9312,165.0719,88.8721,65.3778
157.312,165.3059,88.1107,64.9098
157.5005,165.4573,87.7336,64.607
158.7612,165.7007,87.5129,64.1203
159.5151,165.9917,88.2947,63.5383
159.2281,166.0664,88.8687,63.3889
160.277,166.1202,89.0688,63.2813
161.3904,167.0063,89.141,63.8081
161.5499,166.7009,88.8219,64.4189
161.7667,166.6679,88.3884,64.4849
162.1521,166.376,87.6177,65.0687
162.4049,166.5226,87.112,64.7755
162.9984,166.3965,85.9251,65.0276
160.0735,166.5299,84.9333,64.7608
159.0957,165.6543,84.6279,64.2509
158.0588,165.6535,84.4536,64.2525
156.831,165.7072,84.6638,64.1452
155.3324,165.8737,85.414,63.8121
155.6808,165.5901,84.7173,64.3795
156.092,165.5544,83.895,64.4507
154.4313,165.5081,82.7359,64.5434
152.7385,164.4693,81.673,64.3969
150.0829,164.4513,80.3675,64.4329
148.717,164.4275,78.7266,64.4805
148.6585,163.3129,76.6815,64.5475
146.4373,163.3166,74.7282,64.5402
146.1784,163.2606,73.1442,64.6521
146.7107,163.3019,72.0797,64.5695
146.2978,163.2911,70.8439,64.5911
144.8384,163.3683,69.6771,64.4368
144.2073,163.6066,68.9173,63.9601
144.4681,163.8747,68.3956,63.424
144.6029,164.2369,68.126,62.6994
144.7475,164.4711,67.8367,62.231
145.0749,164.6801,67.182,61.8132
142.9841,165.6664,65.539,61.7821
142.8229,165.572,63.9458,61.9709
143.6807,165.4422,62.2302,62.2305
144.4608,165.2389,60.6699,62.6372
145.3383,165.1437,58.9151,62.8276
146.2991,164.9505,56.9933,63.2138
147.2585,164.7946,55.0745,63.5256
148.1709,164.64,53.2498,63.8348
149.1497,164.4114,51.2922,64.2921
153.4179,164.0967,49.6758,64.9214
156.551,164.7565,48.5505,65.3156
158.7257,164.5011,47.6038,65.8264
159.9165,163.3059,46.916,66.523
162.0146,162.8566,46.1061,67.4216
163.274,162.6567,45.2808,67.8213
163.7189,162.3759,44.391,68.3829
164.2902,161.9574,43.2483,69.2198
164.9753,161.7501,41.8781,69.6345
165.8517,161.402,40.1252,70.3308
165.9395,160.1708,38.3122,71.1556
162.8491,159.8735,36.3982,71.7503
163.5122,160.4831,35.0721,72.126
163.0265,159.5822,34.4658,72.3501
162.3368,158.5935,34.2748,72.7572
161.7388,160.0856,33.8977,72.9191
161.9024,159.741,33.5705,73.6084
162.1064,158.5221,33.1625,74.4728
162.1526,159.1707,33.0701,74.7544
162.9625,158.8906,33.0314,75.3145
164.376,158.6702,33.3818,75.7553
166.3614,157.8184,34.2144,75.8578
165.9992,157.7028,34.9388,76.0889
165.8701,158.1374,35.197,76.853
164.894,160.6169,35.5003,76.8408
164.8622,160.4764,35.5639,77.1218
164.1803,160.3525,35.2687,77.3695
164.5582,160.2662,34.5127,77.5422
165.4873,159.6211,34.3015,77.1854
166.6078,159.6557,33.6986,77.1161
166.6023,159.7313,33.7095,76.965
167.5421,160.4641,33.4545,77.1238
168.3773,161.0502,33.4064,77.574
171.6463,160.9266,33.3804,77.8212
171.2589,160.1606,34.1552,77.722
171.157,159.7484,34.359,76.903
172.7697,160.9137,34.4035,76.2075
174.253,161.1961,34.6883,75.6426
174.7007,162.0271,35.4153,73.9807
174.9946,162.7046,36.4383,72.6258
176.8982,163.3779,37.4567,71.2791
178.9017,164.0869,38.2683,69.861
179.1397,164.7471,39.3913,68.5407
179.2841,164.4939,40.701,67.4486
181.0819,164.8404,41.9179,66.7557
181.3416,165.2307,43.0126,65.9751
181.6284,165.4565,44.0594,65.5235
180.9876,165.8459,45.3411,64.7446
180.1029,166.2025,47.1106,64.0314
179.2432,166.7657,48.8299,62.905
178.3407,167.2751,50.6349,61.8863
177.4456,167.742,52.4252,60.9525
175.5128,168.8649,54.5943,60.4031
173.5201,169.3238,56.8574,59.4853
171.5081,169.6753,59.1379,58.7823
170.1937,170.7677,61.7667,58.3656
168.7613,171.1717,64.6315,57.5577
167.4781,171.6189,67.1978,56.6633
165.8708,172.3118,70.4126,55.2774
164.6091,172.9624,72.9359,53.9763
163.348,173.6336,75.4581,52.6337
163.1198,174.2114,77.8319,51.4782
164.7019,174.5924,78.5345,50.7161
163.5065,174.8037,80.9253,50.2936
167.9596,174.9474,81.8164,50.0063
168.1851,176.1361,83.333,49.5965
171.4056,176.2819,84.8246,49.3048
172.7392,176.5534,86.1576,48.7619
174.2798,176.7925,87.0972,48.2837
175.4078,177.7602,88.8731,48.3642
175.8834,178.8293,89.9653,48.2694
176.6624,179.8838,90.465,48.2181
177.5709,183.1663,90.7122,47.8453
178.5354,184.1786,90.8444,47.882
178.5086,186.2833,90.8981,47.8004
178.2229,187.181,91.4694,48.0681
177.9295,188.1145,92.0561,48.2772
177.8202,191.1816,92.2748,48.4081
177.195,192.1906,93.5252,48.484
176.7735,194.1145,94.3681,48.8628
175.1836,196.017,95.4157,49.3225
173.2677,196.9626,97.092,49.5868
172.7757,198.0204,98.0759,49.6559
171.3625,198.958,98.7022,49.9807
171.0898,199.8166,99.2475,50.4784
170.8157,203.0881,99.7957,50.6301
170.6407,203.1087,100.1458,50.5889
170.6337,203.182,100.1599,50.4424
170.7544,203.0583,99.9184,50.6896
171.095,202.8587,99.2373,51.0889
171.3761,203.5811,98.6751,51.8862
172.4734,203.5571,96.4803,54.1819
166.5562,203.0206,92.5277,57.5101
166.9251,203.9254,89.5361,60.2082
169.0424,203.7258,87.5563,60.6073
171.3747,202.9696,85.1235,62.1198
171.1458,202.3269,85.5811,63.4052
171.9872,202.2871,86.1469,65.7334
172.6969,201.5481,87.0229,67.2114
173.2992,201.4013,88.1515,67.505
173.9955,201.3187,89.1138,67.6702
174.5024,200.2392,90.4723,67.4569
175.1197,200.2223,91.627,67.4907
175.9457,198.8014,92.3823,67.9252
176.7516,197.5523,93.1964,67.9974
177.3556,195.2272,94.4278,67.7688
176.4949,195.3934,96.1492,67.4366
175.3726,194.4188,98.3939,66.9111
175.7932,194.3504,100.0522,67.0479
176.3089,194.1847,101.5471,67.3794
175.5532,194.154,103.0585,67.4407
176.202,194.0376,104.339,67.6736
177.0782,193.848,105.1876,68.0527
177.5486,192.3072,106.8669,68.5142
174.683,192.3344,107.2923,68.4598
163.4885,198.681,105.757,66.3998
166.221,198.4128,105.4934,64.3355
168.3681,200.9493,106.3226,61.8242
167.0251,201.289,106.4775,61.145
161.0298,200.5151,108.3805,60.1708
161.8821,200.1042,109.2091,60.9925
164.1273,195.6437,109.8376,62.2351
165.3689,198.4343,104.7642,61.8341
167.7182,201.5686,100.0658,60.5824
167.8454,201.8132,94.976,60.093
167.3821,204.6149,91.2349,59.1574
168.9364,206.5535,88.1263,57.5426
170.7009,208.1475,84.5972,56.5436
171.9804,208.513,82.0383,55.8127
172.3875,208.9456,79.155,54.9475
171.9639,209.3027,75.9794,54.2333
172.283,209.6695,73.3893,53.4996
172.812,209.7901,70.4308,53.2584
173.2678,209.9557,67.6671,52.9272
173.4975,210.0427,65.403,52.7532
174.4976,210.1188,63.4027,52.601
176.4718,209.341,61.1888,52.422
177.5499,209.2829,59.0326,52.5384
178.6081,209.3034,56.9161,52.4973
179.7041,209.3305,54.7243,52.443
180.743,208.6817,52.6464,52.1423
181.6489,208.744,50.8347,52.0176
182.563,208.7641,49.0064,51.9775
183.5535,208.5913,47.0255,52.3231
184.3329,207.8732,45.4667,52.2835
185.9294,207.8012,43.7241,52.4275
187.3264,207.6344,42.3551,52.761
190.4032,207.1362,41.8345,52.3493
190.142,207.3823,42.3571,51.857
190.1361,207.4748,42.3687,51.672
190.3344,207.382,41.9722,51.8576
193.743,206.909,42.0956,51.4154
195.4939,207.5542,42.7436,51.5083
196.3576,207.0537,43.8064,51.1143
197.1739,207.0362,44.9855,51.1492
197.2188,206.9449,46.321,51.3319
197.1458,206.8825,47.9161,51.4566
196.8842,207.519,49.9157,51.66
196.6148,206.6035,51.9654,51.9799
195.6557,206.5862,53.8835,52.0146
195.4368,206.4246,55.8999,52.3377
195.1141,205.6321,58.1603,52.3079
193.8699,203.1792,60.6486,52.2655
192.5209,202.3286,63.3466,52.2798
191.119,202.4305,66.1505,52.076
190.0484,201.6492,68.2915,51.8707
189.0282,201.6953,70.3321,51.7785
187.9676,199.8074,72.4531,51.9021
187.7627,199.9595,74.7231,51.598
187.6412,200.0488,76.8552,51.4194
187.4809,199.9736,79.0936,51.5697
187.3584,200.1012,81.2924,51.3146
187.5417,200.2497,82.908,51.0176
188.9816,200.2401,84.0304,51.0368
190.7157,200.0656,84.5981,51.3857
192.8384,199.6871,84.4175,52.1428
192.7399,199.6641,84.6144,52.1887
194.6144,199.5047,84.9579,52.5075
194.1453,199.2405,85.8961,53.0359
194.768,198.9238,86.7304,53.6693
194.0126,198.8595,88.2411,53.798
194.4583,198.7245,89.477,54.0679
194.8376,198.7079,90.8687,54.1011
193.9416,198.7067,92.6606,54.1036
195.4245,198.6847,94.0904,54.1475
196.0765,198.7468,95.006,54.0234
199.4684,198.8458,94.9149,53.8254
199.3285,198.9635,95.1947,53.5899
199.2273,199.0166,95.3971,53.4839
202.34,198.981,95.8539,53.555
202.6285,199.064,95.2768,53.3889
207.1001,199.1506,95.2295,53.2158
205.0034,200.3841,97.2027,52.9691
206.6383,200.509,98.4228,52.7192
208.5992,200.6433,99.0181,52.4508
210.6711,200.9461,99.3993,51.845
214.1012,200.0304,99.312,51.4189
216.2325,200.2623,99.5471,50.9551
217.3691,199.4269,99.5182,50.3816
218.5229,199.5251,99.4444,50.1851
219.6035,199.7008,99.5126,49.8338
220.6385,198.6486,99.6667,49.7141
221.5923,197.6088,99.9832,49.5693
222.3261,197.6882,100.742,49.4105
223.2434,196.485,101.1419,49.5824
224.2752,196.5145,101.3219,49.5234
226.3758,196.5453,101.6105,49.4618
227.4742,196.4966,101.662,49.5592
229.676,196.4706,101.7594,49.6113
233.0051,196.3551,101.8598,49.8422
232.9261,197.3843,102.0179,50.0421
234.7064,197.4112,102.9855,49.9885
235.8249,197.4031,103.0259,50.0046
241.7964,198.4989,102.4737,50.0911
242.2348,198.4187,101.597,50.2515
243.554,198.2811,101.2202,50.5269
246.0732,198.1824,100.7041,50.7243
250.9217,197.9401,100.0354,51.2088
250.973,198.8863,99.9328,51.5722
253.1028,198.6783,100.1945,51.9883
256.2782,198.4582,100.6587,52.4283
258.1738,199.453,101.4396,52.7249
261.5199,199.2686,101.6556,53.0938
266.1183,200.3661,101.7077,53.211
267.0674,201.4788,102.1246,53.3005
268.2146,201.5124,102.1528,53.2333
271.5789,201.4389,102.3901,53.3804
272.6458,202.636,102.5843,53.3142
274.9199,202.6011,102.6952,53.384
274.9294,202.6284,102.6763,53.3294
275.9642,202.6888,102.9379,53.2085
279.207,202.7784,103.4512,53.0293
281.3572,202.7623,103.8254,53.0615
281.0623,202.8974,104.4152,52.7913
283.1312,198.3002,104.9718,52.597
284.1121,198.4809,105.3619,52.2356
285.2095,196.3738,105.5183,51.7472
286.2718,193.0218,105.7387,51.4163
286.093,193.1,106.0963,51.2599
287.1294,190.8984,106.3683,50.9736
289.3425,189.8231,106.6295,50.7806
290.4406,188.6155,106.7773,50.8517
292.702,188.7236,106.9495,50.6355
293.7116,188.7614,107.2765,50.5599
295.0489,185.1897,106.9514,50.6546
297.6422,184.0589,106.4578,50.5697
299.1091,184.0344,105.862,50.6186
300.3889,181.7647,105.6323,50.4978
301.6001,181.6758,105.5345,50.6756
302.9655,181.6706,105.1301,50.6861
306.5818,181.6523,104.8595,50.7226
306.637,181.5226,104.7492,50.982
309.1157,181.4432,104.4324,51.1408
310.4915,181.3452,103.9995,51.3368
311.716,181.1135,103.8662,51.8003
311.5744,179.8174,104.1494,52.0706
312.6919,179.785,104.245,52.1354
314.1041,179.7527,103.754,52.2
315.2743,179.7519,103.7407,52.2016
315.1779,179.6982,103.9335,52.3091
316.2686,179.4542,104.0839,52.7971
317.424,179.3132,104.1157,53.0791
317.3385,179.0566,104.2866,53.5922
318.4327,178.9745,104.4575,53.7565
318.2212,178.8139,104.8805,54.0776
316.7993,179.0302,105.3478,53.6451
315.1284,179.2424,106.314,53.2206
313.4887,179.1676,107.211,53.3702
313.0603,179.2385,108.0679,53.2285
314.2677,179.0848,108.061,53.5358
314.3685,177.9557,107.8594,53.3808
313.1508,177.8797,107.8872,53.5327
314.1932,177.8304,108.2132,53.6313
312.7175,177.8361,108.7475,53.6199
312.4993,176.5925,109.1838,53.6825
312.324,176.4215,109.5344,54.0244
312.2796,176.238,109.6231,54.3913
312.5322,176.1223,109.1179,54.6229
313.3549,175.8479,107.4725,55.1716
313.5387,175.8141,107.1049,55.2393
313.6122,175.8631,106.9579,55.1413
313.3187,175.9505,107.545,54.9665
313.2419,175.8481,107.6985,55.1712
314.4407,175.8475,107.7374,55.1724
314.4102,176.8999,107.7985,55.5048
317.0972,176.6624,107.3121,55.9797
318.3542,176.4721,107.2433,56.3604
320.4706,177.4915,107.9117,56.7721
321.4583,178.3975,108.4038,57.4277
322.3464,179.224,109.1136,58.2608
321.8892,179.2091,110.028,58.2907
322.5751,180.4014,111.181,58.4308
323.3444,181.5302,112.1865,58.7174
324.3734,182.6911,112.6923,58.9593
326.6968,182.5388,113.1963,59.2639
330.2052,182.4814,113.9435,59.3787
331.2299,182.6427,114.4949,59.0562
333.5108,182.8115,115.1399,58.7185
334.4863,182.8743,115.7956,58.5928
338.3315,182.7967,115.948,58.7481
340.8597,182.6917,116.13,58.9582
344.858,182.6951,116.01,58.9513
347.4301,182.606,116.1129,59.1294
349.7406,182.5057,116.7485,59.3301
357.4233,182.5353,117.2289,59.2709
358.6139,182.4452,117.4947,59.451
363.0762,182.1201,116.532,60.1012
365.0094,181.9019,115.3168,60.5376
366.8256,181.9002,114.3256,60.541
368.4462,182.0656,113.7111,60.2103
370.2334,182.0159,112.7487,60.3096
371.767,182.2007,112.2811,59.9401
371.9624,182.1576,111.8901,60.0263
373.5649,182.3504,111.2674,59.6406
374.1022,182.342,110.1928,59.6575
376.1159,180.987,108.7162,59.8165
376.6687,180.8566,107.6105,60.0774
375.8853,180.9637,106.6571,59.8632
376.4542,179.4795,105.5194,60.3291
377.1016,178.0571,104.2245,60.68
377.69,177.7876,103.0479,61.2191
377.1639,176.2291,101.6274,61.8636
376.493,174.6745,100.5067,62.5102
375.887,174.4787,99.2618,62.9017
376.4567,174.2442,98.1224,63.3709
374.3313,174.0292,97.5013,63.8007
373.8167,172.7291,96.0965,63.967
374.4357,171.535,94.8586,63.9394
374.9399,171.6295,93.8501,63.7504
375.2047,171.5414,93.3205,63.9267
376.7126,171.2798,92.6781,64.4498
378.1667,171.1176,92.1427,64.7742
378.8169,170.6854,90.8422,65.6386
380.5351,170.4333,89.7706,66.1428
383.4022,170.0939,88.7506,66.8217
386.166,170.0588,87.9286,66.8918
390.2509,169.7033,86.7832,67.6029
392.0581,169.1772,85.5048,68.655
395.2513,168.5421,83.7855,69.9251
398.4957,166.9192,81.9528,70.843
404.681,165.5018,81.1558,71.3631
406.2624,164.9836,80.3039,72.3994
407.6412,164.6377,79.8608,73.0913
409.1827,164.4296,79.0964,73.5075
409.6719,164.2635,78.118,73.8397
410.0481,164.1816,77.3655,74.0034
410.3802,164.0852,76.7013,74.1962
409.5207,163.9349,76.1332,74.4968
408.6467,162.7771,75.5979,74.5294
408.1414,161.6747,74.3333,74.4588
407.8804,161.7228,72.6008,74.3626
408.8576,161.5636,70.6465,74.6811
409.8305,161.5437,68.7007,74.7207
409.98,161.8057,66.2317,74.1969
411.37,161.8724,63.4516,74.0635
412.7193,161.1039,60.753,73.5241
413.0717,161.1664,58.0236,73.3992
413.0321,160.4038,56.124,72.9456
412.7308,160.6898,56.7266,72.3735
409.7927,160.874,56.7763,72.0051
408.191,161.0477,58.0425,71.6576
405.9802,162.2065,58.5594,71.2923
402.9904,163.0805,58.6742,71.4994
398.844,162.9158,57.167,71.8288
398.436,163.7908,56.0422,72.0197
400.6097,162.2565,53.6203,73.1625
396.7183,162.1947,51.8841,73.2862
396.8511,162.2482,49.741,73.1793
393.1671,161.0835,47.9067,73.6682
395.3086,159.8003,45.4411,74.4169
393.2546,160.0565,44.1859,73.9046
394.8189,159.0596,42.8164,74.1393
395.5614,160.0623,41.3313,73.8735
395.1333,160.3667,40.477,73.2647
394.6609,160.6815,39.7349,72.635
395.8655,161.8741,38.9907,71.9149
394.8742,162.4562,39.3317,70.7506
397.7049,162.9662,38.5611,69.7307
398.0624,163.4001,37.846,68.8628
398.4009,163.6891,37.1691,68.2848
399.2671,164.0218,36.9937,67.6194
399.3901,163.6713,36.7478,66.7763
399.9247,164.3131,37.206,65.4927
400.8548,164.4318,36.862,65.2552
401.081,164.5374,36.4097,65.0441
401.1812,164.9033,36.2094,64.3123
402.2106,165.1286,35.6324,63.8617
403.2637,165.9379,34.9916,63.7084
403.9221,166.3486,35.127,62.887
404.5968,166.6515,35.22,62.2813
405.1043,167.101,35.6399,61.3823
405.6518,167.3968,35.9737,60.7906
406.16,167.4914,36.3827,60.6014
409.76,168.4265,37.7595,60.1606
408.7692,168.5086,38.2952,59.9966
408.7373,168.3736,38.3591,60.2666
408.0756,168.1365,38.225,60.7408
403.2866,169.2494,37.5669,61.4396
403.5245,168.8804,37.0911,62.1775
404.0962,167.7699,35.9477,62.9337
404.4492,166.726,35.2417,63.5645
404.8665,166.478,34.4071,64.0606
405.1532,166.1785,33.8338,64.6594
405.2966,166.008,33.547,65.0005
405.2658,165.9502,33.6085,65.1162
405.9692,165.2117,33.6513,65.1436
406.4957,165.2781,34.0489,65.0107
406.4973,163.8807,34.0457,64.8946
406.4436,163.9289,34.1531,64.7983
407.4806,163.2901,34.9872,64.6217
407.3881,161.9032,35.1722,64.4641
407.6198,161.8934,34.7089,64.4837
407.078,161.0131,34.3335,64.7853
405.3696,161.0153,34.8363,64.7809
404.7785,160.9252,36.0185,64.9612
403.7399,160.2062,38.0958,64.9109
403.1196,159.4272,40.859,64.9463
