1
652.5872,273.9663,27.4845,142.508
650.3985,277.8541,31.862,139.6026
649.4403,280.882,36.2579,136.0262
647.1879,285.1195,40.7625,132.5768
644.2916,290.328,44.007,129.8039
632.6229,293.6049,46.799,128.3866
631.3248,295.3044,49.3951,127.5861
638.7539,294.2766,50.3395,129.6419
637.279,293.2107,50.6089,131.7736
636.0788,294.2647,53.0094,132.3812
626.4124,299.1684,55.7384,130.8757
627.4532,307.4196,53.657,131.1368
625.6963,317.1496,51.6491,131.0026
619.6944,324.6145,52.7603,129.6886
618.1536,325.3347,53.1178,128.2483
619.4309,325.1938,53.2727,125.8204
628.2893,323.6183,54.2964,123.617
631.6296,317.627,55.6056,122.2832
632.215,312.4173,57.1016,122.035
630.5801,311.7448,54.9928,123.3801
621.6145,312.5711,54.2195,124.3996
622.9846,312.8337,54.1524,123.8744
634.262,311.5483,52.9137,123.7805
642.8959,308.5432,51.4939,124.5083
642.7442,307.6176,49.1707,126.3593
643.4526,306.8695,47.7539,127.8556
644.2516,306.7454,46.1558,128.1039
644.8614,302.9009,44.9362,128.0441
651.6142,294.7628,44.2305,128.9604
651.0281,292.7531,45.4027,127.8593
651.9634,288.7997,46.0979,128.0687
654.4821,285.185,46.2231,127.554
661.1619,276.9973,45.745,128.4719
660.9852,272.7203,46.0982,129.2837
650.278,269.5967,46.7226,130.3334
644.29,266.4013,45.5734,131.4741
644.9457,263.3549,44.262,132.3258
644.0885,258.7347,43.3677,133.7398
642.8676,256.8378,43.1969,134.9211
639.801,252.9809,41.4514,137.3825
634.1176,251.7607,39.6738,139.8229
625.0781,252.0627,39.3401,141.8493
615.3468,251.9459,40.2337,142.083
624.4173,245.4563,40.8019,144.3712
633.8539,236.4027,40.9381,146.1847
635.7885,236.5004,39.8127,145.9893
632.3172,233.825,38.5955,145.9003
631.15,234.8543,38.2341,143.8415
630.5141,234.3456,39.5059,142.199
639.2296,235.3421,40.7,140.2059
638.2758,237.5354,42.6078,138.4743
640.8608,238.4958,45.435,136.5534
639.7923,239.7904,50.2626,133.9642
638.7615,241.1605,55.0649,131.2241
637.2655,241.7484,60.844,130.0484
643.6287,243.4558,65.346,129.505
645.5886,243.4108,70.2505,129.5949
639.5374,243.6015,76.2992,129.2135
637.8654,242.9867,79.6434,130.4431
635.6328,242.3228,84.1084,131.771
635.3007,241.5375,88.0656,133.3415
635.1585,235.6595,91.7321,134.9509
636.096,234.9831,93.3244,136.3036
640.0632,230.1031,92.4176,139.036
642.7986,229.153,90.487,140.9362
646.401,226.1635,86.8188,143.3785
661.1684,221.5016,81.8669,145.6787
675.1097,220.6178,78.2214,147.4461
677.1497,216.33,74.1414,149.169
678.249,214.7726,71.9428,148.9022
679.6036,212.8543,69.2336,149.3991
679.3084,205.4344,66.5242,151.04
683.5254,204.216,64.6425,150.2006
684.6275,199.5262,62.4383,149.8877
686.9595,197.9493,60.9618,149.8541
687.8386,198.6735,59.2034,148.4056
689.7768,191.6336,58.4356,146.9429
690.3129,192.9113,57.3635,144.3874
701.4897,193.9635,56.1347,142.2831
703.1304,194.6493,55.8189,140.9114
725.3713,193.4829,55.4407,140.3039
737.1564,186.3414,55.2683,139.9632
749.6167,185.6515,53.6819,138.4264
738.9732,188.1446,52.0384,139.1728
738.0695,196.532,50.9981,139.4832
737.5769,202.3981,51.9836,139.0841
749.0177,208.2758,51.8641,138.7098
738.8832,211.0214,52.2687,138.8941
738.55,215.6402,52.9352,138.1995
738.5434,215.6863,52.9483,138.1073
734.6557,217.3379,52.1781,137.6527
734.8504,220.2149,51.7886,137.5551
732.186,222.8544,51.4776,137.9158
732.3211,223.1965,51.2075,137.2316
732.4538,220.5631,50.9423,136.889
730.3623,213.4048,52.3301,137.2302
721.0284,213.3828,51.2236,137.2741
721.3989,211.8636,50.4826,137.5069
731.669,209.0197,49.512,137.6033
733.4815,204.8696,48.6664,137.5651
735.1259,200.8839,48.1412,137.2456
735.1099,195.3888,48.1733,137.2374
735.0892,194.1775,48.2147,136.91
741.9575,192.3602,48.2087,137.7986
751.5742,192.767,48.2859,136.985
751.6158,192.5446,48.2028,137.4297
751.5277,192.6411,48.3789,137.2368
750.1925,191.5177,48.2956,136.7298
751.97,188.8642,47.4857,136.5469
753.5886,189.5867,46.9762,135.1018
759.4563,189.8389,46.032,134.5975
759.6591,194.8586,45.6263,132.5783
759.5475,197.6622,45.8496,129.6084
767.0289,199.0024,46.4799,126.928
766.8753,198.5553,46.7874,125.2502
760.4158,197.3821,46.9392,125.0432
759.5528,197.3014,48.6652,125.2046
758.8322,198.0876,50.1063,126.2188
758.4213,200.2082,50.9282,127.2309
755.8684,200.3404,50.722,126.9667
756.6693,195.8656,49.1202,127.9707
764.8752,189.4004,51.1488,127.7294
764.3167,191.3272,54.9329,126.5428
761.5607,199.0226,60.4449,124.7367
757.4384,208.6733,65.9026,124.9437
756.0122,206.8188,68.755,125.7688
762.2612,207.0092,68.0362,128.3328
761.9047,206.9041,65.7789,131.5134
752.8178,210.7448,63.1039,135.7457
755.6201,212.7767,60.4932,137.6695
767.4979,211.1548,57.5705,137.9371
768.3636,209.7576,55.8392,140.7315
767.14,211.3765,58.2864,143.3698
771.3176,209.0697,62.0095,144.9637
782.7786,208.0547,63.9561,146.9938
795.8266,202.2135,63.2385,149.1594
810.0611,202.0877,60.2976,149.4108
820.4284,202.0248,58.418,149.5366
819.8927,211.1836,59.4895,152.9945
821.8106,208.7976,65.1926,154.5869
833.7579,205.2416,71.0346,155.0908
844.0527,194.0348,77.7576,157.0199
850.9432,190.3883,81.7721,160.7537
866.1041,180.3476,80.9153,166.1026
852.3562,171.3201,82.1843,172.9175
852.1533,171.4968,82.5901,180.3008
856.7738,178.3822,81.315,190.428
855.7508,167.8174,79.2534,199.2348
851.7702,152.2372,78.8185,205.2066
851.2658,150.1609,79.8272,209.3592
848.4866,152.2891,81.0315,209.4567
835.3861,152.2132,80.9712,213.9856
829.2823,154.6771,84.2969,213.4986
826.7417,155.1397,89.378,212.5734
839.0248,162.8391,92.2346,210.886
867.435,180.436,95.1683,207.8674
860.6491,194.7569,104.1359,202.246
806.081,192.5887,110.3688,201.9051
809.7143,202.9384,112.6604,200.3221
806.7088,221.0293,118.6715,192.9088
809.5788,226.1588,127.2891,187.4357
818.4673,237.9323,138.5957,178.4305
826.6674,242.0811,146.6734,170.1328
820.6188,230.8817,144.0769,168.042
823.2124,209.9221,143.7136,176.1933
828.6486,228.6588,142.7293,173.3283
834.625,232.2922,145.4287,170.9455
822.8509,231.1464,134.7426,173.2371
827.1849,227.956,126.0746,174.8644
831.2092,227.4599,118.026,175.8565
834.4196,226.9127,111.6053,176.951
833.9612,230.131,108.0931,179.3724
831.7727,219.2647,108.0638,183.4798
833.466,217.4437,109.1441,182.655
839.6901,211.2721,114.5873,177.1065
815.3106,207.8619,118.5362,174.965
781.0259,203.5631,123.9055,179.0484
786.6924,205.6839,121.9018,184.1361
793.0477,180.665,113.8995,201.2159
798.617,165.6918,107.5899,216.6754
803.2808,170.3358,118.0569,217.2846
830.2563,211.2197,125.755,212.5782
840.9733,199.0917,140.7091,200.4462
767.1146,215.72,140.9961,198.7817
825.8593,213.0156,144.1388,198.9457
849.6655,230.7554,133.6192,211.1566
847.8237,255.8396,126.6844,214.0789
868.704,256.3242,121.5781,213.1097
858.64,277.3409,121.1638,212.1608
860.0965,283.8624,118.2509,209.3467
852.4689,285.7042,118.4359,205.6631
840.9405,286.2255,126.5772,194.6768
811.7003,289.8003,135.6131,187.5272
774.569,294.6919,135.0901,192.7012
761.2766,286.1315,126.286,204.7663
749.2085,255.4232,114.7869,225.4571
729.4865,251.5462,107.4162,243.6144
690.6913,207.9088,110.2715,250.8158
663.7026,192.117,120.3056,238.456
641.1887,162.0338,132.4084,221.7975
630.1513,171.7917,149.0355,202.2818
616.139,183.4,166.2004,184.4951
548.5507,232.9318,165.5542,188.6568
524.7185,225.3775,169.3196,181.816
530.574,215.9842,168.49,178.8401
537.5415,220.1763,165.3168,175.8367
539.5558,239.8752,156.0045,183.9913
519.2266,279.1984,149.3036,189.5393
538.2338,291.6953,147.9662,190.7432
581.1961,274.5788,140.5861,198.7946
606.3266,284.2914,142.7083,195.0843
623.1215,282.2548,150.8529,183.5073
618.6372,287.763,154.6498,177.6626
616.3668,276.7248,159.1906,174.0271
618.0811,256.45,160.9202,168.1535
621.3779,265.8745,154.3264,174.7723
633.7557,258.5038,155.0325,174.2367
653.5344,241.7802,151.1418,177.1125
652.0632,247.059,143.9288,186.8656
648.6658,244.7775,135.3894,196.5399
654.2636,235.9183,124.1938,209.1397
631.1587,216.7486,114.075,221.8752
613.573,177.9678,113.289,227.5218
613.1619,152.2338,114.111,232.1352
597.897,145.9186,118.2016,234.1902
594.9512,140.9638,118.7047,238.711
532.6053,91.8381,123.1978,233.1543
565.9228,118.2016,122.0746,240.4799
554.9378,132.2458,121.8538,245.6777
549.742,117.5979,121.0054,252.4933
546.5412,97.4271,121.7021,252.8998
551.5406,115.4668,123.1493,251.1586
553.9168,121.6754,124.1195,255.9097
550.8097,266.8551,124.5247,261.8096
549.638,271.7647,126.8682,257.8926
556.6494,265.998,124.6167,263.5403
557.4132,273.23,123.089,266.8635
562.2706,273.3314,119.3251,272.6115
565.693,223.8482,112.4803,282.0535
