1
329.6585,428.3595,11.0336,34.2247
329.0243,427.1217,11.0336,35.0569
328.8296,426.8188,11.0336,36.1369
328.3855,426.2055,11.0336,36.3923
328.1325,426.8142,11.1284,37.3384
327.1278,428.0284,11.0384,37.7185
325.2953,429.7087,11.0336,37.9706
323.0933,428.9507,11.0336,37.8517
322.3188,429.2085,11.0513,37.7538
321.341,429.2058,11.0336,37.6824
319.8598,429.6273,11.0732,38.2274
318.6137,429.2974,11.0336,37.9385
318.1344,430.1471,11.0336,38.1764
318.4466,430.6779,11.0531,38.0503
318.4917,430.2178,11.0336,37.6691
319.4315,431.5525,11.1005,38.0953
319.5188,431.7107,11.1963,38.2002
320.0753,431.677,11.3555,38.5261
320.0798,431.8393,11.2889,38.5545
319.4211,432.2881,11.3436,38.7096
318.5018,433.1016,11.2077,38.6625
319.6687,432.0521,11.1668,38.9863
320.8053,431.6319,11.1754,39.1401
321.6666,431.7664,11.132,39.0794
321.6015,432.8384,11.2011,39.1508
322.2886,434.2422,11.2578,39.487
324.2408,436.3908,11.296,39.8098
325.7275,439.2975,11.4157,40.2965
325.306,440.5775,11.2316,40.0201
324.3253,440.0462,11.0498,39.611
323.7309,439.0409,11.0336,39.1005
323.7806,438.6131,11.0881,39.0488
323.4121,436.7908,11.1343,38.9229
322.2307,435.82,11.0456,38.7913
321.2702,436.014,11.1142,39.2421
319.0227,436.9448,11.2375,39.3513
317.8831,438.7953,11.3552,39.8437
317.4053,441.3101,11.5622,40.1033
315.7769,444.3875,11.7878,40.1884
314.5329,447.9713,12.0936,40.0554
314.6577,448.965,11.962,40.2889
312.3624,448.1143,11.6734,39.8989
310.8612,445.6238,11.4778,39.7029
312.4137,442.6747,11.343,39.4927
311.3413,437.5687,11.3799,40.2058
307.9929,433.8488,11.2552,39.9974
304.1322,429.4657,11.2501,40.267
303.6741,430.8212,11.1074,40.1063
302.3804,431.3855,11.0893,39.7596
301.9743,432.2972,11.0336,39.6972
303.2624,437.0658,11.2308,39.6369
304.2785,436.0374,11.1236,39.2752
303.2226,434.8021,11.0336,39.1487
302.0588,434.2527,11.0403,38.8319
301.7753,433.2905,11.0498,38.8456
300.2872,433.5944,11.1605,38.998
297.7588,432.8951,11.4687,39.0894
296.0825,432.195,11.3702,39.112
295.4296,432.1877,11.4271,39.2803
293.7908,431.2634,11.4451,39.0107
289.974,429.0028,11.232,38.7235
289.9228,427.991,11.1403,38.829
289.1913,427.3318,11.1169,38.9021
288.3269,427.1057,11.0496,39.3426
287.6881,427.5912,11.2,39.9104
288.6999,429.1364,11.281,40.4112
289.6501,430.3155,11.341,40.4092
290.187,430.8607,11.385,40.56
291.3943,431.1281,11.3806,40.7635
291.4767,430.5303,11.3685,40.4277
291.1962,430.4378,11.3934,40.316
291.1048,430.0907,11.2376,40.0336
289.8694,428.984,11.0423,39.7362
289.2976,426.9622,11.1117,39.4168
290.1179,424.4958,11.043,39.5409
288.8183,422.4297,11.0336,39.3696
288.9413,421.3138,11.0931,39.6501
288.0203,419.4884,11.2354,39.6237
287.1155,415.0725,11.3454,40.2348
286.2027,411.2376,11.3106,40.2807
285.4049,407.8691,11.4593,40.2098
284.5087,403.8822,11.4031,40.4386
283.8022,400.3745,11.3895,40.4765
282.9381,395.8106,11.5652,40.6021
281.8013,394.1883,11.4987,40.215
281.761,393.3489,11.4687,39.8749
281.646,392.2614,11.5836,39.9159
280.4173,389.0667,11.4224,39.679
280.7054,386.1441,11.3695,39.9923
280.8414,386.0589,11.4338,40.2593
280.6407,385.2412,11.4404,40.2356
281.6389,384.7921,11.4771,40.6438
282.6882,385.3138,11.5582,40.9006
282.8977,385.5284,11.6429,40.8536
283.1679,387.3096,11.6835,41.3448
283.1561,388.5911,11.7752,41.3681
282.6621,390.6414,11.7056,41.2504
282.4412,392.664,11.8109,41.2236
282.6954,394.6048,11.7171,41.2441
282.0467,393.9774,11.5263,40.4185
282.212,393.6498,11.6707,40.4796
281.3248,393.9601,11.6977,40.4403
280.3797,393.9341,11.6255,40.3783
279.3548,394.2823,11.6196,40.458
277.4143,394.3645,11.5411,40.5095
275.9791,395.109,11.6696,40.5996
271.8912,394.3193,11.7015,40.6005
269.8765,394.1816,11.5954,41.1563
268.6124,393.2587,11.4816,41.1892
266.5698,392.5539,11.5795,40.9112
266.2705,393.4901,11.7915,41.3195
265.6617,395.319,11.7877,41.5438
265.7169,395.7944,11.7461,41.6172
265.1282,395.9821,11.8795,41.5221
264.8617,395.5519,11.7857,41.3044
264.5104,395.6719,11.7485,41.188
263.8308,395.5717,11.8054,40.9983
263.8825,396.3402,11.8757,41.3755
262.9648,396.1128,11.8481,40.8407
263.2305,395.3082,11.8132,40.7191
262.6233,395.8422,11.9133,40.8364
262.3022,395.6952,11.9235,41.1258
262.4642,396.6527,12.0487,41.6602
262.5273,397.7979,12.0258,41.4758
263.386,400.3679,12.1919,41.8342
264.4127,403.1794,12.2499,42.2798
265.2251,404.7958,12.1987,41.8923
265.378,405.4969,12.1345,41.61
265.0751,406.1787,12.1985,41.5498
265.3219,407.3882,12.1749,41.9022
265.7484,407.0763,12.0637,41.7163
265.9554,406.7101,11.9718,41.4627
265.557,405.8283,11.8724,41.3629
266.3556,405.3328,11.9216,41.4403
266.502,403.0722,12.0174,41.3823
266.2181,402.4189,11.9727,41.3108
266.1235,402.759,12.1858,41.7473
265.3153,402.8477,12.1522,41.8833
265.3415,403.2314,12.1869,41.889
264.4407,404.2886,12.3029,42.3493
263.3157,404.8462,12.3286,41.9519
263.252,405.1535,12.2759,42.0714
262.8046,404.9936,12.4215,42.1747
262.2524,405.3346,12.3601,42.0811
261.6833,404.21,12.2347,41.8962
261.189,403.1301,12.1007,41.7241
260.2522,402.3858,11.9344,41.7668
258.8681,401.1481,11.8403,41.5012
257.7224,400.0799,11.8865,41.0265
256.3915,398.6022,11.8828,40.5638
253.1251,398.5286,12.0039,41.0344
252.4077,397.2875,12.0847,40.9375
250.7951,394.1035,12.2555,41.0977
246.7949,391.2408,12.3582,41.5248
244.6157,389.0134,12.1146,41.5566
242.4999,387.1642,12.0871,41.1885
240.9329,388.2402,12.0411,41.2398
240.077,393.3909,12.1599,42.0319
238.7208,397.6913,12.3112,42.5401
237.5029,400.0023,12.2775,42.5896
238.9873,402.9888,12.3483,42.7627
246.1605,407.5303,12.5097,42.6747
253.3665,408.7534,12.4323,42.7699
260.645,407.0984,12.2277,42.2738
268.5368,405.8817,12.2621,41.8768
276.5451,406.4982,12.6675,41.8849
281.1975,407.253,12.8065,42.0176
280.6199,405.0714,12.8327,42.424
278.862,401.028,12.9935,42.7821
278.4121,392.2737,13.2491,43.3878
278.8355,391.2079,13.3399,43.8637
273.8485,393.357,13.6138,44.3405
266.2153,398.2684,13.8567,45.4095
255.0588,401.9413,13.7282,46.2145
245.9331,401.4906,13.7157,46.1723
241.2436,398.5309,13.7272,45.0555
237.3536,392.5021,13.6045,45.1634
232.1869,389.5559,13.414,44.9656
226.8867,388.8962,13.1564,44.982
222.2049,392.1767,13.0825,44.7748
217.88,394.9047,13.0915,44.2377
214.9084,395.2315,12.9594,44.4044
209.9471,397.6783,12.944,43.9155
204.5974,400.3274,12.9512,43.5978
202.2068,402.5651,13.0766,43.8687
197.8498,403.1654,12.8696,43.2582
195.7234,402.3981,12.6538,42.9037
194.6119,404.4779,12.4868,42.6814
190.9368,406.9058,12.2695,42.7936
190.3363,409.1523,12.2683,43.1351
189.3597,410.4847,12.3868,43.0897
189.1381,409.4576,12.506,42.599
189.9105,409.1616,12.5506,42.3542
190.6657,409.4988,12.2713,42.3645
192.237,410.529,12.1914,42.157
196.3081,411.1145,11.9763,42.155
198.4299,409.4233,11.9951,42.0845
202.987,405.0368,12.0675,42.6875
206.136,401.1286,12.3436,43.1422
207.5885,398.7761,12.5081,43.5117
209.5467,398.0844,12.6226,44.1833
210.7358,398.6111,13.0894,44.6135
212.1362,401.7045,13.4939,44.3768
216.739,404.5363,13.7698,44.4713
220.2876,405.8099,14.026,44.6846
220.7445,404.576,14.1388,45.2238
222.1038,404.2343,14.1001,45.3461
221.9724,403.2727,13.9234,45.4428
217.8359,403.0623,13.7084,44.8867
215.4145,404.6353,13.592,44.8001
213.2354,406.9746,13.7389,44.5062
211.5119,409.5452,13.7476,44.5111
210.7654,411.4129,13.3699,44.8075
209.5065,413.0784,13.168,45.1088
208.5204,413.8227,12.9381,45.3084
208.8291,414.8936,12.9186,45.604
209.8838,416.1142,12.8907,45.5298
209.1376,415.3448,12.6258,45.0794
210.559,415.8769,12.6278,45.2551
213.8244,416.4884,12.7515,45.6243
214.2734,415.014,12.9103,45.7285
214.3206,413.5331,12.9717,45.7115
215.3402,414.3614,12.9122,46.5844
216.6916,414.2081,12.8263,46.786
218.3558,414.3244,12.9149,46.9535
219.6044,414.4801,13.092,47.1487
220.5162,416.4389,13.1163,47.6925
222.0743,418.0653,13.2006,48.2108
222.2662,419.9953,13.8187,48.7593
221.8754,423.342,14.1222,49.4269
222.91,425.7956,14.4277,50.1265
222.4776,429.3257,14.7277,50.9945
220.2526,431.1611,15.133,51.8414
218.4075,433.9821,15.5109,52.575
214.1027,435.9078,16.0904,52.9414
213.2862,438.9916,16.297,54.2453
211.8083,438.6816,16.3029,54.7779
209.9911,437.2796,16.3215,54.7488
210.3575,435.9349,16.5941,55.2724
210.5367,434.6462,16.8589,55.155
210.9303,432.5201,16.8487,55.479
211.4339,431.6796,16.5512,56.3067
210.8616,429.7067,16.6595,56.8528
211.1626,429.9318,17.2113,57.8556
211.1251,428.0212,17.3849,58.864
211.1409,426.8587,17.8494,59.4977
211.7023,428.2583,18.2748,60.4629
212.3242,429.8488,18.3319,62.3197
213.3513,431.7531,18.9595,63.2882
214.7433,433.1545,19.0603,65.0399
216.7461,434.6848,19.2157,66.5423
218.8186,435.8012,19.4359,68.1763
221.2123,436.7693,19.4651,70.075
223.1706,435.7371,19.7958,69.3831
225.7352,437.3511,20.1131,69.9139
227.3815,440.8501,20.4614,70.0779
227.2284,442.9765,20.9335,71.2272
225.4498,443.467,21.1723,71.9736
224.5847,444.4278,21.555,73.0341
221.8295,446.0247,21.9562,75.2028
218.8883,447.2613,22.5456,77.676
212.9311,448.7389,23.3811,80.0241
212.7907,448.8271,25.0507,81.2894
213.4695,448.7727,26.0688,82.8182
212.1844,448.2992,27.0218,84.1547
207.653,450.4243,28.0967,84.7722
206.0217,451.8982,28.5778,85.6594
205.4097,452.7208,28.2113,87.108
205.49,451.5803,28.5719,86.8912
205.2248,446.6937,27.9865,86.8725
205.069,442.9379,27.0645,86.001
203.7645,438.1789,26.2728,86.1368
202.5341,433.5234,25.707,85.122
201.2064,429.0499,25.2593,85.5958
199.2087,425.1182,25.1444,85.0653
198.5557,422.8358,24.7533,84.6123
199.0154,423.2129,24.677,85.0821
200.9485,424.0616,24.7102,84.5937
203.1098,425.0063,24.7107,84.7402
205.1007,424.8781,24.7104,84.2108
206.7903,424.7599,24.6116,84.1633
207.6084,425.0817,24.7404,84.0796
206.9404,425.0711,24.8108,85.1346
206.4622,425.3739,24.7601,85.3905
205.6587,424.0491,25.0224,85.083
204.4508,422.4841,24.4155,84.7839
197.0106,422.9021,24.5408,83.6583
187.0512,423.2706,24.4298,85.3183
183.7767,426.2657,24.2914,87.3452
175.9071,427.401,24.0205,88.6272
173.5278,427.7817,24.4853,90.874
166.4566,430.4473,25.0989,90.9994
157.5603,430.662,26.2168,91.574
152.053,432.6226,26.9739,91.1243
152.0497,434.6307,27.2705,91.2306
152.4618,437.8761,27.8356,90.9544
153.7743,440.7768,28.1222,90.2203
154.7565,443.9737,27.7775,90.4275
158.1479,445.8255,26.8483,89.8164
164.9127,447.2456,26.9131,89.4098
171.633,448.7887,26.6909,88.7968
173.1764,448.2567,26.4124,87.8877
176.2084,450.5816,25.9646,87.2534
179.44,453.8216,25.8104,87.9048
180.3588,456.9998,26.0574,88.6708
181.5367,459.2122,26.1974,88.8136
181.9633,459.9378,26.5097,89.6739
181.0807,459.3516,26.1759,89.1165
183.116,460.7406,26.5225,90.1177
183.087,459.0112,26.42,89.5742
180.8145,454.3509,26.6278,89.5314
178.0701,448.8763,26.8147,89.5174
171.0566,439.3485,26.9112,91.2087
168.6369,433.7473,27.0309,90.6438
169.1123,431.1761,26.8756,90.3445
169.565,426.0258,26.952,89.9919
177.8875,427.0287,26.9619,90.3758
183.1691,430.4845,26.9062,90.7611
193.751,434.2305,26.9529,91.6089
201.9921,433.3391,27.2383,91.4429
211.243,436.6396,27.5697,91.7773
220.1755,442.2482,27.441,92.5897
224.0765,446.0736,27.6534,92.6866
231.2406,449.5234,28.1832,93.0613
235.5005,451.511,28.5058,92.8408
242.2141,450.0584,29.1093,92.8919
245.7612,448.8757,29.3898,92.3038
249.7726,445.8259,29.4548,92.1181
252.641,441.0661,29.1061,91.7368
254.9666,437.1644,28.9987,91.6281
258.5893,435.4151,28.6402,91.6009
261.3279,432.9471,28.2221,91.3947
261.9567,430.8086,27.9382,90.8101
262.4147,429.6552,27.7474,91.5403
262.3447,430.512,27.9582,91.9968
263.4726,433.2839,28.0743,92.4952
262.9593,434.7607,28.1764,91.9428
260.7556,433.5921,27.5838,91.0275
259.906,434.0544,27.664,90.1164
257.6088,431.6316,27.2874,89.4541
255.1797,431.0477,27.2684,89.0141
255.5827,430.7415,27.0517,89.955
257.7076,425.5393,27.5273,90.5366
261.9496,425.0715,27.0052,91.0042
261.031,424.8484,26.7734,90.71
259.0573,425.5182,27.2215,90.5546
258.6004,425.2957,27.2032,90.9868
257.0633,420.9743,27.0811,91.5725
256.3517,418.231,27.3733,92.6571
256.4531,413.5675,27.8345,93.1829
254.2583,408.829,27.7936,93.8907
253.2875,408.2305,28.1583,94.3424
253.5195,406.9314,28.6399,95.0309
253.6618,402.8546,29.2104,94.99
256.2422,394.3122,29.8416,96.2031
259.3624,391.0827,30.6189,94.4542
261.6354,390.1874,30.6288,94.3257
262.4196,389.5182,30.2228,94.9692
262.6274,387.8559,29.6563,95.5318
263.8051,386.5525,28.9568,95.4003
266.1131,387.9606,28.5071,94.8928
267.4173,390.5095,28.2809,95.2294
268.364,391.5842,28.021,95.2946
268.2994,392.2415,27.9334,95.3715
268.4573,394.8239,28.2082,96.5014
267.1761,399.0871,29.1981,97.9621
265.4289,406.124,30.0305,98.2728
262.9216,410.2282,30.3041,97.8041
261.356,414.3744,30.2998,98.319
259.7505,417.6084,30.4536,99.0196
257.987,419.0994,30.3667,99.3259
258.4221,419.4574,30.576,98.5816
261.8439,421.3255,30.273,98.7021
262.5046,421.6307,30.3811,99.7581
262.0893,420.5159,30.5223,100.2079
262.8789,420.9568,30.8272,101.141
263.2623,419.8008,31.2241,102.922
265.7189,414.8251,32.0309,105.7949
268.1545,413.9994,33.2936,106.5105
267.5098,416.2563,34.639,109.6279
266.9861,418.3567,35.6502,112.7318
267.3362,417.4498,36.1024,115.935
266.7084,415.5884,36.1268,118.5449
263.0605,412.9193,35.994,120.801
261.6118,412.1253,36.9121,121.2208
262.4722,412.6566,37.8242,122.4557
260.9773,412.2307,38.1095,125.098
259.4165,412.4073,38.4005,127.5865
259.4664,413.1277,38.3164,130.4406
256.289,412.501,39.3026,131.6916
254.7805,411.8897,40.2817,132.3353
253.7795,413.0197,41.0301,134.8956
251.5565,411.7173,42.1077,136.4142
250.8912,414.0776,43.1391,139.49
252.92,420.5698,44.0849,144.0248
253.7655,428.6191,45.2349,147.9394
253.516,429.9095,45.037,149.4749
254.2971,433.6017,45.3229,151.4544
253.94,440.6943,45.7238,153.4067
254.7528,447.9895,45.9045,155.3261
254.7874,450.7564,45.9666,155.452
251.615,451.7743,46.355,153.0461
247.5084,448.292,46.6271,152.2751
243.9234,442.214,46.1363,151.0208
239.6936,439.8862,46.4708,151.0333
234.6282,429.7296,45.8555,152.2033
230.4463,414.9847,45.4627,153.6984
226.0905,401.9649,45.4558,154.0197
227.5683,396.2359,45.2323,153.7687
227.9912,397.2394,45.9415,154.5983
228.768,396.5471,45.7742,155.3367
232.0215,398.9019,46.1572,155.2517
233.4201,399.3376,45.752,154.9542
234.2242,402.2363,45.345,156.5934
236.0417,404.6451,45.2905,156.8114
237.7619,404.4735,44.8222,156.9684
238.9353,404.2197,44.6545,156.7394
239.6169,402.7962,44.6393,156.6559
240.3653,400.7711,44.6384,155.8375
238.8243,399.2129,45.1051,155.5099
237.5348,398.108,45.797,154.7636
238.8585,397.5897,46.652,154.6702
239.8979,398.4945,46.8122,156.3729
243.7715,407.8556,46.7342,158.9528
247.4029,418.7015,47.1137,162.8135
248.2177,429.599,48.2563,163.9405
250.3726,434.3607,49.1611,162.4637
249.9251,433.216,49.5169,160.6966
251.9071,435.7382,49.4002,160.9813
244.2844,433.8506,49.58,161.9446
243.0375,431.4608,49.8172,160.5411
231.9806,425.9659,50.835,161.6079
227.976,422.9559,50.162,162.6078
224.5301,411.9835,50.4531,164.8814
225.3533,409.6247,50.2822,164.2323
226.4593,407.0753,49.8522,163.3345
225.5805,405.0819,49.3964,161.8908
226.1701,404.401,48.999,161.6908
227.4294,405.9425,48.8266,162.7932
227.1927,407.6967,47.8168,164.2671
229.2928,414.6901,48.1092,163.9539
230.2176,416.9151,47.5812,162.5595
233.2554,418.062,47.0153,160.9773
238.4375,419.3909,46.6319,159.5509
242.9228,419.786,45.9403,158.1162
246.1471,422.3378,45.2657,154.9442
244.6708,422.9476,44.7867,153.6737
243.2798,418.4026,43.4879,149.4095
241.9605,412.2121,42.1871,145.3315
240.9695,411.4674,41.8917,143.6838
238.0962,409.3545,41.3609,141.1113
235.0923,406.3225,40.3378,138.8499
228.9003,408.2149,40.2675,137.0311
227.3031,407.4143,39.5408,134.6956
221.1997,406.8996,38.6213,132.746
220.6805,408.7668,38.3085,132.293
220.2844,410.4038,37.6199,130.3755
220.121,409.8657,36.2556,127.5071
219.02,411.3072,35.68,125.6261
219.009,411.3832,34.8221,123.1811
218.884,410.3734,34.3056,120.5266
219.5261,407.4592,33.4175,117.4764
220.2874,405.2021,32.2591,115.8241
220.6672,404.3571,31.3303,114.9032
221.1379,404.9213,31.1372,114.9498
221.2775,406.8621,31.0865,114.5986
220.5116,406.914,30.692,113.0398
223.3345,405.3715,30.3682,111.5902
224.8856,406.7555,30.1566,111.6971
226.4868,406.5769,30.1284,110.5015
228.8851,407.8492,30.2005,109.4802
229.0103,408.0146,30.2194,108.2103
230.5925,407.4638,29.8948,106.3723
233.8175,411.6533,29.5522,104.1483
236.6943,413.1176,29.1793,104.3511
244.1555,414.4088,28.2573,104.4421
246.6289,418.0635,27.9614,103.4749
249.7122,419.134,27.5139,102.0014
251.2939,420.3784,27.3446,100.5939
252.948,424.3443,27.2293,99.8552
254.7359,428.3785,26.6908,98.2416
254.9066,428.8961,26.9024,98.169
254.3319,430.9052,26.4741,98.0834
254.3407,433.2763,27.1122,99.3252
255.3161,436.0421,27.0788,98.3081
255.7142,437.8841,26.8557,96.8959
256.6124,441.8293,26.4708,97.8636
257.3475,442.3498,26.2632,99.2394
258.2068,442.5179,26.217,100.125
256.7198,445.782,26.3308,99.1467
255.7948,449.6776,26.6235,98.9545
255.833,448.5969,26.3677,98.8456
255.8343,447.8334,26.5502,98.7128
256.1367,445.5495,26.5401,98.3397
255.9658,442.5795,26.7499,97.4526
257.6294,440.2057,26.6397,96.2903
256.1634,433.7916,26.7646,97.3651
254.9607,429.7819,27.3872,97.952
256.7474,428.4887,27.347,98.6715
257.0809,425.4355,27.8831,99.7181
257.5455,423.0154,28.4611,99.4723
257.8739,422.5309,29.1019,100.0784
259.648,422.8569,29.5365,98.678
261.383,423.532,29.8405,98.5853
262.9131,421.6266,29.4568,100.9283
263.7576,419.6754,29.5921,101.4033
266.4251,419.5607,28.9907,101.2218
266.1279,418.6575,28.9964,101.0273
267.1444,421.0064,28.5128,101.3931
267.6179,421.5628,28.5127,101.1541
266.8477,424.4496,28.8489,101.4957
266.2083,424.6788,28.7191,101.381
265.8818,427.704,28.5577,103.3829
261.9372,432.4222,27.9139,104.3215
261.7862,435.9879,28.1645,105.9806
257.2991,440.9101,28.3235,106.7619
252.1816,444.0,28.8893,105.9499
246.2633,448.3076,29.0065,106.4086
240.894,450.5374,28.9135,106.5798
239.0901,454.8123,28.5961,105.8895
236.8663,457.7143,28.3588,105.421
234.626,458.0426,28.3608,104.3609
234.0573,459.3077,28.6709,103.9271
229.9387,461.1412,29.0706,103.7566
229.151,461.8452,29.5453,103.9846
229.4524,462.7738,29.9424,103.8792
229.6612,463.0611,29.8315,104.8699
230.1185,462.4939,30.0215,106.7215
229.9901,464.9164,30.2468,107.087
229.8672,463.942,30.3868,107.5125
230.4008,464.5635,30.9714,107.655
229.984,465.3925,31.725,107.1993
230.9268,464.549,32.2276,107.5697
232.9888,463.5939,32.4755,107.5829
234.4689,463.7851,32.5022,107.8709
236.4123,466.8821,32.3855,108.2225
237.01,463.9514,31.9693,109.736
238.4254,464.7044,31.6499,109.4714
238.9175,466.8882,31.4318,108.9297
237.5225,468.5632,30.9444,108.2757
238.5481,466.6932,30.9324,108.444
238.662,466.1802,30.2643,109.7185
239.0835,467.0408,30.6028,110.0508
240.3076,468.0816,30.4036,110.3679
241.2409,467.4173,30.3271,109.2313
243.4493,467.7917,30.3394,109.4977
245.2215,469.3826,30.11,110.5369
247.377,468.9885,30.089,110.7166
247.9883,470.055,30.181,110.8462
242.4057,469.391,30.0424,112.3131
236.5403,467.45,30.317,110.939
235.2448,466.3051,30.0106,109.583
241.0173,461.7449,30.2727,110.8794
248.0477,458.0254,29.9856,109.5379
251.4474,454.2663,29.5173,107.4108
249.6755,456.1448,29.3848,107.2489
249.1977,459.2393,29.0601,107.7362
250.1117,462.1904,30.0427,108.0847
248.777,464.3696,30.759,107.097
246.8096,467.1366,31.9815,106.4467
246.5154,466.5671,32.4927,105.5638
245.1489,460.9604,33.027,106.4121
248.3694,456.7336,33.2623,105.944
251.2707,457.2097,33.4804,106.3055
254.2407,453.3895,33.0046,108.465
256.6939,449.7362,32.8493,108.5164
259.8232,450.4642,32.2376,108.3829
262.4024,448.5436,31.7687,107.7219
264.425,447.3356,31.7268,107.2029
266.3198,446.967,31.5683,107.1333
266.7226,447.4406,32.0724,106.85
266.2017,445.6441,31.7727,107.7529
266.214,444.1248,31.4761,107.9708
268.2631,443.5645,31.3902,108.5133
270.4882,442.83,31.2061,109.7502
272.1697,443.1459,31.2713,110.9163
270.8735,443.6566,31.6074,110.9191
268.509,447.4923,31.1604,111.7307
268.9757,448.8918,31.1097,111.8514
267.6355,450.1675,31.2786,112.6648
262.4579,450.818,31.619,113.0352
261.9327,450.8953,31.9961,113.1617
255.8889,450.1612,31.9743,112.0348
250.6851,448.0979,31.9906,111.3192
248.4696,446.35,32.2367,109.7871
243.5571,446.9456,32.5271,109.7521
242.1059,445.6835,32.6087,110.982
240.7974,444.4623,32.7645,112.4097
241.8234,444.1559,32.8967,114.0667
241.9829,444.3179,32.8865,115.0506
242.424,442.8586,32.6185,116.6299
244.668,441.2596,32.7802,116.9137
247.0,441.5124,33.1169,117.1486
249.5219,442.5336,33.4993,117.3983
251.2842,440.1436,34.2391,117.4364
252.1636,443.009,34.3501,117.5835
251.0172,445.0509,34.4627,115.971
250.1385,445.6778,34.6522,114.8516
249.3451,447.5299,34.4831,114.2675
248.2296,449.3613,34.4503,113.9388
248.4786,452.3641,34.5687,115.5184
248.5466,455.5898,34.5256,116.5251
247.2059,456.8335,34.3948,115.9932
245.0346,460.5345,34.8655,116.7393
243.7734,464.39,35.2553,117.0957
244.3468,469.0136,36.0671,117.1727
246.2297,471.9575,36.3197,115.4418
245.3469,474.3683,36.0721,115.9604
245.7133,475.625,35.6219,116.9792
246.2295,475.8267,35.3388,117.0089
245.493,474.7217,35.3345,117.2622
247.1479,473.6923,35.4882,116.6884
249.7598,474.02,35.5053,115.741
250.6913,475.2722,35.8961,114.7043
248.7676,478.3134,35.774,115.2954
247.4961,480.1365,35.9309,116.2515
249.1013,482.2683,35.7791,118.515
249.453,484.4539,35.3733,122.0052
248.8263,487.5161,35.5746,122.9866
248.5614,490.9786,35.9537,123.6842
248.1721,492.4564,36.2528,122.793
248.8252,496.9526,36.2791,125.318
250.2177,498.9701,35.6756,126.7157
249.6438,501.709,35.3415,127.2596
250.1457,504.5274,35.6913,126.7904
249.641,506.1337,35.9209,125.5278
248.9685,508.1351,35.4729,124.7006
248.4228,509.9548,35.5566,123.6162
248.4544,510.3134,35.4315,121.6602
245.8445,510.3924,35.3828,120.6615
242.5205,511.0867,35.3944,120.3428
239.7059,510.7177,35.7449,120.8801
238.1799,508.4214,35.8396,121.8394
236.8647,505.9555,36.2962,122.2415
238.3893,504.867,36.4041,121.1887
240.5682,503.0938,36.2701,121.6245
242.4392,501.7433,36.1061,121.8685
243.6045,501.2939,36.1087,121.8548
245.046,500.7488,36.2827,121.8304
245.1234,501.2237,36.4052,121.7514
245.1381,503.9868,36.7963,120.9645
244.3518,505.7212,37.2571,120.03
244.1438,505.9358,37.7692,119.0508
243.3752,507.2757,38.3074,118.1204
242.4331,509.3157,38.8071,117.4467
242.5006,512.2614,39.0029,118.3482
243.1314,513.4283,39.3031,119.9968
242.9261,514.9994,39.6993,120.1483
243.1026,515.4702,39.0688,120.7625
244.4822,517.188,38.4968,124.515
244.4705,520.8965,38.8491,124.2655
244.6176,524.1402,38.8494,123.2907
245.628,525.3983,38.9159,121.7413
245.69,526.7056,39.2818,119.9136
245.521,527.3461,39.4876,118.7667
246.0082,528.8167,39.7022,116.9812
245.6811,529.8825,39.8439,116.1486
246.6101,530.6072,39.5651,115.5276
246.0935,530.2611,39.8023,114.7192
246.1921,529.962,39.3445,115.2949
246.6235,528.245,39.1957,116.3004
247.3532,526.8242,39.4267,116.4815
247.5724,525.965,39.816,116.4204
247.0783,524.8756,40.1345,115.9989
246.5576,526.67,40.8567,114.6171
246.2661,528.1274,40.7638,112.8186
245.9875,526.3975,40.1032,113.5763
247.1283,524.3822,39.6541,114.9354
246.3112,522.5328,38.9951,118.4266
245.7322,515.0034,39.5839,120.7043
246.4907,511.5194,39.5664,121.6846
245.8861,507.3856,39.6357,121.4958
245.0333,503.1269,39.3798,121.5875
243.7409,498.209,39.8951,121.1755
243.4759,496.2058,40.6079,122.1332
243.3254,494.7543,41.1771,124.082
244.9068,493.1285,41.5644,126.5764
247.3107,488.695,42.0521,127.9999
250.9983,487.5887,42.3774,127.9561
254.2423,489.796,42.3193,129.4509
256.5841,489.7574,42.0123,134.0602
260.0253,490.3744,41.8965,135.463
262.1303,491.3441,42.0299,136.0435
263.8696,490.7123,42.2007,136.1006
265.7584,493.5086,41.5542,135.2576
266.0374,492.0103,42.0325,133.1215
267.8783,491.0636,42.3591,131.5628
269.1282,489.8982,42.3693,129.5503
269.7907,490.6561,42.848,127.1274
270.4895,492.9707,43.2501,125.3588
270.144,494.1259,43.3991,124.34
270.0916,494.9455,43.4013,123.7152
270.9136,497.514,43.4313,122.2832
269.3931,499.4136,43.4437,120.6615
270.1086,502.8642,42.8778,117.7728
269.6659,505.6138,42.3808,114.647
269.1919,508.3241,42.6708,112.3992
267.4486,508.1699,43.503,110.2552
265.455,508.3564,44.5649,108.0686
263.5753,507.7907,46.1591,105.0599
262.2312,502.553,47.7846,103.3114
261.1109,498.3474,49.0265,101.4981
259.5724,498.6224,50.0535,99.6728
259.5668,493.4376,50.4042,97.2292
259.0194,493.3813,50.8873,93.7367
259.1665,494.0855,53.5798,89.7011
257.818,493.5606,55.5779,86.3862
258.3883,493.1217,56.8182,83.7371
256.3296,499.0298,57.4241,81.0543
250.9818,501.1698,57.7509,77.696
248.682,507.3682,57.6849,74.9701
246.7636,508.6164,56.9648,72.4518
