1
398.7841,189.8362,30.6854,36.6742
399.0514,189.0736,30.1507,38.1995
399.0573,189.0531,30.139,39.2276
399.3228,188.8832,30.6109,39.5674
399.9953,188.599,30.2814,40.1359
400.9208,188.0352,29.4496,41.2633
401.3012,187.1071,28.6888,42.0968
401.9611,187.1502,28.3923,42.0106
402.8429,187.0392,27.6456,42.2326
403.4182,186.6975,27.5031,41.9078
403.989,186.9123,27.3624,41.4782
403.8049,187.4318,27.7305,40.4393
404.2392,188.2128,27.8443,39.8595
404.1069,189.0484,28.1088,39.1637
404.1234,189.1645,28.0759,38.9314
403.8393,188.9118,28.6441,38.472
403.2415,188.8229,28.8725,38.6497
403.2662,187.6964,28.8233,38.9558
403.4437,186.8641,28.4681,39.6428
403.13,186.4972,28.1134,40.3767
402.7401,185.9962,27.9056,40.3912
402.001,185.5972,27.4149,41.1891
402.5046,185.2342,27.3963,41.915
402.3738,184.8246,27.658,41.735
401.5964,185.5276,28.2119,41.3299
401.047,186.1484,28.307,41.092
402.8248,186.4061,28.7579,40.5767
402.3378,186.8224,29.732,39.744
401.8912,187.101,30.6251,39.1869
400.1749,186.0855,31.0276,39.1979
399.9743,186.192,31.4288,38.9847
400.2737,186.6919,31.85,39.0048
400.6563,187.7225,32.1115,38.9972
400.9602,187.4067,32.5347,38.5979
401.1727,187.6265,33.141,38.1584
400.9958,188.0867,33.4948,38.272
400.7955,188.2474,33.8954,37.9507
400.2754,188.332,33.8928,37.7815
399.6824,188.4909,34.0387,37.4637
399.5784,189.4008,34.2466,37.7187
399.9765,190.312,34.4952,37.9857
399.7143,190.4237,35.0196,37.7623
399.5943,190.7597,35.2597,38.1479
399.025,190.0589,35.3307,38.4821
398.2261,189.8655,34.781,38.8688
397.6867,189.9842,34.7886,38.6314
396.8015,190.4641,34.4237,38.7394
396.4504,190.406,34.0623,38.8554
395.8905,190.8752,34.1224,38.9767
395.9397,190.2096,34.0243,39.2454
395.934,189.6947,34.0355,39.21
395.3348,189.7236,34.1692,39.1521
395.3696,190.1337,34.0995,39.3981
395.9509,189.9749,34.0058,39.7157
396.0788,190.2464,33.75,40.2448
395.9716,189.623,33.9642,40.4153
395.8127,189.7154,34.2821,40.2304
395.7312,189.741,34.4451,40.1791
395.6549,191.1228,34.5977,40.6748
394.9346,191.5915,34.9417,40.8341
394.7394,192.045,35.3321,41.0318
394.5206,192.9612,35.7697,41.4271
394.2247,192.279,36.3615,41.6644
392.7481,193.3786,37.0345,41.7453
391.9766,192.7828,37.4257,41.7849
391.1694,192.5733,37.8811,42.204
390.4173,191.6577,38.2129,42.8626
389.6172,192.5907,38.625,43.3729
389.4505,191.1411,38.9584,43.8668
388.6687,192.2895,39.3062,44.0013
387.2499,191.5602,39.6973,44.2367
386.389,192.0489,40.186,44.4924
385.6297,191.9323,40.4597,44.7256
385.0486,192.294,40.369,45.255
383.7872,192.1551,40.3722,45.5329
383.6616,192.661,40.6235,45.7852
382.3508,192.4997,40.7008,46.1079
381.5932,191.5943,40.9377,46.6403
380.8536,192.018,41.1264,47.0834
380.3238,191.1377,40.8857,47.5437
378.423,190.9943,40.776,47.8304
377.9191,191.4806,40.4773,48.1643
375.8075,191.4647,40.7798,48.1961
374.3249,192.873,41.1205,48.0039
373.4215,192.882,41.6126,47.986
371.0824,193.0094,42.3241,47.7312
370.7461,193.182,42.9968,47.3859
369.0275,193.9465,43.7645,47.1916
367.936,193.9943,44.6038,47.0961
365.6806,194.6063,45.0483,47.2275
365.4882,194.5636,45.433,47.313
364.7616,194.9609,45.5142,47.8903
364.0594,194.6475,45.5364,48.5169
362.751,194.2196,45.3681,49.3728
362.1325,193.9629,45.2018,49.8861
361.445,193.7443,45.1679,50.3233
360.0527,193.7397,45.1223,50.3325
359.0519,193.8496,45.7093,50.1129
357.3489,194.6693,46.2746,49.8937
356.5253,195.4038,46.496,49.8507
355.0103,196.0692,46.6685,49.9484
352.5968,196.0982,47.1969,49.8905
351.5205,196.0056,47.9092,50.0758
349.0682,197.3674,48.4506,50.2609
346.0515,196.4368,48.6204,50.6562
346.076,196.2393,48.5715,51.0512
344.6468,196.8637,48.4695,51.2828
344.0165,195.9803,48.2477,51.5673
343.482,197.4017,47.8335,51.6909
342.9772,197.2395,47.3644,52.0155
342.2482,198.843,47.3459,51.7611
341.5321,199.0493,47.306,51.3486
339.9886,199.9843,47.463,50.9437
339.4454,200.656,47.0882,51.0614
337.9819,200.5756,47.1012,51.2222
337.1679,200.4479,47.2695,51.4776
335.6493,200.3006,47.3737,51.7721
335.1605,200.1467,46.8786,52.0799
333.7717,199.31,46.7168,52.2835
332.521,199.8362,46.2774,52.7015
330.001,199.8935,46.9077,52.5869
329.0645,200.7372,47.3025,52.3776
327.4911,202.1872,47.4871,52.4398
323.8286,201.4835,48.872,52.3623
321.9792,201.4203,49.5595,52.4888
319.8714,201.4143,50.7383,52.5007
317.6511,200.7257,52.1046,52.3408
315.748,201.4322,52.799,52.4837
314.8366,201.1892,53.0525,52.9698
313.9972,200.8871,53.1506,53.574
311.971,201.4375,52.4274,54.0651
310.4439,201.3448,52.3048,54.2505
309.8786,201.2636,51.8459,54.4128
307.4133,202.1003,52.0223,54.3241
307.6046,202.0235,51.6398,54.4778
306.9762,201.998,51.3141,54.5287
305.4087,202.0448,51.2927,54.4352
304.5727,202.8577,51.3883,54.3857
300.9837,203.7448,52.2577,54.1886
298.9414,203.0559,53.167,53.9788
296.8309,202.3361,54.1908,53.8199
295.152,201.3836,54.3246,54.1129
294.4716,201.8904,54.0665,54.718
291.4506,201.2052,55.2354,54.464
290.5815,201.0896,55.3351,54.6952
289.7729,202.6081,55.3084,54.9459
288.5941,202.5871,56.0187,54.9878
286.4653,202.5085,56.958,55.145
283.2717,202.583,58.3166,54.996
281.8046,202.6557,59.5557,54.8507
251.3483,191.8892,58.8424,55.8418
251.6654,192.1718,58.2082,56.9931
250.3701,194.3286,57.3485,57.855
250.631,194.8047,56.8267,58.6283
249.958,194.6497,56.4433,58.9383
248.8355,194.6202,56.9598,58.9974
245.6284,194.5985,58.1615,59.0407
243.3723,194.394,59.16,59.4498
252.3396,200.2711,60.7951,60.149
238.7545,194.0511,62.5452,59.8789
249.4139,201.0957,63.2905,60.4992
247.752,201.0262,64.7541,60.6382
230.5652,192.3986,65.1958,60.9275
236.5714,199.0214,66.4596,60.958
236.2181,201.6101,67.1662,61.5305
232.6688,198.3993,68.4545,62.1418
231.4942,199.1602,68.8373,62.5865
229.6094,200.7015,68.6478,63.4629
226.1584,197.4757,69.5777,63.9425
226.3418,199.4049,69.211,64.1097
225.1116,200.3711,69.6616,64.1871
226.3072,201.2383,69.2883,64.4707
224.9001,199.966,70.0857,64.9984
221.1158,199.9303,71.5416,65.0698
219.3665,199.9682,72.9791,64.9941
213.4861,197.7578,74.3289,65.2504
203.124,192.2352,73.9816,65.76
205.0748,197.417,74.3,65.9464
219.006,197.9347,73.9705,67.0289
216.573,198.8147,74.576,67.3992
216.4542,198.5923,74.8136,67.8439
218.194,199.5987,75.6467,67.9876
191.4488,198.2407,74.8484,68.5321
190.4711,199.4128,74.6357,68.3557
187.2876,199.3495,74.5173,68.4823
186.4414,199.438,74.0477,68.3053
185.4519,198.3951,73.8747,68.2392
182.054,202.937,74.226,67.7481
176.602,200.7938,74.4012,67.743
174.6729,202.8219,73.9626,67.9837
171.95,201.2934,72.9721,68.8952
170.356,204.2154,71.8707,69.4853
168.9218,202.9443,70.4652,69.8904
167.2166,203.7941,69.6328,70.3124
166.5873,202.447,68.7761,70.8914
165.7576,204.3557,68.3247,71.2958
162.335,202.2632,68.8395,71.2605
162.5602,199.0038,68.3891,71.4263
161.3068,202.107,68.7827,71.5594
159.5121,199.7284,68.1292,72.0737
156.2162,200.6075,68.363,72.4348
153.0499,201.6069,68.3096,72.5647
147.7767,200.3388,68.2067,72.9709
153.4688,198.9169,67.4957,73.6802
139.1522,201.3767,68.38,73.0295
134.631,201.6133,68.8691,72.5563
134.0905,201.886,69.9501,72.0109
128.3795,205.8159,70.6374,70.592
128.4171,208.4518,70.5622,69.5909
127.1506,208.8933,70.9769,68.708
122.5719,208.1366,71.6916,68.1106
121.2242,207.2545,72.2749,67.7625
117.0197,207.3245,72.2207,67.6226
116.3696,209.4842,71.4084,67.5284
115.885,209.4303,70.279,67.6363
114.2137,206.9835,69.4562,68.3644
113.5635,206.9442,68.6751,68.4431
111.854,206.8091,67.9531,68.7133
110.8917,205.4881,67.8143,69.2918
107.191,205.5377,69.0041,69.1925
106.7144,205.6349,69.9573,68.9982
103.0011,204.5645,71.0859,69.0395
99.954,204.9015,72.9447,68.3657
99.3704,202.9084,71.9763,70.2159
97.9048,203.1521,70.6069,71.8789
95.1603,205.0511,69.6304,72.3913
92.0073,205.0709,69.4926,72.3515
86.8633,206.789,71.2,71.0606
85.3455,207.0417,72.0841,70.5551
83.5253,209.0565,71.4098,70.8402
82.515,209.1693,71.2792,70.6145
79.0698,209.608,71.7325,69.7372
77.5809,209.949,72.5714,69.0552
73.7817,210.2605,73.7469,68.4322
68.8068,210.5337,75.0995,67.8857
65.2333,210.4223,75.7621,68.1086
65.4021,210.1068,75.4245,68.7396
61.8114,210.1431,76.0652,68.6669
58.3437,210.1921,76.4338,68.5689
55.0875,208.8603,76.3671,69.0395
54.3856,208.6369,75.5713,69.4863
53.5567,208.5871,75.0347,69.586
51.6247,208.3145,74.5231,70.1311
48.3279,208.1223,74.5512,70.5154
44.8093,209.084,75.0031,70.7871
40.8849,208.9451,76.2327,71.0651
37.4314,208.8294,76.4496,71.2963
35.4171,207.6532,76.0042,71.4117
23.8542,207.5907,76.8101,71.5368
27.2768,208.602,76.7045,71.7607
