1
625.8137,667.2946,56.7371,34.7022
620.0654,660.6455,53.5346,38.6466
612.7647,658.1423,51.8725,40.9423
580.6764,657.0784,54.4758,40.3336
560.2288,649.4567,52.0481,42.9994
548.7218,645.7429,51.1821,44.8082
536.3436,640.0638,50.3623,46.22
518.7467,635.4504,51.2101,46.8604
488.4413,631.7172,52.1874,47.0544
475.4176,630.4257,53.1994,46.6921
448.6641,616.3355,53.3412,48.1899
421.2134,591.5814,53.9278,49.4181
399.03,568.6438,52.1674,52.2413
385.1135,563.098,53.5589,52.4453
363.2535,547.4979,53.03,55.1997
339.437,530.6381,53.806,56.604
322.2615,502.6552,53.5044,58.1159
316.1456,500.2887,54.0521,59.5106
299.4244,500.3087,56.8996,57.7708
280.1079,495.8675,57.7565,56.3507
259.5752,503.4661,59.5401,54.8169
237.1209,517.39,59.9614,52.6347
211.3242,540.5803,59.4012,53.3607
201.0861,553.4933,57.9663,54.5021
191.1052,561.9204,56.0668,57.8277
182.6032,572.8945,56.0213,58.0438
178.3902,584.3962,54.2015,60.6551
188.6083,592.3447,52.6853,63.678
193.3614,605.6829,53.6366,64.888
200.6279,649.2655,51.5417,68.3442
213.6133,676.9385,52.516,70.4808
225.0116,711.3731,51.8578,71.7165
224.7422,716.8087,50.5434,73.8162
235.2503,731.5543,51.8876,74.1388
254.5025,743.3538,51.1898,77.0047
270.4343,769.4016,53.9265,74.887
286.2925,780.6219,57.0419,71.7974
294.8602,807.3289,57.3518,72.6573
297.0689,798.4882,58.8041,70.7728
312.6883,803.2168,58.7788,71.0697
333.463,809.7701,60.2403,69.6933
355.53,821.1965,61.1183,68.3679
370.5998,844.6182,62.1839,68.3325
377.7141,849.3105,63.6887,70.7478
384.3682,855.901,66.6069,71.765
373.6729,846.8463,69.1836,71.0604
373.2003,847.1498,70.1288,70.4535
367.0531,851.6071,69.6723,72.1646
373.1491,850.8563,70.3505,71.521
372.6046,849.9081,69.2941,71.2719
378.9339,857.4883,71.5103,70.9866
385.0615,855.7726,74.3415,70.1075
369.272,854.232,73.1407,71.0035
393.2849,863.0618,75.2762,70.7911
387.6228,863.3219,75.5465,70.2711
379.1577,862.9785,74.8237,68.7512
372.9258,864.1067,72.0898,70.837
372.5305,864.1252,70.7185,68.638
377.7154,864.3748,68.7708,68.1388
376.3045,864.1675,67.4583,66.4863
370.5359,865.8459,66.8728,65.1498
370.6913,867.272,66.562,64.2879
372.4852,867.3826,64.9457,64.0666
373.4559,866.4237,63.0043,64.0416
372.5762,867.8415,62.8516,63.118
379.4346,873.7846,60.5048,64.4968
379.7975,870.6731,57.899,65.08
383.0874,872.1974,56.8627,65.7271
386.992,876.3542,58.261,66.6207
386.3891,870.2093,59.4667,65.767
384.9304,871.2051,60.5007,65.6588
381.5619,868.6695,59.6452,66.9339
387.9256,870.1016,60.2497,67.8788
392.8734,872.0234,63.8563,65.964
390.2986,866.4492,63.1386,65.3778
395.4279,865.4286,64.4914,63.5485
382.8918,866.39,62.5795,65.4807
381.5901,865.1827,61.3267,65.9671
383.9264,869.7466,60.486,68.3354
396.3704,879.3434,64.6948,64.6599
403.0515,881.5231,64.9705,62.2489
407.4522,888.1423,67.6542,58.5815
407.9999,889.7336,68.4557,55.3988
405.7238,890.7376,67.4361,53.391
405.8776,890.9331,67.1285,51.191
406.5582,889.0258,65.7673,51.4697
404.7755,896.262,64.0766,51.0132
401.0935,895.5215,64.5653,49.0565
403.5531,890.3943,63.0342,49.1464
405.1617,889.8256,61.4894,50.284
402.6626,889.8699,61.4849,50.1953
398.8659,891.0746,62.4141,49.4518
396.5914,892.6686,63.6271,47.9319
393.0321,895.4819,65.7619,47.2893
392.4569,896.2367,66.9121,45.7797
392.6955,893.6876,68.1097,45.8535
391.4903,893.789,68.8262,45.6506
394.5872,893.6193,69.4373,45.9901
393.2315,887.3557,68.7167,48.2211
392.123,887.2614,69.1909,50.1524
386.4962,884.9558,69.7529,52.9817
386.4063,884.5639,71.7699,53.7654
386.1933,883.1628,72.1959,56.5677
386.872,882.4343,72.7719,58.0247
390.0341,885.6622,74.3112,55.5005
392.7707,883.4648,74.6811,55.9999
388.5179,883.7823,73.3789,55.3651
394.9805,884.0895,75.905,54.7506
394.9907,888.271,77.8438,54.2249
396.7273,886.0833,78.33,52.6613
404.1052,887.8248,79.2605,53.0999
399.0424,888.8009,79.4759,51.1476
404.8459,888.171,79.5832,50.455
411.3585,889.8385,80.1538,51.0045
404.5099,888.0522,78.1708,50.6571
412.0072,887.2994,76.6489,52.1626
426.7565,886.4556,77.9872,51.923
410.1933,884.7792,78.078,51.3891
425.9005,882.8057,77.6341,51.465
432.7745,881.9229,77.3981,51.3003
432.513,872.629,77.9212,52.5719
430.4838,876.7222,78.0731,54.1513
435.5914,876.4501,79.7494,54.6955
449.5534,869.5281,82.0666,54.427
457.4839,871.3839,84.6214,52.7616
458.7186,868.0093,84.2079,53.3425
467.8832,860.8118,84.4169,53.3191
507.5786,850.527,83.4006,55.3263
514.9216,849.5189,83.2831,55.2613
534.5842,846.3166,81.3683,57.5092
550.7826,843.4946,80.2812,56.8913
556.3262,848.0381,79.4973,56.047
556.0886,855.5936,75.9029,57.215
555.9922,854.8922,74.0957,56.6176
555.5338,855.2753,73.0495,55.8514
560.8157,855.1293,74.0924,54.209
559.8427,856.3425,76.0384,51.7827
560.497,856.5716,78.5533,49.4126
566.3761,837.3145,76.3418,51.6498
567.2746,836.2848,76.459,51.795
567.5605,835.9565,75.8871,52.4515
582.0303,838.5615,75.7587,53.0039
584.1317,841.537,75.4121,54.7649
588.0379,842.9031,75.4082,53.9851
595.2829,843.9723,76.4312,51.8466
607.1579,841.4626,73.7876,54.9473
615.0472,838.0625,71.5236,55.9554
608.3593,834.6359,67.6822,58.9826
608.8631,835.2717,64.7711,61.5184
604.8232,830.151,61.4541,64.162
612.4295,824.8626,59.4687,65.2908
628.6494,826.2991,60.7971,62.4178
638.8937,827.7571,62.5293,59.5018
649.4269,826.9082,63.4518,57.5348
649.5371,826.6966,63.2313,56.1429
658.1654,821.9478,63.8682,54.9044
669.2406,816.7157,63.067,54.6941
669.3495,816.8433,62.849,54.4388
673.4359,813.776,61.7,55.3058
674.8704,809.2354,58.831,57.3779
681.0963,803.236,56.8253,58.9308
692.8393,800.0349,59.3533,56.6616
698.1601,790.3337,59.1379,56.9491
705.1495,782.67,59.0708,56.6261
707.3832,761.7051,58.0688,56.9701
719.3307,748.3209,56.5681,57.899
728.4494,733.4899,57.184,58.4241
748.9732,711.4356,55.9699,60.9672
762.1755,690.7682,55.8586,61.9858
775.9126,674.1834,56.6579,61.5806
780.6033,665.0973,56.1433,63.7924
780.5635,668.3139,56.2229,64.5585
785.3383,673.9901,57.5517,62.2715
782.3219,674.7404,59.9878,58.9726
782.1774,676.3759,62.0613,55.7016
781.7449,677.2819,61.1621,55.6536
787.2122,677.2563,58.9753,57.4544
790.8978,678.2939,58.5818,57.1238
781.9939,687.476,60.7921,54.3573
780.8314,688.7208,63.1169,51.8676
775.9029,697.0692,60.9466,54.0713
782.5604,693.1271,61.3975,53.3518
776.7989,698.353,60.9081,53.1962
777.6623,707.2933,59.1813,55.7875
778.0169,712.7652,58.4721,58.6122
779.9091,698.0294,58.1979,60.0034
780.2272,706.8195,57.5616,61.9238
778.5653,710.2559,57.2994,64.0161
753.4507,711.1584,58.3426,64.0327
753.0857,722.8557,57.2341,68.2155
750.5299,724.634,56.6876,70.3169
737.5596,721.5026,55.8907,72.7601
739.1649,722.8022,54.6146,74.0301
729.9863,721.6953,55.5725,72.3774
714.5993,725.44,57.4936,70.6585
696.3959,741.3421,59.1954,67.775
681.7791,747.7158,59.7714,66.4909
667.6908,756.6747,59.4538,63.7699
668.786,757.7386,59.1154,61.6419
669.1308,757.3694,58.4257,60.5674
670.8565,749.3298,58.5449,58.7939
672.6276,749.7821,58.5208,57.8893
671.4383,750.6708,57.4107,57.8563
671.531,751.429,57.2254,56.34
664.4978,752.9495,59.3956,53.2988
671.2482,758.5053,59.3698,52.2937
669.7032,758.6317,59.1243,52.0407
672.2215,757.8099,57.4076,53.6845
670.065,756.9791,55.0811,55.3459
670.5907,757.4134,54.0297,56.1276
668.0661,760.6148,54.1405,56.3092
668.7676,760.8849,54.3882,55.7689
669.577,761.1368,54.4155,55.2653
663.5341,760.3537,56.6703,51.916
661.9424,760.1754,58.2335,49.0323
662.268,759.375,57.5823,47.4383
668.4013,757.4811,56.2466,48.1028
662.7417,756.2119,53.598,49.0894
662.6577,753.3467,56.8205,45.6565
659.1138,742.071,54.7835,48.4376
665.7197,732.2157,52.3162,51.264
659.085,725.819,50.1642,54.8045
659.1616,721.2828,48.4465,57.6191
654.3502,686.4586,48.5828,57.6994
648.6708,690.4509,50.4344,57.6373
638.7892,676.8383,50.841,57.4407
623.0762,671.1014,49.9382,59.2157
617.8068,664.0925,52.3285,56.9362
592.2772,644.6553,54.4254,56.641
574.8815,640.079,57.6685,54.1705
536.4705,633.4128,59.2635,54.1292
494.922,634.3467,62.6617,50.5656
471.8755,634.4827,61.4345,50.2937
460.1578,640.7902,61.5336,49.3469
427.4534,650.9064,60.8265,48.9493
395.3188,657.8835,62.9416,46.4444
365.1998,668.7064,61.3782,45.9412
348.1991,678.7551,61.8961,44.9772
331.0605,690.5425,59.6891,48.3691
317.6001,713.918,56.042,53.1007
307.2167,741.8591,53.9979,55.8757
306.7623,759.9176,53.265,57.5162
299.4334,787.8763,53.0189,59.5577
306.3799,804.2996,50.9147,63.761
308.1137,799.5028,49.1628,66.4917
320.0338,789.3549,51.2625,64.3062
324.9727,795.9365,51.7632,64.981
335.3352,802.2952,52.017,64.5012
351.6424,815.6806,54.3007,62.1592
368.3903,825.573,55.7065,61.5702
389.2093,827.1903,58.0229,60.0939
396.1059,831.5778,58.4014,60.1762
409.8133,837.9044,57.6669,61.7526
426.9932,844.7821,59.1474,60.5411
431.1102,865.1543,61.6903,61.1086
429.8207,860.4332,60.5794,63.171
425.5663,849.3052,57.9271,66.8251
420.7157,844.1679,54.4996,71.4731
411.4597,845.2824,54.0888,73.0286
405.3284,837.1691,54.895,72.0706
386.8488,841.213,57.5132,69.7063
365.2881,838.3649,60.4481,63.9207
348.1258,833.0464,64.8534,59.5979
327.195,827.3777,67.4458,55.9756
306.1164,816.9907,68.8754,54.5347
280.6757,802.7651,67.971,55.2434
259.4866,781.3516,67.8607,55.5818
230.5942,758.0074,66.4079,57.8421
202.4942,728.8708,64.7729,60.1461
188.1824,704.8001,63.3565,61.3497
165.6238,682.7559,63.4794,62.3188
150.7316,675.0287,64.8824,60.7441
142.2959,670.0955,66.6435,59.2778
146.8015,670.6899,67.0946,58.0891
143.4279,671.4933,68.2011,56.4822
142.5599,673.3323,68.0661,56.5463
141.2164,674.8447,68.8831,55.3915
139.4133,674.9747,68.762,53.2678
142.0408,674.4014,67.1608,52.5876
141.1438,671.9412,67.1634,50.342
139.1786,673.058,67.5847,48.1083
137.6873,670.4026,68.8436,46.5238
137.6751,665.4429,68.868,47.8626
135.9101,664.1303,67.181,50.4878
127.5682,643.5142,62.7783,54.8182
126.7198,630.8876,60.9531,57.1789
127.7324,617.2205,58.9278,59.7219
122.1168,608.6062,57.7008,60.9327
108.3925,580.6075,56.6754,63.5412
108.4107,562.2219,56.6389,64.2249
110.5424,559.6782,56.0045,65.6833
124.7087,540.6785,56.9053,67.1408
125.5461,514.9395,55.2306,70.1513
124.0238,494.6347,58.2753,69.3176
131.8243,453.565,58.0328,72.7442
139.7647,428.735,57.9033,75.1503
140.8944,397.04,57.6477,76.4217
147.5573,367.1285,58.4561,77.6888
160.3802,356.9558,59.4824,77.5174
178.3854,338.3163,62.7208,75.5474
187.5187,334.5104,63.2422,74.809
187.2782,335.6067,63.7233,74.7008
186.5798,335.7496,63.0295,76.5056
178.5604,349.4101,62.2096,76.58
169.8033,356.6522,62.9612,74.6679
162.5483,365.7432,65.0045,71.0304
2
0
0
0
0
1
212.8239,327.6133,30.8558,53.1839
211.0239,327.859,33.2298,51.4665
210.4242,327.9712,35.669,50.0023
209.6455,327.7192,37.2263,49.2486
209.3314,328.5363,37.8546,48.886
210.2137,330.0249,38.642,48.4608
213.7167,330.8389,39.329,49.3969
218.22,332.6372,42.0912,48.4156
230.6184,332.3094,42.6882,49.0712
230.5557,331.4261,44.1698,49.4816
241.9575,319.8923,42.1585,51.7571
247.7277,311.3169,38.9554,55.0122
255.875,303.7933,36.5378,56.1823
260.4763,300.4928,34.1637,58.6862
263.9796,299.0643,32.6118,58.8161
269.6684,291.4108,33.2885,56.711
282.615,281.4863,35.1042,55.4485
288.4049,276.2767,35.5023,55.2208
291.3982,270.9885,33.5177,56.4588
294.2661,264.6812,34.3797,57.1974
292.2377,250.1151,35.7464,58.084
287.0262,241.2794,37.8826,56.4195
287.5108,241.3244,39.6963,54.938
295.5227,235.7234,40.4567,54.9507
299.4376,233.7231,41.0942,54.7174
301.9667,236.0812,41.7083,54.2553
301.0675,235.2004,42.0858,54.596
300.5741,236.279,43.0725,53.8711
301.0317,235.6441,43.5942,53.7039
299.9936,237.198,44.2277,53.4817
299.3732,235.5565,44.019,53.8657
299.3309,236.1296,44.1037,54.1715
298.6319,233.7977,44.0435,54.461
287.1683,234.7114,45.0461,54.0952
287.557,233.8908,45.7408,54.2643
290.4866,234.5633,45.8246,54.4052
287.982,234.5393,46.3659,54.4532
290.2755,234.5743,46.2748,54.3832
287.0201,234.4737,46.8012,54.5845
290.6949,234.1333,46.9898,55.2652
290.4848,233.0696,47.41,55.8712
288.7818,235.2145,47.7413,56.1937
288.0214,229.9091,47.7144,57.5185
286.3898,229.4191,47.842,58.4983
276.1065,229.7186,49.3879,57.8993
271.5542,225.617,50.49,58.1002
271.0433,227.2661,51.5118,58.0443
267.1273,226.7969,52.7978,57.3462
267.9087,222.8918,54.5268,56.9268
261.0323,222.3656,56.6139,56.3126
260.3146,224.596,58.0493,55.2309
242.795,229.5522,59.1967,55.4859
254.3175,227.474,61.8986,54.493
256.815,228.8603,62.1303,53.4626
256.7633,229.8624,62.2335,53.1874
256.4687,235.3013,61.0966,54.393
254.4306,239.0831,59.9881,55.4705
231.0192,251.1388,60.1424,55.5577
213.1783,266.0172,61.1791,55.2491
194.7576,286.4879,61.4112,56.1471
174.1808,307.8849,60.2926,57.3864
169.3204,319.5282,59.4303,58.794
167.9443,323.1368,58.6367,60.4413
177.3354,313.8987,57.7204,61.0515
182.5574,314.5082,57.9672,59.8325
179.7211,306.7018,56.5739,61.3137
188.0975,296.6576,55.7319,63.7236
198.1644,287.6277,55.3128,63.8608
203.4909,276.3821,51.8106,64.8997
221.16,266.2637,51.4271,64.1635
246.6478,245.2465,52.3578,62.9428
264.2668,232.0932,53.3713,61.6291
288.5705,212.1562,54.7025,60.1746
318.9995,202.5107,55.7794,58.8207
358.5124,192.193,59.1269,57.1465
380.5364,191.2834,58.6271,57.2238
412.4974,193.1462,60.6493,56.9691
450.4633,212.7642,60.5147,58.2758
478.4054,244.3371,59.8578,59.2648
489.4185,250.8526,59.2761,60.53
497.3804,251.5933,59.5344,62.6447
504.7206,248.0258,59.5376,62.4378
522.4454,251.6109,60.7331,60.7644
562.7352,242.868,62.2572,60.005
602.9381,210.2914,62.6446,59.0545
611.8246,206.3418,61.315,59.6456
614.7783,203.8063,59.0392,61.085
615.7081,204.0872,57.1797,62.3261
613.4645,203.1198,54.4935,64.2609
612.2464,203.3718,51.5871,65.5378
609.8948,202.1401,49.2745,66.2473
605.0851,200.5892,46.8021,67.6218
602.9671,197.994,45.9141,67.6882
592.4517,190.377,44.9186,69.3674
580.1195,184.715,45.7374,68.7689
567.3381,183.2213,49.0991,66.6328
534.5305,170.6064,52.4185,64.1756
507.113,161.0157,54.8638,62.4011
487.4802,160.1317,57.2153,60.6534
475.2753,159.2178,58.6466,60.7136
481.7747,164.4379,58.1851,61.0196
496.1337,162.6495,56.2963,62.8078
503.8394,168.6894,53.3932,65.0232
511.4422,171.8951,50.6133,65.7122
524.783,174.5736,51.7862,65.5779
540.2195,180.4679,56.0691,62.5783
548.9567,193.9248,58.1716,60.5804
601.4631,207.8631,61.8288,59.4258
630.5703,219.3746,63.6846,58.2466
655.2523,229.3239,63.7357,58.48
669.7896,254.597,62.1822,61.1413
688.9946,286.5303,60.835,63.9878
709.4034,312.3239,61.3136,63.0822
733.9644,308.8716,64.5608,62.5056
753.1127,333.48,66.4147,61.0868
761.156,350.4826,65.6722,61.6058
770.8365,373.1788,63.5446,64.0841
769.1633,395.9337,63.0487,66.6029
762.9028,431.1683,59.9445,70.3534
752.7249,474.1717,58.7119,72.6629
744.8439,518.4135,58.6451,73.2162
740.6868,553.9942,57.029,73.5526
741.4121,584.8118,55.5786,74.802
724.931,607.8785,57.1686,73.7657
702.5112,616.8967,60.6241,71.495
681.1762,615.7734,63.4705,69.7592
658.026,608.9965,67.5739,67.238
628.7991,595.5793,71.1049,65.5937
611.534,582.1038,70.5659,65.7273
590.3718,552.3059,67.6434,67.7361
578.1909,508.2395,65.444,70.0558
571.0346,468.3625,63.3949,72.0911
554.6571,421.9662,63.4358,72.8753
544.9017,374.45,62.3715,75.3204
544.2822,351.1075,59.4536,76.2794
540.6619,343.96,58.5094,76.2506
527.185,319.0542,59.0662,75.2991
505.2584,281.4376,60.3961,73.5851
489.5141,267.2266,63.606,69.6886
485.2808,248.8485,62.0204,72.2677
483.2094,211.0613,60.0868,74.9249
487.6104,172.3315,59.4273,75.0308
501.2236,153.8532,56.5204,75.5081
502.4107,157.2493,54.1461,74.6765
496.973,165.8594,53.4085,74.8757
488.2113,170.6062,53.5938,73.088
478.0352,176.2854,56.826,69.3385
468.0712,173.2924,59.6815,65.84
444.623,178.7711,61.2661,64.3225
414.311,178.8423,65.2153,60.4017
385.1781,176.3015,66.8272,59.818
374.6845,189.0911,66.8706,58.9906
334.4127,214.7424,66.0878,60.6447
295.9797,226.6975,66.7193,61.5108
279.8854,223.9903,68.0355,61.1365
260.0338,232.0128,68.8616,60.6424
244.5078,253.5232,66.7871,62.4399
230.0257,284.7401,64.6239,64.2064
209.9072,327.4633,62.1817,66.0583
198.8729,377.4111,59.1485,68.5012
203.8926,430.3013,56.7933,72.2224
222.6417,487.2736,56.172,74.7308
243.3508,535.2697,56.1095,75.2351
243.4086,556.6126,55.9939,76.0215
237.5905,575.3834,55.7131,76.2167
231.0462,580.1262,54.9099,76.6539
216.4149,600.5947,54.5013,75.2785
191.5896,616.5218,57.3407,72.6812
150.9296,639.468,60.3895,69.838
145.1744,635.2596,62.0915,68.4465
152.9845,636.131,60.2403,68.6707
160.702,640.9534,58.393,68.7313
152.02,642.305,58.5435,67.9407
148.5289,642.1601,57.9149,68.2305
150.2125,642.0977,56.445,68.3554
152.7443,644.4979,55.1326,69.1816
153.1803,648.7935,54.2606,69.9269
160.2265,649.0614,53.2206,71.2557
159.8908,656.6072,53.8921,71.1096
166.4798,663.6842,53.852,71.9703
170.2821,681.2926,53.8049,72.6515
184.6284,696.4202,53.5976,72.7805
199.6063,713.6005,55.9013,70.6793
219.4194,736.2289,56.2324,71.0883
227.6088,751.5593,57.083,71.0574
233.3926,753.7405,57.081,70.5503
244.561,762.899,57.7813,69.5109
256.6677,757.1666,58.4618,69.4862
271.4506,743.8773,61.6281,67.1836
298.0911,749.4027,66.5428,63.8922
342.5762,738.1202,71.8868,60.9136
370.2558,733.9614,72.5125,61.2335
410.3222,739.7109,74.9637,59.8057
423.2904,738.4337,75.3963,60.3317
440.9499,751.4677,74.8184,60.8304
467.6557,772.4631,72.4798,61.741
481.6645,788.2241,68.7259,64.5926
492.1108,816.8793,65.9232,67.5816
507.7002,837.8809,62.9372,69.8814
508.247,836.7006,61.8437,70.2391
517.3597,831.7913,63.5289,68.1113
525.9053,829.6856,66.2822,66.3693
524.0817,826.9985,67.9292,65.7429
520.3159,823.2081,67.3969,67.2758
523.2036,814.9398,67.7175,67.5564
533.3494,818.9589,69.8822,65.6426
531.5872,818.8143,71.3619,63.887
529.2071,820.3179,72.0432,62.9194
528.8209,822.9841,72.8156,61.6557
531.6709,817.2428,71.1671,63.0095
534.4154,815.7785,69.7227,63.9157
534.6356,817.9644,69.2823,63.5731
536.1749,813.1177,68.2059,63.2551
538.2115,809.4968,66.1133,64.5555
539.8724,805.878,64.7603,65.8868
543.0236,797.7427,62.3953,66.4075
543.7791,798.7826,60.8843,66.2675
550.6506,796.4164,60.5374,65.2588
551.9284,796.7931,59.8742,64.5054
551.8996,797.07,59.9319,63.9515
551.1969,797.1804,59.4749,63.7308
2
0
0
0
0
1
589.0996,796.2225,52.1804,36.2355
594.067,796.0166,51.3085,36.6473
600.6369,795.2498,52.3428,36.8924
610.1485,792.0718,52.9416,36.7076
614.912,788.9774,52.6124,36.3266
614.5833,789.8203,51.9672,35.9434
616.1353,787.9271,51.4364,35.87
619.5142,787.7793,49.7883,37.4431
618.3444,786.2393,49.5699,37.9651
616.658,786.0097,49.0897,38.4243
618.8084,785.2901,48.643,38.5788
620.6428,784.2059,47.535,39.4668
622.3023,783.9535,46.7727,39.9716
624.8299,782.9539,45.5418,40.6959
628.009,782.335,44.2545,41.9336
624.2013,783.1053,44.263,42.9287
624.6029,783.0067,44.7438,43.126
625.6541,784.2393,45.2305,43.2499
626.3674,785.062,45.1078,44.2126
626.423,787.3917,44.9967,44.8233
627.16,783.7459,44.8481,45.4873
627.897,788.1241,44.708,46.0673
625.933,791.2646,44.6136,46.4904
631.0787,783.2272,45.0905,46.4128
633.1949,787.1893,46.2671,45.2499
644.418,786.2327,49.5111,43.1069
652.5571,781.2672,49.6453,42.0963
667.8897,775.5173,51.4598,41.4161
687.3231,759.265,49.578,43.7846
699.5407,748.2783,48.5979,45.0626
706.3057,733.5306,46.1498,48.2385
711.5966,731.0398,45.3523,49.0268
711.1181,733.9172,44.9117,48.8626
711.5322,727.5809,44.0834,50.4301
711.83,724.3525,43.4879,52.6881
714.1508,727.6118,43.1222,53.2959
710.6934,724.9023,41.4638,55.8571
712.4099,724.3763,40.914,56.9091
712.8253,722.8996,40.083,58.4139
