1
270.2184,90.2526,32.1346,51.7498
269.2875,88.156,31.3373,53.6934
268.8306,84.1377,30.944,54.9134
262.5451,89.7291,32.9597,52.9814
264.5802,88.247,31.5824,54.5077
262.9487,88.85,33.4642,53.4917
263.8455,83.9177,33.0327,55.2965
263.7431,76.1634,33.3477,55.6898
264.1485,73.9374,32.5461,56.2462
263.3062,76.3282,32.3064,57.181
261.1626,76.7856,32.6196,58.3724
259.8833,74.4634,32.9152,59.7713
256.1293,75.0075,34.1256,59.9696
255.6742,75.638,33.7284,61.0999
253.4802,78.3272,32.983,62.4684
248.4718,76.7726,32.1687,63.5728
245.8094,79.0448,32.9449,63.0499
244.4185,78.0151,33.375,63.286
239.935,80.0318,32.9488,64.6304
238.2744,80.5163,32.9739,65.0773
237.1982,81.9009,33.1481,64.8265
238.6174,83.1879,32.8718,65.9547
240.1289,80.3438,32.9336,67.2665
239.055,81.5547,32.9789,67.706
236.528,80.8648,33.7706,67.0749
235.507,79.2867,35.5022,66.3607
238.2345,78.952,36.2247,64.5511
241.0042,76.9392,35.0663,64.2455
243.4583,78.9365,34.6022,63.9794
244.385,78.5156,33.2961,64.8667
245.1961,75.5486,32.4345,66.4109
244.2545,75.8455,31.3864,68.1598
237.8907,76.9068,31.7288,67.1542
232.7706,69.4716,33.0375,65.6047
226.9474,70.2954,33.7639,63.6685
225.3683,73.9826,33.7034,63.336
224.4801,75.6461,32.2968,64.9047
222.6521,77.2949,32.0584,67.1865
225.0221,74.5872,32.5027,68.6112
222.6697,75.494,34.5303,68.792
224.574,74.9901,35.2523,67.7269
224.9882,79.0677,34.7897,68.4633
225.7485,83.0441,34.5323,70.9006
229.9026,86.5689,34.1317,72.5064
229.5114,86.2249,33.8948,74.3329
228.4431,89.1079,34.6025,74.4637
233.4557,88.7373,34.1506,74.6592
233.1967,84.2518,34.3836,76.1354
232.4768,86.141,35.0588,76.743
236.9109,91.0142,35.3238,76.1335
237.1082,89.9337,34.6784,76.0003
235.9625,89.3497,35.3043,74.9614
233.0759,89.8577,37.3943,73.5682
230.3777,89.4188,37.068,72.1718
226.3415,89.8445,36.1277,71.6149
220.1671,90.6319,35.9552,70.566
219.7472,94.5081,34.4607,72.4169
215.5197,91.8726,32.4387,74.6349
214.1907,92.8649,32.9348,74.331
215.8976,95.73,37.1159,69.368
217.8601,98.0027,41.0161,65.7581
214.0465,81.1234,39.744,67.2016
219.4106,89.0416,36.9676,70.143
221.3454,84.5621,35.3687,71.815
222.4128,83.9033,35.7881,72.6861
231.4988,92.7108,39.9943,68.4491
227.4058,93.57,43.6412,63.69
225.1878,91.4938,44.2711,61.8195
223.3106,91.4138,43.9398,60.8084
216.8307,86.9562,44.1351,61.6546
242.9284,87.0427,45.9354,62.4273
254.6832,83.7489,42.1099,66.4141
255.8225,89.3979,42.3733,66.4001
2
0
0
0
0
1
249.4709,82.829,31.1863,77.375
249.7118,84.6304,31.8526,78.4593
249.4908,86.6611,32.3432,78.5644
247.8884,87.7317,32.7225,78.6117
249.5182,86.6029,31.6871,79.1901
250.9922,86.69,30.5785,80.7589
248.9933,84.4406,30.9,80.9659
247.3167,82.3252,30.6889,80.2888
240.0006,80.5899,30.5509,79.9188
237.5622,77.4197,29.6327,78.7417
234.9129,76.4199,29.7489,78.3343
234.6611,74.261,29.9038,80.7605
234.9414,71.4464,29.9316,80.7322
236.7383,71.8047,29.9975,82.0288
238.6234,72.4815,30.5649,82.6952
240.8423,73.9516,30.9456,83.9255
242.3624,75.4657,30.7511,85.0628
243.0532,76.3344,31.5525,84.859
244.6644,76.8868,32.3803,84.7548
246.0054,76.5784,33.4386,85.3863
247.5269,75.4733,34.0796,85.2643
249.9649,76.3213,34.0925,85.7959
254.068,75.9324,34.0775,84.865
258.279,76.2197,33.178,86.0197
257.5799,72.3508,32.487,84.7151
253.6057,70.0273,32.3013,85.4552
250.1483,65.8463,33.7778,86.1305
238.6395,64.2164,35.3191,86.6114
228.4073,62.739,35.9375,86.8842
217.2594,62.431,35.2889,86.2156
213.8251,61.2702,35.6648,83.9582
206.6977,62.1519,35.3432,82.8307
208.4554,60.9622,34.4676,83.193
211.2199,60.4899,33.6865,83.3371
214.7395,61.4771,31.878,83.9353
217.3868,61.5155,31.0716,82.4922
222.1097,64.3136,30.2634,81.1678
229.5668,66.3727,29.731,80.4433
233.1521,67.2202,29.6495,80.6084
235.8059,67.2127,30.396,80.2055
239.3929,70.0478,30.9112,79.2251
249.5228,72.7562,30.5651,77.9008
256.6342,73.496,30.5901,78.4208
261.2335,72.136,30.8086,80.1921
261.6709,72.2557,31.5687,80.9507
262.0865,76.0313,32.0754,80.111
270.5548,77.1759,32.6002,78.4814
278.3883,77.0503,32.6114,77.5267
286.6583,77.4427,31.9338,78.1284
289.8362,76.7928,32.0191,77.288
294.0059,78.9141,31.2318,78.329
298.4652,79.4196,31.4391,76.8005
300.3426,80.6288,31.6501,77.9565
305.1692,82.1586,31.1399,77.3273
308.4591,81.7267,30.4412,77.3894
311.1312,82.7811,29.3967,76.6696
309.7118,83.0644,29.8463,76.6283
309.9192,84.016,29.8879,76.8053
311.0528,85.9636,29.4977,77.7903
309.414,84.6227,29.8011,77.6019
301.525,82.3835,29.942,79.1388
297.3199,80.2045,30.2437,78.7273
293.4439,78.8223,30.9796,77.2231
291.1196,76.7489,30.6964,76.5198
288.9322,75.1803,29.9913,76.9406
287.1504,73.4751,29.7116,77.4314
284.0665,71.315,30.098,77.7466
281.8484,69.8962,29.9012,77.8794
279.8436,71.0582,29.5528,77.2967
277.9223,73.0769,29.6488,77.4578
275.8936,75.2415,29.6564,76.8681
276.1485,73.8539,29.8662,77.2474
276.3762,73.8878,30.6645,76.7839
278.289,76.1311,30.199,75.3553
284.671,76.9058,30.176,75.2074
286.4001,76.2798,29.3789,77.4981
292.5189,75.7615,28.1558,77.2259
292.893,73.633,28.2092,75.029
292.8652,78.1964,29.2658,72.7765
294.4521,76.0511,29.3794,71.5603
296.8096,75.1785,29.7249,71.716
298.3919,74.3974,28.9723,72.8808
299.8844,74.9871,27.8454,74.9761
299.2398,76.4873,27.6072,74.3817
298.5561,76.0633,28.3099,73.2302
298.8074,78.8816,29.0149,72.3722
300.3319,79.1975,28.4203,71.8922
301.1024,79.6846,28.0573,72.7335
301.2664,81.6018,27.8758,72.7873
302.7097,81.7094,27.156,72.3787
308.3821,82.4538,26.9238,69.8511
309.0184,83.1645,27.1305,67.2201
310.0039,84.5525,26.8158,65.6229
311.4533,83.4305,26.3047,63.8336
311.9494,83.2285,26.3749,63.1479
313.7798,83.7896,25.5449,63.6533
314.5548,84.342,24.9989,64.2705
315.4533,82.9529,24.6873,63.6999
316.8562,81.7381,24.8542,63.6312
318.1321,81.709,24.7315,63.1126
320.109,81.2682,24.5559,63.5411
324.9631,80.4244,24.781,63.7333
325.3429,80.615,24.4817,62.3871
330.5596,81.2442,23.8822,61.2883
334.9618,79.4909,23.3949,60.9702
335.0524,80.3227,24.0072,62.3154
335.8058,78.1401,24.0468,64.7223
336.1219,78.3499,23.8906,66.221
336.6792,78.766,23.7831,65.0666
336.4539,78.8283,22.7611,65.5335
338.361,81.1742,21.4861,65.917
339.4737,80.9386,21.3297,66.158
340.6114,83.4048,21.9004,66.581
341.8667,81.2628,22.579,66.522
342.2248,77.1453,21.8936,67.9152
343.0437,71.2459,21.3867,70.5111
343.5853,70.0016,21.6869,73.8658
349.0062,66.2635,22.361,74.7886
347.9024,61.4728,24.0332,73.7304
346.9314,59.9449,25.9326,69.6129
350.5487,63.3121,27.6196,68.8809
349.7764,66.6969,28.1228,69.3674
348.6459,67.6296,28.594,70.6714
346.4594,67.5497,29.524,69.8051
339.8807,66.5982,29.3442,68.6298
333.5199,65.6812,29.2343,68.5454
328.1094,65.8078,28.9493,68.6275
326.9049,63.9761,29.3869,68.1182
319.6828,66.3258,30.0978,67.9514
313.585,66.2816,30.1933,67.9068
306.5144,65.8091,29.5207,66.826
2
0
0
0
0
1
336.5191,102.3784,23.6252,69.8498
337.5996,99.2214,25.5984,69.6356
338.4001,99.366,27.8694,69.7228
341.2133,99.9999,28.9196,69.619
343.0535,100.3489,29.1288,70.067
343.5447,101.3035,29.1025,70.0233
345.4998,102.8645,28.208,72.8326
348.8314,99.4459,26.6501,74.4981
349.4586,98.6662,26.8014,73.6191
348.1125,99.3809,29.7425,71.8776
349.8028,99.0023,30.7883,69.9851
352.2149,101.668,30.2129,69.0142
353.0614,102.705,29.2185,69.8717
351.5267,103.9475,27.8867,71.0776
352.3204,102.5428,26.9696,71.0699
350.7673,101.4994,28.1542,69.2226
347.1157,101.8199,30.3449,67.7871
347.0375,102.9913,30.8308,66.7791
348.1461,101.5878,29.9681,67.1725
348.3361,105.4876,29.749,67.2162
351.6497,105.3272,27.8597,68.5916
354.6275,104.8192,27.6925,69.4426
354.5959,104.6434,28.8562,68.6579
354.3933,104.2424,30.1764,67.1044
360.7173,104.654,30.0221,65.4966
362.8343,105.2483,29.5016,65.4935
364.6046,107.7192,29.03,65.2581
366.9066,106.594,27.405,65.7718
369.542,106.3048,26.6804,64.7001
370.5975,107.6826,28.3161,63.2804
370.2351,107.7297,29.5163,61.9669
370.6029,107.9246,29.5713,62.5736
369.6246,109.0493,29.7116,62.9024
367.4455,110.2961,29.0473,64.0717
366.9975,108.0557,27.2803,65.1262
367.8617,106.6564,26.7305,65.0055
366.8237,104.7321,27.7919,63.9166
365.9889,103.7307,28.7501,62.4535
367.0574,105.4371,28.7222,62.3185
367.7676,104.4356,29.2525,62.0513
367.1099,104.9645,29.063,61.9617
364.3899,106.4668,26.9471,64.8266
362.9401,104.3023,25.9434,64.1809
360.9261,102.7939,26.0711,63.0455
358.3822,102.8519,27.1413,63.1046
356.9494,102.2026,27.8112,63.218
354.5629,100.9749,27.713,64.3201
352.593,100.395,26.6538,65.7413
350.2399,100.123,24.9712,67.9146
348.9401,99.6912,24.21,68.5257
347.6022,98.2176,24.3796,69.0127
347.2082,96.6541,25.3964,67.9249
346.9407,98.1527,26.8764,66.5882
346.6786,99.2231,28.2127,65.3104
349.2,100.9558,27.776,65.0075
349.5495,102.0578,27.2013,66.2478
351.6038,104.8415,25.1447,68.758
353.4105,104.4065,24.251,68.7276
354.4415,104.6648,24.1974,67.2308
354.3708,107.3059,26.1814,65.7672
355.9911,107.14,26.7218,64.1456
358.0404,107.8823,26.6586,62.8012
359.4475,109.1527,27.1788,61.8599
361.3332,112.3371,25.9032,64.3521
362.5635,112.0989,24.9315,66.0594
362.7737,110.9614,25.1749,66.2985
361.9797,109.5176,26.0577,65.5071
361.8966,109.7597,27.2657,65.2809
363.3617,108.5019,27.416,64.2392
364.1316,111.411,27.5425,62.7708
366.6365,116.5108,27.2616,62.9771
369.5162,114.1238,26.3305,65.7445
373.1084,113.4538,26.2211,65.9308
378.9656,110.3687,26.2897,65.9299
383.9557,110.0665,29.5354,62.8569
391.205,109.1754,29.1519,62.3985
