1
315.0775,543.3224,16.8677,54.1177
309.7411,531.9598,17.5129,53.7838
307.7363,536.2573,18.0131,54.3911
320.7588,531.1557,20.4603,51.9389
318.7715,523.4275,20.92,52.4704
292.5955,500.5843,20.895,52.2145
291.253,481.4077,22.1915,50.2484
286.7605,462.6581,21.828,49.9049
292.0042,453.1356,22.0897,48.5587
302.5913,446.9456,22.0828,48.0668
319.3464,444.754,22.9034,47.2372
333.2497,440.3987,22.8024,46.6235
336.6007,438.9225,21.7786,47.5416
342.4549,430.5791,21.5748,46.9241
353.6134,433.3296,21.9936,46.1138
372.994,439.7118,24.1059,43.6598
388.9573,443.8129,25.1803,42.8329
390.3664,430.5952,24.1156,44.1481
373.8938,416.7661,23.3092,44.6988
373.4478,407.368,22.2863,45.7946
373.6093,401.5686,21.3922,47.5958
373.4529,390.7707,20.8482,48.1155
367.9852,382.9759,20.3572,47.5259
354.4984,379.3429,20.8019,47.3654
349.2089,370.2153,21.1999,47.2133
348.8658,357.0938,20.8799,46.7497
348.3302,336.7718,20.9609,46.272
348.02,325.2132,20.7799,45.8142
368.4756,304.1484,20.5042,46.2355
372.7682,287.3579,19.4969,49.1149
373.3498,263.9738,19.1944,49.3446
389.3,245.2148,20.2963,47.281
400.5423,241.0272,21.0253,46.7598
412.6931,256.5689,21.0344,47.6029
433.6007,272.6349,22.3172,45.8238
447.1528,284.5265,21.3328,48.2949
456.2229,295.3448,20.7618,50.9261
458.915,300.704,21.195,52.4996
443.7112,313.9168,21.889,53.4698
440.2033,311.2544,21.99,54.3594
429.6634,317.7184,23.0178,54.1747
404.6574,324.9691,24.1745,54.8237
377.8246,324.7271,24.3452,56.0309
348.06,316.4781,29.1693,52.157
312.0079,314.3914,34.0509,48.5976
290.1254,311.7445,33.2006,50.0437
288.3282,302.1454,33.2286,50.4776
271.7775,300.0208,32.8016,51.422
260.8753,287.0432,30.6157,53.9142
248.3872,274.4055,29.2987,56.3194
246.7849,266.3805,28.6263,57.9376
259.7081,268.6309,28.6681,57.3765
286.9545,287.6154,29.5613,56.0847
314.8941,309.9305,29.5509,56.0789
334.3301,324.1372,27.7958,59.7704
332.8201,324.6056,25.7938,63.6091
335.9329,321.2611,25.4261,63.0355
343.7096,333.1321,25.2674,65.3696
348.6878,346.1776,25.1269,67.2028
349.5069,364.8532,23.7932,69.0514
344.0595,378.1613,23.3948,69.7415
329.2352,387.1792,24.2819,69.0467
304.886,373.7906,25.3679,68.7437
294.195,352.2163,24.9975,68.0175
293.6662,347.4734,24.8063,69.1955
297.5795,346.189,24.2912,69.4481
295.7685,351.3247,23.5018,71.2538
296.1687,348.1601,23.1649,71.47
299.1169,346.1253,22.8588,71.1581
298.8617,334.1313,22.8824,72.6183
289.92,340.4557,23.0586,72.8441
292.103,347.5516,24.185,73.0311
311.7706,347.6158,23.1838,74.5201
303.9002,347.7888,23.4546,74.1243
289.8029,334.2665,23.7434,74.3457
288.6657,330.2073,23.4051,75.414
291.8989,339.8599,23.5088,74.6353
302.0528,341.5211,23.1035,74.7643
302.4727,350.6161,22.9105,75.1921
306.5497,349.385,23.2982,74.7915
315.9267,355.7371,22.8089,75.4842
322.7648,367.7644,22.8004,76.2071
337.2886,366.214,22.5872,76.0917
341.09,364.5205,22.1451,75.5198
342.4159,349.5078,21.6056,75.0255
349.3488,342.011,22.493,74.1278
374.6043,342.4431,24.7129,72.5303
395.8251,336.1951,24.2474,72.9957
399.0491,325.1414,24.1486,72.5721
395.9545,323.0867,23.6345,72.6517
396.4977,319.991,23.8082,72.54
410.6342,307.1577,23.699,71.9762
413.2659,313.4171,23.6904,72.9018
438.1418,312.9314,25.0839,72.6581
458.7586,315.122,25.1374,74.1775
467.7873,324.9074,24.2449,75.3434
476.7959,322.0812,23.3612,75.1824
479.3336,312.6319,22.9552,74.9163
482.5024,310.759,22.7272,74.5306
496.1364,305.3753,23.0648,74.2231
514.6433,289.5387,23.3927,73.5802
528.9365,284.9495,22.914,73.1851
543.6993,277.1464,23.4141,71.0577
558.3984,267.1964,23.1797,71.0712
566.9998,257.7353,23.2015,70.2551
579.3146,241.1033,22.4418,71.9489
586.2005,224.6908,22.6641,71.2454
593.7054,216.0564,22.2835,71.8429
603.2161,212.2214,22.2908,72.2485
611.3566,212.6036,21.8805,73.1266
603.756,206.2721,22.4346,72.8268
584.737,200.3332,22.095,72.4429
580.6998,204.2401,21.9284,72.7843
568.1555,197.6672,22.2956,72.9825
539.5371,182.8349,23.295,72.4284
519.731,172.3175,23.9466,71.9625
511.9373,161.2103,23.5191,72.4354
498.3415,145.2184,24.5662,71.0426
477.8348,163.2982,30.3353,64.6293
455.4595,162.0505,29.9708,65.6553
455.9879,166.8253,26.9856,70.9117
468.1901,179.5729,26.7376,73.0261
487.5813,186.9255,26.6844,73.4564
496.1418,192.7269,25.1832,74.716
494.6613,190.5585,25.273,74.8834
504.1309,184.2243,24.7198,75.6163
523.3081,175.4267,23.9738,76.5352
542.7467,173.6471,24.6654,75.989
