1
513.5207,201.4677,56.4516,34.6746
505.438,200.7401,57.2361,34.8934
494.7791,200.5089,53.9073,35.7595
483.9393,201.6764,52.3607,35.8443
479.9421,201.7013,52.3491,35.4559
466.1123,201.1443,51.9232,35.1609
445.7587,197.3496,48.6423,37.9964
438.9813,197.0065,47.1838,37.7292
427.3717,193.967,44.3963,39.9104
418.8602,190.936,42.4928,42.8532
414.1465,189.1086,41.6097,45.4469
400.3147,182.9453,41.3042,46.8729
385.5569,178.0183,41.8346,48.2096
378.2101,177.0585,42.448,48.8667
364.3819,174.6043,43.3491,48.4472
353.4628,175.1525,43.7457,48.4846
347.5783,174.5133,43.7032,47.7118
340.0295,173.3593,44.689,47.4346
325.9186,170.1008,45.753,46.5807
316.8312,168.3045,49.2506,43.8218
307.0206,166.1889,48.0272,45.5694
290.1889,159.6944,46.2677,46.7731
277.2888,158.0801,46.2743,46.4583
270.1356,158.4793,46.2162,45.7791
265.1747,159.4303,46.4207,45.3312
259.6563,159.9241,46.8527,45.6015
251.7467,155.2297,49.4841,42.9186
228.3138,160.4082,47.6045,43.9347
228.8413,165.0355,46.673,44.6094
226.5941,155.7533,49.2922,40.7599
227.8542,143.2863,47.2147,43.1821
231.4225,136.6473,46.7435,43.6418
2
0
0
0
0
1
162.8899,162.3422,37.2112,44.297
170.1778,168.9048,37.4979,43.7956
170.1746,170.2385,37.3882,43.4833
174.7439,172.4183,37.3716,42.901
179.0688,174.6328,37.2329,42.5966
179.7968,176.8636,37.5883,41.4202
185.6775,182.7063,37.2806,40.8142
2
0
0
0
0
1
158.1826,176.4509,34.782,38.5918
160.2739,176.3588,34.4925,38.7619
163.755,176.3138,34.176,39.5526
166.5258,178.6262,34.4348,39.5385
167.1033,178.2216,34.9823,40.1965
169.2457,177.1915,36.0392,40.4941
170.5862,176.8066,36.2185,40.9882
170.7639,176.7034,36.5381,40.8961
172.2493,176.2393,36.9687,40.6012
176.6714,177.3667,36.9973,40.6764
177.6275,178.9122,36.2812,41.2831
178.8387,185.0266,35.8924,40.5592
183.2147,185.2471,36.5558,40.5044
183.0412,184.9668,36.9211,40.6781
185.6548,183.716,36.261,42.0907
189.1797,183.7881,35.2614,42.5387
192.3934,184.0509,34.5282,43.5273
196.9381,185.5455,34.2455,44.097
201.1537,190.8117,33.3952,44.8274
201.234,194.6877,33.4201,45.0614
205.0498,195.9482,33.7405,45.0548
195.0451,219.6919,34.316,43.9696
195.1725,222.009,34.8781,43.5136
199.6949,224.8819,35.4242,43.5257
204.3503,226.2003,35.4898,44.2455
205.4474,227.5995,35.3142,44.6471
222.2726,212.0181,36.512,45.2062
225.4473,211.527,38.1598,46.0625
226.2882,212.794,39.1963,46.959
228.5085,218.0141,41.6501,45.8206
233.5947,222.332,44.1839,45.1558
236.4693,223.9793,45.83,45.6852
241.873,226.3848,47.1699,45.3623
246.8875,230.5514,47.7687,45.4403
246.6542,229.4162,47.7214,45.8798
248.4301,228.3932,48.7567,46.1091
254.3543,232.2556,48.9452,46.5363
259.3709,238.1355,49.5686,47.1574
269.1474,243.3636,49.5951,47.9237
272.9408,243.6963,48.7676,48.8104
278.8033,249.0146,48.1565,49.2495
286.1682,254.4452,47.3312,49.5963
250.2496,266.3417,46.6631,49.6132
254.873,266.6871,46.1766,49.6987
266.626,272.5882,45.748,50.0629
271.0358,273.2308,45.2546,49.9176
2
0
0
0
0
1
260.6649,269.2111,57.1056,35.9135
260.7943,271.2285,57.0865,35.0823
264.6837,272.4237,52.7414,38.3968
267.7349,274.3913,50.0682,40.2789
269.4629,275.7296,48.2625,41.454
271.9686,276.6698,48.1499,41.7092
272.8348,280.5003,47.0767,42.3009
273.1803,281.3922,46.1014,43.0642
273.2962,286.916,45.7662,43.045
270.0508,286.3871,44.8942,43.3652
287.3831,296.9348,47.8372,41.2995
282.0146,299.9597,46.5841,41.8385
278.3977,294.3083,46.8923,42.0207
277.061,295.2022,47.7212,41.7084
273.9723,295.272,48.8847,41.9553
271.7345,295.61,49.72,42.4687
270.1838,295.3993,50.218,43.1987
268.2919,295.2131,50.7521,44.0625
264.7558,296.4984,50.9175,44.6066
264.0279,298.0364,50.5613,44.3242
261.8056,299.4298,48.7266,44.632
258.7078,299.5285,46.1381,44.9614
260.2006,300.9909,44.672,45.2636
261.1352,305.689,43.9085,44.7446
259.6733,307.1871,44.0677,44.2884
257.2948,308.1048,44.3862,44.2948
256.2482,310.0464,45.6546,44.5405
253.5031,312.4827,47.9652,43.129
251.6562,314.893,51.9777,41.003
251.4361,316.2027,55.0719,39.2148
250.67,320.9111,58.1238,38.475
249.1234,324.8354,59.6736,38.1695
248.9028,329.5888,60.9375,38.7666
245.6136,334.9322,62.6386,39.0328
244.2007,336.8454,63.8186,39.6254
240.5352,341.3529,61.3959,40.4019
239.1056,345.1119,60.5444,41.0809
236.9693,345.9887,59.5464,40.9193
263.2378,347.4372,60.7854,40.2289
275.2279,347.3828,61.339,40.2451
280.6302,348.263,60.9851,40.2008
287.3215,347.0935,56.6664,43.9804
2
0
0
0
0
1
235.3979,341.0321,45.8908,43.6557
235.4022,339.5389,45.762,45.5503
236.5183,339.6443,45.6084,46.7956
237.0175,339.3864,46.8848,47.7149
237.772,338.1322,47.9653,48.6319
238.4168,337.4573,49.5215,49.2995
