1
389.3049,476.5251,60.7838,69.3804
395.2763,469.1314,62.5667,70.4419
402.4326,462.8518,64.2999,70.9668
404.2888,460.8134,66.7119,70.9608
397.9375,460.9762,69.0172,70.6352
388.4697,462.2011,71.068,70.2958
379.2988,467.8179,72.3113,69.7489
367.9078,475.9986,73.613,68.4237
362.248,488.7449,72.0501,68.696
374.8521,504.9992,70.2408,70.2223
394.9814,507.7019,68.2003,71.1865
423.0502,498.0241,68.937,71.584
460.3741,479.8133,72.8884,67.6437
521.3919,465.3659,76.1312,64.688
588.7854,452.6634,79.5172,62.4585
655.6084,443.2496,82.9005,59.8754
721.861,427.9629,85.824,58.2037
787.2844,413.4937,87.0832,56.8228
853.1438,397.8532,87.2024,55.6844
917.1812,383.537,87.7592,54.3029
975.4595,376.6747,88.2827,53.1264
1034.3797,370.7805,86.8479,52.2161
1091.9141,362.8705,86.1649,51.3981
1146.5173,354.8321,85.9109,51.0293
1196.666,346.3265,85.8506,49.6294
1249.7424,334.729,84.7797,48.5748
1296.362,327.4764,84.9269,47.1845
1342.788,319.7275,84.4371,46.9612
1385.0892,311.5779,83.862,45.6731
1422.9723,303.5221,83.1093,44.4741
1460.1037,296.4581,82.6199,43.469
1494.5337,284.7684,80.9717,44.4444
1492.948,291.5098,82.2832,43.9807
1490.9387,293.6931,80.6886,43.356
1514.614,293.8297,77.4223,43.0828
1532.6184,294.1002,75.3158,42.5418
1548.002,300.4807,74.1985,41.9896
1562.3555,320.0151,72.9826,42.4392
1574.8914,329.6044,71.8239,45.4657
1587.8734,331.8093,70.2564,49.769
1595.7017,328.8988,68.9327,53.7984
1597.682,320.9091,68.6484,56.9098
1598.7186,313.4426,66.5753,58.6489
1599.6388,306.6588,64.7349,59.0477
1600.0066,299.2183,63.9993,59.0545
1598.9662,292.1242,64.2321,58.4584
1599.0545,285.1767,64.0554,57.6168
1598.5807,279.5326,65.0029,56.1246
1597.2702,273.665,67.624,53.3295
1593.4873,268.2194,71.5685,49.735
1594.3522,256.9525,77.0812,45.1087
1593.3002,251.774,79.1852,42.7664
1594.4834,248.6516,80.4281,41.7926
1584.0254,245.7085,77.8686,44.0671
1585.3019,236.8481,75.3156,45.5173
1580.726,231.2646,71.9014,47.7083
1576.8501,226.0435,68.9631,49.2423
1571.954,219.8391,66.4115,51.0707
1568.7539,217.4312,65.7909,52.3762
1563.9861,211.0546,64.7231,52.7586
1564.4082,207.4221,62.1217,52.9947
1561.7476,201.6268,60.5574,52.5357
1560.4453,200.6238,59.7822,51.1619
1554.3043,199.0928,60.4737,49.2566
1551.9412,200.3926,60.2943,48.2923
1536.1456,206.7368,59.5498,50.1548
1531.3746,211.7583,59.2766,51.5628
1517.5927,213.0779,60.3684,50.5781
1498.0945,212.111,61.294,50.8568
1456.9701,205.4748,61.5207,52.4117
1403.096,217.0509,62.0002,54.7996
1346.9779,229.8036,64.0676,55.5249
1289.5271,242.0649,66.0603,56.0931
1233.8537,251.9623,67.4888,56.4501
1182.1555,262.8038,68.6052,57.0827
1134.8994,274.7819,70.6545,57.6575
1082.8994,283.2269,72.4891,58.1163
1036.5808,295.7851,74.8239,58.5201
987.6566,306.466,76.4224,59.2155
935.6455,321.3165,78.4006,60.1279
890.2252,334.2057,79.5489,61.4657
841.8563,349.5246,80.6493,62.7071
794.7437,364.0874,81.8934,63.8543
745.5257,381.2298,83.5264,64.7706
699.193,399.6353,84.3561,66.0378
654.5837,417.2755,84.9168,67.1298
610.4473,436.0565,85.8015,68.6627
565.4764,454.4749,86.8907,69.2374
521.7768,475.3581,86.8142,70.0268
475.1374,496.2929,87.4316,70.9239
438.7336,516.0869,85.8398,72.1357
428.6853,515.4004,86.7737,71.1133
417.1006,517.8548,86.0129,73.3836
411.3713,521.4482,82.9621,75.8697
411.389,530.0612,80.5156,77.9336
408.8909,542.5119,78.2933,79.4999
408.598,551.2159,74.0865,81.2619
410.0076,558.8704,68.9097,82.4564
410.2358,558.1435,63.8658,83.9102
402.6694,557.4249,58.8854,85.3474
394.2015,555.9075,56.2433,86.2069
387.0739,555.8306,55.486,86.3608
388.7339,554.8067,54.3004,86.2742
397.4428,547.6893,53.7895,85.7154
405.4147,545.4623,54.6172,83.88
412.4416,541.2007,57.2245,81.99
419.3425,535.5322,60.1995,78.6472
422.5044,531.2162,62.2544,74.7113
428.0243,532.5264,63.6176,72.0908
425.6078,534.1782,64.3542,70.8355
423.4484,536.1851,64.5924,68.862
422.5953,537.1959,66.2987,66.8403
419.0795,538.0986,67.3066,65.035
414.3017,537.5991,68.8823,64.039
413.4563,537.3353,70.5731,62.5629
413.3195,535.652,70.8466,61.9177
415.191,530.8356,69.1035,63.5513
416.7284,530.3117,66.0286,64.5992
417.4032,529.5416,64.679,64.1713
414.6311,525.9619,64.4024,63.5697
412.9051,525.2404,64.0016,63.0863
416.0716,522.6479,63.4059,62.5339
409.3615,519.7946,63.5655,60.6631
411.1597,519.0362,61.8363,60.3128
419.2083,517.1704,60.4155,60.3754
430.1546,516.861,60.2836,60.994
436.2408,510.8513,60.8592,60.2655
437.3249,503.7408,60.5094,59.9379
474.0958,485.449,61.0918,60.3634
498.3233,457.4211,63.702,59.8828
561.5692,436.8079,67.1793,58.405
2
0
0
0
0
1
1079.74,365.183,88.5973,47.84
1148.4588,357.411,91.2462,47.1423
1212.4813,350.7295,90.7211,46.1079
1272.2498,342.9308,91.017,45.4568
1334.7372,331.0265,91.5277,44.9777
1397.5668,323.532,89.2692,43.783
1451.9402,311.0676,88.8278,43.1124
1505.4929,303.5221,89.0263,42.5955
1560.3311,295.1733,88.2555,41.7905
1589.1864,290.0012,88.1256,40.6185
1596.5139,289.129,84.8509,42.3629
1597.4541,280.5396,81.0902,44.5007
1603.0753,280.4994,81.0232,42.7186
1605.2157,274.2314,82.2342,40.6096
1605.0617,268.6933,84.3538,37.1952
1600.4368,270.8592,84.6968,34.6447
1596.1039,274.5643,84.661,32.4554
1588.3826,277.0295,83.1041,30.9249
1583.0619,281.0374,82.1975,29.5081
1578.5689,277.1041,81.519,29.321
1575.0449,270.2354,80.5784,28.6793
1575.1614,276.1054,81.9181,27.9466
1572.6472,277.5243,82.2129,28.2644
1550.8598,269.978,78.1514,30.6539
1548.3573,266.0709,75.2844,32.1708
1547.2794,262.7094,72.7574,34.211
1544.6276,260.7293,70.2555,36.6101
1545.583,254.0231,68.3447,37.4851
1543.5986,241.344,67.6497,39.5249
1543.512,233.7414,67.8232,42.0934
1546.4391,227.2717,66.8473,45.2762
1546.7783,226.328,66.1686,48.8291
1546.8588,230.291,66.0079,51.19
1545.2973,233.4242,65.6287,51.928
1536.3403,240.2378,65.9682,50.6027
1524.6336,247.8421,66.7516,49.3204
1514.052,259.3725,65.4061,52.2309
1504.1367,264.533,65.8877,52.464
1491.5252,275.5638,68.0987,51.6442
1466.7235,276.9326,71.1572,50.6968
1416.5813,282.7804,73.1318,51.7451
1361.0324,296.1157,74.0382,53.0894
1309.2553,309.4086,74.7955,53.1546
1260.1572,317.8233,75.2702,53.5702
1209.5731,328.4653,76.0705,53.5179
1163.5497,338.922,76.8764,53.9586
1116.8712,347.9123,78.079,53.6247
1069.9498,357.9006,79.1826,53.3798
1023.79,370.5488,80.1658,53.8958
977.303,378.8416,80.7299,53.3817
929.6799,387.7208,81.5673,53.7015
889.1981,400.0937,81.4686,53.2743
843.7252,408.4451,81.6092,52.7147
803.2581,417.2857,82.1213,53.1284
757.7182,427.2883,84.0946,53.3748
716.3401,436.7607,84.505,52.9577
674.0231,446.9196,84.7745,53.2166
634.0418,455.479,86.2269,52.6262
595.511,463.8132,86.4192,52.5783
557.8893,470.646,86.7977,53.4698
518.4192,479.2728,88.0253,53.0189
483.5438,488.0708,88.1188,52.3095
448.8557,496.3482,88.1915,52.5554
415.8551,503.0177,88.9261,51.8487
384.0333,504.5905,89.4459,50.8072
351.9295,506.4315,90.8364,51.3131
321.1857,508.7275,92.879,50.9671
303.8875,506.3952,93.123,53.4847
303.5223,501.8854,91.6593,55.9224
293.5992,497.8512,91.5796,57.349
283.2905,497.6868,94.3009,57.6777
272.4074,497.5291,95.5207,57.9931
269.0874,497.0876,95.2415,58.8761
265.3084,499.4786,93.5308,61.0456
264.6746,506.0797,90.1416,64.1426
262.5442,512.0873,87.414,66.1041
238.0429,512.3656,85.36,65.5475
244.826,513.3926,85.4767,63.4934
253.6882,513.0955,85.7393,61.8393
291.4443,533.9255,79.2017,66.904
292.5979,543.8184,74.6857,71.4143
291.6096,557.5392,72.2391,72.7224
291.5036,564.1386,72.4512,70.4943
293.9257,573.4788,71.9311,69.1105
316.4155,589.7952,71.7221,70.5885
333.2607,590.3187,72.4666,69.5414
344.233,583.923,74.1404,69.4501
368.4508,561.2977,75.6536,64.7518
421.8029,546.4197,81.2798,60.5966
493.3189,538.4254,85.7117,57.3509
565.6712,530.9381,89.3365,55.1281
636.9011,523.728,92.0058,54.3854
707.1062,516.4991,94.1354,53.4928
780.3867,514.8699,95.5769,52.3332
850.2351,507.6269,95.1209,51.348
919.5216,503.6574,94.2943,50.5411
986.8017,503.015,93.6775,49.6657
1051.5252,500.0439,92.4006,49.1993
1114.3311,498.4211,91.2445,48.2262
1174.7455,497.943,90.8019,47.1066
1236.3624,489.8836,90.5488,46.828
1292.8474,488.9943,89.8411,46.5655
1348.1146,486.3631,88.7238,45.7492
1403.277,485.8199,88.1634,44.8398
1455.1756,480.0674,86.893,44.5149
1503.492,479.4975,85.6878,43.7072
1548.9437,476.7274,84.8286,41.5839
1554.0507,484.2028,83.9451,39.6958
1558.7042,486.6282,80.0981,40.3048
1557.8516,467.4793,80.0283,39.5533
