1
446.748,345.6285,42.0467,38.7434
444.8411,345.6271,43.7869,37.1781
443.3671,344.9641,44.4852,35.7042
442.3386,345.7203,45.0016,35.194
441.6635,345.2364,45.6232,34.7519
441.2761,345.4766,45.9953,34.6552
441.272,344.996,46.4663,34.8278
440.3547,344.8426,46.6738,35.0404
438.8572,345.2434,47.3309,35.1056
437.2298,344.5916,48.0042,35.2399
434.9053,343.0414,48.4545,35.3255
434.6902,343.4272,48.7763,35.4144
433.3523,344.4428,48.8646,35.2153
430.2529,341.8788,49.3736,34.9797
428.1432,337.621,49.39,33.8373
424.0211,339.0788,47.4438,33.8265
411.7871,340.8059,50.817,31.6763
407.9608,342.1938,53.0483,30.945
414.8621,332.299,49.9647,33.2791
423.2852,335.4159,48.546,33.8501
419.801,337.7914,49.9995,34.1548
417.4377,336.686,50.796,34.5353
414.8108,336.3366,51.9969,34.882
413.8408,335.5481,52.3735,35.0694
413.9709,334.7875,52.6391,35.3472
413.667,333.5116,52.4352,35.6694
416.541,332.132,53.1169,35.7012
419.8267,329.7666,53.523,35.5042
423.4561,328.3327,53.9421,35.8007
422.7646,327.0169,54.2019,36.1033
426.4023,327.5596,54.1474,36.3844
430.6506,326.4784,54.6741,36.6339
434.9607,325.6447,54.8093,37.2027
437.6054,324.4937,54.7633,37.7423
440.3102,323.2597,54.3816,38.1926
440.2561,323.0392,54.3505,38.6006
443.3146,322.5705,55.2171,38.8861
446.0876,321.4695,55.4209,39.1281
443.5013,321.6433,53.5038,38.1624
429.0311,305.1501,54.5846,37.2521
411.3869,305.4705,54.939,37.0766
404.6244,298.1391,54.6677,37.3311
451.1186,308.6267,55.197,36.5005
453.3876,312.6274,57.9511,36.0188
460.801,313.8749,57.6657,36.606
463.9551,310.783,57.5535,37.5877
466.7814,307.7253,57.6313,38.1103
466.6296,307.5925,58.3195,38.8246
469.7581,303.5207,57.4305,39.3836
472.3151,299.4253,57.1473,40.0625
474.1478,295.2779,57.0376,40.7581
474.2526,290.5865,57.56,41.5439
475.9395,285.6617,57.003,42.0735
474.6231,285.431,57.4065,42.0885
475.3908,280.7393,57.6131,42.4149
473.7095,275.6611,58.0016,42.6353
470.1923,270.0743,57.9417,42.8927
468.1348,265.5487,58.2536,43.2727
467.3759,260.3348,58.6129,43.8794
466.4692,259.9602,58.8082,43.8816
465.6779,255.5777,58.9222,44.3932
466.0772,251.7373,59.6142,44.6862
468.6733,247.4092,59.2803,44.6016
469.7361,243.3682,59.3233,45.0584
469.3135,239.361,59.5682,45.3813
469.9534,239.2057,59.8269,44.8254
467.5871,236.033,59.984,44.5127
465.2002,233.2351,60.1999,44.8747
461.1301,230.4918,59.6643,44.5869
460.0618,228.4917,61.4979,44.7809
456.9698,225.8285,61.3432,45.4677
455.543,225.1706,61.645,46.0867
455.1031,222.8871,61.5149,46.9536
455.0244,221.5044,61.158,46.9429
457.0336,221.9914,61.1545,46.5455
460.3322,222.0555,61.8623,46.576
467.3419,223.1168,62.7622,45.9909
468.6101,222.1687,62.398,46.2711
477.2419,223.7062,62.5001,45.8768
488.4084,226.192,62.2552,45.3243
503.8002,228.4496,62.1294,45.2793
519.7485,232.0582,61.6669,45.1297
534.9775,235.555,61.6402,45.0279
536.5444,237.3132,62.0904,45.7243
546.4299,240.4955,61.4939,45.3761
552.4566,244.8818,62.5828,45.195
559.4823,250.0137,62.9806,45.6089
561.8814,255.6174,63.0206,46.0835
565.197,262.0591,63.2698,46.7316
566.201,264.9219,63.2171,47.1542
571.3632,269.8823,63.6259,47.4852
580.208,275.2224,63.5487,47.1011
588.4113,280.767,63.3062,47.2867
593.3535,286.8275,64.5344,46.9469
600.6596,292.656,64.5218,47.5788
602.067,295.8195,64.4347,48.5381
605.2722,300.7795,64.5756,48.9283
610.987,305.761,65.1042,49.2394
614.662,310.1294,65.4901,49.1374
618.3209,313.0163,65.2547,49.7169
618.3487,310.8772,57.2371,54.7126
620.0905,308.4709,51.7122,58.1055
626.7723,302.8636,51.718,58.1042
627.5424,274.8687,51.5552,57.5029
634.4984,307.8394,52.2487,56.8339
635.2028,315.721,54.214,57.3194
634.6804,319.4901,56.6917,56.4222
634.2114,320.0877,58.1056,55.5912
633.7124,320.8722,59.3947,55.623
634.4912,321.1389,59.9896,55.4182
634.9358,321.4903,60.552,55.4638
635.5604,321.425,60.7362,54.9276
637.1843,322.9402,60.8558,54.6582
637.8551,322.6441,60.6661,54.571
640.1366,321.5147,60.2221,54.6252
641.4555,322.8069,60.4862,54.1865
641.2773,322.2241,60.4236,54.6623
639.4343,321.4943,60.6201,54.2065
636.0025,319.2808,60.4387,53.5374
635.3474,319.6667,60.703,53.1718
632.6393,316.8229,59.2128,51.5741
632.8936,315.2198,57.9911,50.6117
629.0537,319.1256,58.8938,51.3988
627.322,320.6717,59.4198,51.8394
625.0933,320.8014,59.2862,51.5094
624.9401,320.313,58.7634,51.2657
617.1749,309.1139,55.9581,51.7799
622.8258,311.3458,55.0889,52.5825
619.8497,315.1484,57.8469,50.908
619.3491,319.1848,58.6045,50.8118
617.6583,320.9976,59.0965,50.7955
616.9672,320.7352,59.0826,51.2614
617.9457,322.6467,58.9535,50.8695
616.788,323.3897,59.4979,51.089
615.5863,322.7871,59.5027,51.4063
612.1254,322.4969,59.6696,51.6362
608.6777,323.3248,59.5812,51.4948
608.7551,324.0282,59.2468,51.3019
605.8673,323.1478,59.5798,51.2262
600.2854,322.9886,60.0687,51.3594
596.267,322.2376,59.5246,51.5361
591.4948,322.9226,59.0998,51.7614
586.9281,322.7819,59.2999,51.613
585.6058,322.6479,59.5286,51.3756
582.256,322.4979,59.1309,51.0963
578.2631,323.4347,59.0841,50.8172
575.4428,323.8569,59.1302,50.5873
572.548,322.4446,58.7829,50.494
568.4636,321.8759,58.6277,50.6324
567.3903,321.6635,58.7743,50.7791
566.3245,321.3304,58.3232,50.0836
564.5243,322.4771,58.2297,49.9155
563.1969,321.9312,57.862,49.7612
559.7288,322.3589,58.0747,49.6948
557.8872,321.6849,58.0703,49.4852
557.4829,321.6685,57.8637,49.7395
554.3521,321.6001,58.3106,49.493
549.786,320.5889,58.0949,49.2442
545.5719,320.0641,58.095,49.4721
542.4599,318.1403,58.4609,49.3457
538.182,317.7781,58.6213,49.4827
537.6701,317.0728,58.2683,49.6871
535.547,316.6579,58.1588,49.3586
532.5988,315.9752,58.1848,49.0172
528.361,313.9866,57.4112,49.2762
524.8126,312.283,56.987,49.076
519.8032,309.79,56.2938,49.1605
518.6027,309.4628,56.4781,49.1389
514.5192,307.2209,55.9199,49.4085
509.5883,304.8366,55.4812,49.403
502.8339,302.931,55.7911,49.098
496.2299,300.1866,55.6776,48.7066
489.7412,297.2969,55.4233,48.6299
487.1256,294.5634,55.3604,49.0847
481.2227,291.8188,54.9454,49.1008
474.9165,289.2119,54.9311,48.6666
468.8231,286.2208,54.4514,48.5678
462.0285,282.8904,53.7154,48.6733
454.9352,279.776,53.2344,48.7074
451.8319,276.4133,52.8264,49.1843
444.7376,274.3242,52.6861,49.0002
437.8403,271.6111,52.3637,48.6644
428.2813,266.8384,51.7092,48.3847
420.8514,263.8426,51.3961,48.1861
412.7396,261.373,51.5288,48.2521
409.1204,258.4747,51.659,48.7942
401.7092,257.1859,51.7948,48.8381
393.7968,256.2323,51.5255,48.9762
386.2999,255.4747,50.917,48.9125
378.964,255.6997,50.4539,49.155
371.6727,255.6314,50.583,49.3523
365.4455,255.9789,50.0389,49.5928
363.8584,256.0062,49.5291,49.9524
358.0133,256.0566,49.23,50.0068
352.7181,257.8182,49.1598,50.3017
347.5733,260.367,49.5291,50.0166
344.4341,263.4373,48.8872,50.3254
342.1654,267.7581,47.8788,50.8079
342.3868,268.7393,47.8927,50.7332
341.2292,274.2105,46.9456,51.7251
340.7892,280.2511,46.5055,51.4425
340.461,286.6467,45.8608,52.4
341.476,293.3589,45.9619,52.1027
341.284,300.7056,45.7419,52.5999
341.3977,304.0172,45.9386,51.8013
342.5737,309.4226,45.326,51.7112
344.0524,315.1143,45.4275,51.5326
344.2987,321.308,45.3625,51.4508
347.0674,326.6983,45.6839,51.6669
349.3995,331.955,45.9471,51.8439
349.7912,332.6274,45.6907,52.0754
352.2513,336.797,46.0396,51.6096
354.9072,340.4874,46.1354,51.7736
355.1132,344.1568,47.7016,51.2053
358.7946,346.7674,47.5683,51.2597
360.9173,347.5015,46.9958,51.4567
361.7604,347.5773,46.4521,51.7346
363.068,348.143,46.0978,51.7785
365.8817,348.6764,45.8987,51.6391
367.5707,347.1003,45.7939,51.6994
368.3009,347.1342,45.5157,51.4872
369.6096,347.5615,45.2022,51.2456
369.7194,347.0845,45.0054,51.3946
370.3979,345.7139,44.8017,51.4812
370.2769,345.8915,45.0288,51.2049
371.5911,344.7848,44.7594,51.0965
372.5375,341.5762,45.0742,51.324
373.466,341.3395,45.1879,50.9667
373.5647,340.8219,45.1906,50.8704
374.8107,340.1207,44.7236,50.6457
376.1709,339.1702,44.1725,50.454
376.4133,337.2543,44.2688,50.4497
377.0029,335.0874,44.6213,50.467
377.1321,333.8717,44.412,50.2296
376.6806,334.6263,44.5504,49.8423
375.8999,332.1147,44.2291,49.9256
375.181,330.6555,44.0207,49.7513
373.5585,328.845,43.9324,49.6146
372.9385,325.9499,43.6773,49.7912
370.5805,324.567,44.1555,49.9229
369.6681,325.1375,44.6556,49.8096
369.5568,323.5453,44.3926,49.3091
367.1784,321.7366,44.2025,48.7152
364.4177,320.4689,44.1132,48.2364
361.706,319.0148,44.0552,47.4347
357.5715,315.4675,44.1487,48.0302
356.9336,316.1857,44.2242,48.0966
354.1933,314.3545,44.3221,47.8174
351.4591,312.7234,44.2199,47.4663
348.0839,311.9371,44.1111,47.0373
344.371,310.5977,43.6845,46.6202
341.2955,309.3913,43.7885,46.3365
340.9259,310.1403,43.6397,45.9175
340.2124,309.6485,43.5332,45.7948
339.8394,309.9907,44.0612,45.9537
339.0625,310.4082,43.7808,45.6271
337.5359,310.5275,43.0045,45.501
336.3489,310.0334,42.3654,45.5227
336.4923,310.3386,42.0475,45.1603
335.4527,309.7621,41.6113,45.244
333.6871,310.3777,41.6529,44.9177
332.3204,310.2237,41.8319,45.1619
331.6127,310.9505,41.6317,45.3342
330.2213,311.2105,41.4295,45.0739
330.0652,311.0082,41.2534,44.9021
329.6811,311.9052,40.9676,44.7476
329.3422,312.3027,40.9408,44.266
329.8677,313.014,41.4615,44.0784
329.0154,313.6135,41.2119,44.003
328.2753,314.0436,41.0501,43.6844
328.0757,313.6769,40.7882,43.561
327.0333,313.7599,40.9196,43.5436
326.0721,312.8842,40.3884,44.1355
325.7374,313.4537,40.5638,43.4836
325.56,313.0565,40.7267,43.3572
325.852,313.6715,41.0663,43.2129
326.1218,314.1537,41.3683,43.2266
328.2827,313.4063,40.0317,42.9214
326.6853,314.9156,40.2849,42.3896
327.6055,315.0801,40.9447,41.798
328.4209,315.6229,41.4745,41.3683
327.4932,314.6111,41.0076,41.3021
327.8757,315.2222,40.9061,41.0058
328.7043,315.264,40.7259,40.8597
330.1517,314.3774,40.5223,40.7591
331.7381,312.7665,39.6784,41.1585
332.5881,312.4944,39.2352,41.0708
333.4901,312.6945,38.9326,40.7755
333.6902,313.5832,38.8178,40.4153
333.3275,312.0752,38.8782,40.1126
331.4646,310.1521,39.1436,40.0871
330.3491,307.243,39.1166,39.8359
331.4339,304.7449,39.0299,39.4492
331.0942,302.2588,38.852,39.7909
330.7789,301.3375,38.7084,39.8627
329.6329,298.0359,38.8995,40.1222
327.909,294.0327,38.447,40.3421
324.3866,290.33,38.3959,39.32
322.0214,285.9238,38.2118,39.4426
317.6391,282.4768,38.078,39.4487
316.2706,279.8245,37.7451,40.2136
313.0824,276.2487,37.9359,39.7172
308.637,273.1736,38.1495,39.4691
305.3282,269.1734,37.8106,39.4584
301.9001,265.0103,37.5774,39.2922
298.3788,261.3744,37.0171,39.3111
296.7375,258.5907,36.6021,39.4153
294.4722,255.5247,36.2813,39.9009
290.6988,253.4719,36.509,40.0854
286.3166,250.9188,36.4533,39.8191
282.9852,247.4644,36.2596,39.7284
278.4422,245.6027,36.5423,39.8056
276.5885,244.4751,36.3113,40.0752
272.669,243.334,36.0759,39.9075
268.2306,241.0112,36.211,40.3268
262.643,239.77,36.5592,40.0586
257.3617,237.9505,36.5592,40.057
251.2134,236.7002,36.9829,40.1723
249.0983,234.4554,36.4269,40.2632
244.6566,234.3192,36.5963,40.1022
242.6159,235.5188,35.3973,40.6404
239.5387,236.7533,34.422,40.6098
234.9407,239.1895,34.7235,40.2293
231.945,241.0099,34.318,40.213
231.835,241.7463,33.945,40.1196
229.717,244.9775,34.7029,39.607
229.8988,248.3696,34.6276,39.4037
228.9277,252.6191,35.0614,39.3993
231.1467,256.9045,35.1827,39.6844
232.6099,261.674,35.5934,39.697
232.0165,264.7178,35.757,39.4846
234.7573,269.091,35.7844,39.6187
235.7537,274.7437,36.8344,39.81
240.3394,282.6863,37.7724,40.0668
246.8837,288.3084,38.217,40.0321
250.4466,297.6133,39.095,39.6278
251.2922,300.2168,39.2352,38.9026
256.1257,304.4758,39.5916,38.9372
259.2926,309.7308,40.4865,38.6555
262.3881,315.0767,40.5137,38.4435
264.2844,318.718,40.9729,37.7767
265.7277,322.5374,41.3792,37.1049
265.8669,324.6574,41.7789,36.2539
266.379,326.3432,42.1007,35.5015
263.8197,326.8296,42.5647,35.0223
259.5506,326.6624,43.275,34.776
253.7451,325.678,43.1831,35.0091
247.2844,323.76,43.3585,35.4442
245.543,322.8671,43.281,34.9237
240.1786,321.2077,43.5674,34.9757
234.8737,319.3737,43.6305,34.903
229.1353,317.6351,43.8701,34.942
223.0371,315.9091,44.0579,34.8887
215.6234,312.6091,43.74,34.1811
214.0066,311.7304,43.7472,33.5697
209.3524,310.2633,44.4086,33.521
203.1133,309.3747,44.9202,33.9042
194.4956,307.9794,45.6638,34.061
187.0184,307.7809,46.9159,32.6432
178.3396,305.3647,46.6519,32.5307
177.3682,303.8015,46.0422,32.2632
171.0251,304.8215,46.846,31.5712
163.843,304.5024,47.6294,30.591
155.8461,303.9971,47.927,29.7769
149.1379,303.293,47.3667,29.4175
142.7111,302.8734,47.5027,28.834
141.2746,300.841,47.3979,28.8357
135.3882,300.5544,47.5338,28.6353
129.8077,299.8932,47.8594,28.3978
124.0933,300.6574,48.7653,28.2989
119.2562,300.4935,48.6654,28.6205
118.8086,301.0738,48.7276,28.9648
118.1617,301.4984,48.8474,29.1284
123.5862,304.0556,48.7466,29.1947
130.9977,310.282,49.3627,29.1532
142.8964,316.4325,49.6005,29.01
159.5007,326.4167,51.4422,28.5467
177.9603,332.3579,50.3054,29.6311
182.1065,334.1492,50.6541,29.6778
193.0588,340.4789,50.6807,30.5446
206.5705,346.4831,49.9276,30.6095
215.9605,352.1956,48.9679,30.6312
222.9196,357.4532,48.4477,30.4643
228.8365,359.401,47.3868,30.7133
230.4369,360.4279,46.524,30.7744
233.5392,363.0138,46.661,30.545
236.5916,365.4457,46.3964,30.5802
240.7245,367.2406,46.1037,30.6137
245.2708,369.786,46.2022,30.6904
251.0164,371.9066,46.4898,30.512
259.261,376.9567,45.8961,30.204
261.2901,376.9707,45.0619,30.2236
270.4892,378.397,45.5011,30.4661
279.9553,380.3388,45.9138,30.9
288.9282,382.8251,46.1159,31.3523
299.6236,388.5588,46.237,31.2893
309.3137,390.3883,45.977,31.5618
309.8912,391.6837,46.0071,31.595
318.8467,393.5491,46.1769,31.9851
324.5646,395.2512,46.0094,32.3517
330.6175,397.7293,46.0709,32.451
337.1865,399.8911,45.8672,32.4772
342.7427,402.2988,46.1337,31.9732
344.6125,404.5338,46.8441,31.9263
350.6604,406.3793,46.5216,32.1393
357.1809,407.8527,46.7031,32.1117
368.0287,409.4734,46.305,32.6328
375.5111,411.3669,46.5404,32.924
384.9531,414.4558,47.5581,33.6031
385.3831,415.5363,48.1444,34.1731
392.2459,417.8817,48.0401,33.667
400.6416,419.7065,47.9632,33.1534
412.255,421.7859,47.576,33.0208
421.3328,423.7625,47.6944,32.7428
432.4568,426.1596,47.7308,32.7432
433.5039,427.7731,48.3718,32.744
441.3173,429.0799,49.4159,32.0693
450.3763,430.2284,48.9316,32.0544
459.1416,431.1819,48.3895,32.1298
467.3765,432.5919,48.388,31.7275
474.8862,433.7741,48.5742,31.3515
476.5529,433.4174,48.9455,32.2319
479.1268,433.5975,48.2423,32.4299
490.3852,434.0164,49.0344,32.4423
498.9978,434.2994,48.2955,31.8249
515.164,433.4445,48.6593,32.0063
528.1115,432.8587,47.6365,32.0706
529.8693,432.9152,47.4007,32.7181
541.9141,432.6284,47.1707,32.4453
554.3074,432.1589,47.203,31.7408
566.643,431.0137,46.9387,31.5448
578.2151,430.1761,47.2202,31.3613
590.4155,429.2791,48.2593,31.304
592.1212,428.1014,49.0507,32.1042
601.1873,427.4217,49.2111,31.6714
610.8791,426.7172,48.6525,31.3886
617.7655,424.2798,48.8354,31.4207
621.9825,420.3433,49.0153,32.2021
621.6997,418.759,50.5376,32.5238
620.9248,418.1319,51.4884,32.6854
620.2363,416.7767,52.3176,32.9493
619.9402,415.4288,52.3564,32.9432
618.2503,413.692,52.6283,32.8123
615.8584,412.6612,52.9326,32.759
613.4732,411.8974,52.7698,32.5781
613.067,411.632,52.6836,32.4438
610.2443,410.5988,52.3464,32.183
606.1517,409.7725,52.0657,31.947
601.6561,408.2229,52.293,31.7819
595.5788,407.4788,52.3043,31.448
590.9235,406.0701,52.1628,31.5308
590.3994,405.9106,52.2398,31.8288
587.9772,404.5691,51.9687,31.7227
582.9756,402.4519,50.4252,32.4605
578.3286,400.2665,49.6431,33.0049
572.7534,399.5155,49.2198,33.0574
569.1906,398.7959,48.8702,33.3636
569.8715,397.8279,48.1519,33.639
566.0111,398.0423,48.4747,33.6339
563.0621,396.2133,48.4259,34.2579
559.1746,396.2518,48.7014,34.1877
556.014,395.7575,48.9107,34.185
552.2368,394.8622,49.1439,34.2385
551.9575,395.0749,48.9643,34.3079
548.4692,393.9947,49.1666,34.4257
546.2269,392.6644,49.2019,34.7745
543.7049,392.199,49.0129,34.9307
542.1847,391.2819,48.4484,34.9008
540.0283,391.5983,48.2762,34.8821
540.0087,391.7141,47.8729,34.857
538.4672,391.2966,48.4342,34.7232
537.2923,391.0007,49.3087,35.478
534.3255,388.8467,47.8244,37.5018
532.479,388.3241,48.1607,37.7075
531.3797,388.2409,48.3647,38.0451
530.9741,388.2743,48.3636,38.2632
529.8503,388.8718,48.1317,38.3311
529.1843,388.7472,48.3273,38.18
530.2459,388.845,48.2515,38.5438
530.9972,389.5872,49.2213,38.6517
533.2198,390.0371,48.4165,38.7105
533.6137,389.7842,48.0976,38.6823
534.5383,389.8971,47.804,38.6205
536.9721,389.6264,47.3656,39.4785
539.6199,389.4269,47.6071,39.0987
543.1893,389.5954,47.5629,38.9184
545.3539,389.7988,47.8636,38.8414
545.3117,390.502,48.31,38.5622
550.3955,389.8193,48.3311,38.4625
556.3623,389.6471,48.3015,38.344
561.7951,389.832,48.2673,38.3781
567.0331,390.3122,47.9685,38.2663
573.1281,389.0515,47.8136,38.1104
574.5004,390.1563,47.2186,37.6505
579.6969,388.6161,47.7431,37.2073
585.2211,387.1378,48.2487,37.0193
592.1743,386.1918,48.6996,37.2365
599.7851,385.5117,48.6132,37.7652
607.1778,383.6798,48.4931,38.0342
611.4168,383.4053,48.8883,37.5014
617.1029,382.5789,49.7491,37.3551
623.9386,381.903,49.6162,37.5632
629.9986,381.116,49.6915,37.6945
635.3836,379.3389,49.7156,37.2972
638.9124,377.2006,49.3403,36.961
639.3444,377.6288,49.3236,36.6072
641.8391,374.9657,49.217,36.1685
645.0192,373.4037,48.9921,36.1213
648.1633,371.2449,48.8257,35.8822
650.6517,369.2241,49.5744,35.9086
651.7063,367.6506,49.7511,36.1079
652.6712,367.621,49.8263,36.419
654.1364,365.4307,49.7912,36.1767
655.6876,363.6966,49.5659,36.0889
656.2791,361.4721,49.658,36.0168
655.3952,360.7557,49.9058,36.4285
654.2115,358.1226,50.0464,36.5156
653.9705,358.0644,50.2032,36.5232
652.5218,355.9931,49.9051,36.1947
649.3809,354.8798,50.0798,35.9779
645.9523,352.9909,50.4905,35.6462
642.2658,350.8481,50.9996,35.4197
638.6934,349.0505,51.2313,35.5786
638.6599,348.5819,51.1066,35.7396
634.6748,347.8749,51.0845,36.0728
630.9781,346.6684,50.3014,36.6205
627.1228,344.3179,50.5958,36.191
622.6629,343.0548,51.6506,35.6613
618.4447,341.3902,52.0285,35.4882
618.3358,341.4363,51.7667,35.1529
615.5536,339.8047,51.905,35.0102
614.8443,338.6607,51.5511,34.7665
613.6991,337.444,51.2371,34.7195
612.275,336.3768,51.1674,34.557
611.7034,335.7358,51.0388,34.3099
611.4426,336.2757,50.9571,34.3445
611.7844,335.4738,50.9689,34.1911
612.4715,335.6473,51.2745,34.4367
613.9868,335.4051,51.5757,34.6283
614.8605,334.9221,51.6857,34.6139
617.5984,334.8413,51.5439,34.8557
617.3872,335.3809,51.6835,34.8175
619.3178,335.6307,51.3076,34.8704
621.6019,335.2264,51.7246,34.941
623.6969,334.9041,51.7177,34.9178
625.6313,334.3698,51.5443,34.832
626.155,334.8382,51.8152,34.7659
626.8534,334.4676,51.964,34.6667
627.1644,334.2031,52.0318,34.646
627.7288,332.8555,52.1145,34.4781
628.3374,331.5101,52.1431,34.4753
627.1697,330.0238,52.1791,34.2671
626.7888,327.4014,52.1995,34.1236
627.0831,327.5119,52.3802,34.1252
626.2329,326.1555,52.2308,34.0076
625.7398,324.2486,52.0015,34.1968
624.3108,322.8104,51.8597,34.1569
